Sample	Known Splicing Junctions	Partial Novel Splicing Junctions	Novel Splicing Junctions
GRASO_121	134460.0	17760.0	29893.0
GRASO_122	132562.0	18078.0	31986.0
GRASO_123	127922.0	17117.0	23712.0
GRASO_124	117525.0	10001.0	22052.0
GRASO_125	135940.0	20969.0	33310.0
GRASO_126	131741.0	16919.0	29948.0
GRASO_127	135698.0	20031.0	34581.0
GRASO_128	132485.0	17648.0	30330.0
GRASO_129	81839.0	5179.0	19828.0
GRASO_130	133067.0	18577.0	28820.0
GRASO_131	132246.0	18190.0	27062.0
GRASO_132	129946.0	15508.0	22874.0
GRASO_133	129837.0	16774.0	23768.0
GRASO_134	121007.0	11387.0	17423.0
GRASO_135	121329.0	11756.0	21315.0
GRASO_136	132280.0	16947.0	24338.0
GRASO_137	104146.0	6824.0	20175.0
GRASO_138	128676.0	15274.0	26729.0
GRASO_139	121757.0	10887.0	26264.0
GRASO_140	131329.0	17243.0	30554.0
GRASO_141	127471.0	14742.0	29663.0
GRASO_142	132970.0	17638.0	27990.0
GRASO_143	96092.0	5739.0	20127.0
GRASO_144	89671.0	4178.0	15652.0
GRASO_145	148757.0	36548.0	70788.0
GRASO_146	119889.0	12149.0	23922.0
GRASO_147	122999.0	12748.0	20944.0
GRASO_148	128800.0	15617.0	22985.0
GRASO_149	122588.0	11878.0	18711.0
GRASO_150	131889.0	18229.0	31575.0
GRASO_151	126637.0	15141.0	22649.0
GRASO_152	132846.0	18529.0	31883.0
GRASO_153	131068.0	16406.0	31277.0
GRASO_154	111782.0	7375.0	10180.0
GRASO_155	138949.0	21898.0	37547.0
GRASO_156	109436.0	8240.0	14411.0
GRASO_157	125203.0	12590.0	25400.0
GRASO_158	120422.0	11736.0	19708.0
GRASO_159	137425.0	22062.0	35943.0
GRASO_160	132795.0	18139.0	26896.0
GRASO_161	122916.0	11818.0	24847.0
GRASO_162	129854.0	15991.0	28859.0
GRASO_163	123326.0	12472.0	20159.0
GRASO_164	121367.0	11567.0	19048.0
GRASO_165	128797.0	16582.0	24971.0
GRASO_166	125224.0	13621.0	22896.0
GRASO_167	115727.0	8667.0	20145.0
GRASO_168	130688.0	14248.0	22969.0
GRASO_169	98312.0	7755.0	26552.0
GRASO_170	129801.0	15686.0	23810.0
GRASO_171	129874.0	16314.0	24855.0
GRASO_172	118703.0	10700.0	15894.0
GRASO_173	119498.0	9988.0	15555.0
GRASO_174	124543.0	12302.0	15379.0
GRASO_175	118912.0	11328.0	19378.0
GRASO_176	124255.0	12482.0	16397.0
GRASO_177	123104.0	11900.0	15699.0
GRASO_178	130737.0	15377.0	25694.0
GRASO_179	133026.0	17406.0	36542.0
GRASO_180	128345.0	14976.0	24834.0
HIGADO_01	109113.0	10227.0	10959.0
HIGADO_02	114315.0	12657.0	14112.0
HIGADO_03	112277.0	10978.0	11821.0
HIGADO_04	111187.0	11138.0	13063.0
HIGADO_05	114143.0	12206.0	12287.0
HIGADO_06	112446.0	11724.0	12867.0
HIGADO_07	117744.0	14657.0	16295.0
HIGADO_08	113313.0	11841.0	13151.0
HIGADO_09	110855.0	10535.0	12378.0
HIGADO_10	114129.0	11509.0	13408.0
HIGADO_11	116944.0	13399.0	15066.0
HIGADO_12	114029.0	12007.0	14220.0
HIGADO_13	119426.0	14958.0	17121.0
HIGADO_14	119655.0	15545.0	16821.0
HIGADO_15	120521.0	15371.0	16327.0
HIGADO_16	110332.0	10439.0	11614.0
HIGADO_17	117350.0	14063.0	15610.0
HIGADO_18	117624.0	14274.0	17015.0
HIGADO_19	116866.0	13900.0	14746.0
HIGADO_20	110727.0	11452.0	12311.0
HIGADO_21	123049.0	18390.0	21631.0
HIGADO_22	103749.0	8253.0	9050.0
HIGADO_23	115109.0	13696.0	15183.0
HIGADO_24	117973.0	14134.0	15128.0
HIGADO_25	104924.0	8423.0	9010.0
HIGADO_26	112625.0	11676.0	11791.0
HIGADO_27	115370.0	13664.0	14498.0
HIGADO_28	108057.0	9652.0	9942.0
HIGADO_29	110341.0	10237.0	10943.0
HIGADO_30	110596.0	11350.0	12478.0
HIGADO_31	106504.0	9662.0	10781.0
HIGADO_32	109772.0	10409.0	11446.0
HIGADO_33	112417.0	10857.0	11489.0
HIGADO_34	119546.0	15034.0	18152.0
HIGADO_35	106858.0	10172.0	11454.0
HIGADO_36	111823.0	11529.0	12619.0
HIGADO_37	107275.0	9771.0	11485.0
HIGADO_38	108981.0	10019.0	10644.0
HIGADO_39	111297.0	11197.0	12270.0
HIGADO_40	109217.0	10373.0	11311.0
HIGADO_41	116155.0	13401.0	15554.0
HIGADO_42	116733.0	13326.0	15828.0
HIGADO_43	115198.0	13019.0	14825.0
HIGADO_44	108670.0	9985.0	11253.0
HIGADO_45	110367.0	10727.0	13212.0
HIGADO_46	110217.0	10009.0	10543.0
HIGADO_47	106876.0	9084.0	9693.0
HIGADO_48	106911.0	9737.0	11116.0
HIGADO_49	120525.0	15339.0	16597.0
HIGADO_50	110444.0	11100.0	11660.0
HIGADO_51	108792.0	10084.0	12435.0
HIGADO_52	113963.0	12079.0	13909.0
HIGADO_53	108320.0	10040.0	11043.0
HIGADO_54	113931.0	11306.0	11657.0
HIGADO_55	110656.0	10132.0	11558.0
HIGADO_56	107373.0	9210.0	10327.0
HIGADO_57	109663.0	10437.0	12264.0
HIGADO_58	112816.0	10923.0	11969.0
HIGADO_59	110993.0	11125.0	11754.0
HIGADO_60	108995.0	10344.0	11773.0
MUSCULO_100	124309.0	18272.0	23421.0
MUSCULO_101	115777.0	13766.0	15267.0
MUSCULO_102	105727.0	9763.0	10368.0
MUSCULO_103	104617.0	9241.0	10684.0
MUSCULO_104	115539.0	12442.0	14653.0
MUSCULO_105	110384.0	11828.0	14466.0
MUSCULO_106	106455.0	9635.0	11762.0
MUSCULO_107	115238.0	12556.0	15409.0
MUSCULO_108	118779.0	15431.0	18400.0
MUSCULO_109	111504.0	11231.0	12097.0
MUSCULO_110	111032.0	10998.0	12149.0
MUSCULO_111	109343.0	10228.0	12103.0
MUSCULO_112	111731.0	11905.0	13817.0
MUSCULO_113	115048.0	11424.0	17213.0
MUSCULO_114	111466.0	9857.0	14203.0
MUSCULO_115	117787.0	13032.0	17407.0
MUSCULO_116	119550.0	16239.0	20247.0
MUSCULO_117	105000.0	9889.0	11371.0
MUSCULO_118	115014.0	13147.0	13992.0
MUSCULO_119	109585.0	10492.0	13010.0
MUSCULO_120	115412.0	12424.0	13673.0
MUSCULO_61	117151.0	14534.0	16690.0
MUSCULO_62	122153.0	17678.0	19732.0
MUSCULO_63	119135.0	15533.0	17849.0
MUSCULO_64	109921.0	11164.0	12087.0
MUSCULO_65	108311.0	10022.0	11184.0
MUSCULO_66	112621.0	10355.0	12587.0
MUSCULO_67	105267.0	9670.0	11105.0
MUSCULO_68	104115.0	9486.0	11152.0
MUSCULO_69	108921.0	9954.0	12070.0
MUSCULO_70	107553.0	9705.0	11645.0
MUSCULO_71	112576.0	10954.0	12425.0
MUSCULO_72	102061.0	8201.0	9513.0
MUSCULO_73	113921.0	12820.0	14823.0
MUSCULO_74	120126.0	13353.0	16477.0
MUSCULO_75	113252.0	12087.0	13703.0
MUSCULO_76	119753.0	12459.0	14518.0
MUSCULO_77	124009.0	17586.0	21032.0
MUSCULO_78	118915.0	15277.0	17605.0
MUSCULO_79	114443.0	13039.0	15328.0
MUSCULO_80	111658.0	10725.0	12969.0
MUSCULO_81	111394.0	11393.0	12762.0
MUSCULO_82	112946.0	12632.0	15158.0
MUSCULO_83	119846.0	14974.0	18605.0
MUSCULO_84	118273.0	14020.0	15432.0
MUSCULO_85	116527.0	13293.0	15121.0
MUSCULO_86	110210.0	10945.0	12635.0
MUSCULO_87	116910.0	12673.0	14711.0
MUSCULO_88	116127.0	13188.0	17452.0
MUSCULO_89	107347.0	10023.0	11394.0
MUSCULO_90	125581.0	20368.0	25118.0
MUSCULO_91	118475.0	14727.0	16861.0
MUSCULO_92	118774.0	14518.0	17280.0
MUSCULO_93	114055.0	13154.0	16037.0
MUSCULO_94	108962.0	10580.0	13232.0
MUSCULO_95	117018.0	14448.0	16705.0
MUSCULO_96	115823.0	12050.0	18392.0
MUSCULO_97	102776.0	9276.0	12127.0
MUSCULO_98	117964.0	13979.0	19677.0
MUSCULO_99	116674.0	14153.0	16846.0
