Sample	10	11	12	13	14	15	16	17	18	19	1	20	2	3	4	5	6	7	8	9	MT	X
GRASO_121	1.5167755432537318	0.613235947170823	3.624281786114883	0.40578506516651697	2.3734374122956448	0.43303035361661296	0.4404291962758268	0.6269540078974608	0.49212786470204206	0.9968906292118258	1.0581459114562033	1.2267989970222037	0.5721190210061083	0.63562437496905	0.5635441614021945	0.7853430218367669	1.9595750582263063	1.3292293038369036	1.2004952176061827	0.6790723591197861	5997.239011814245	0.59095445098216
GRASO_122	1.194029992071144	0.6069338464467601	6.114593289409278	0.3799171385172982	1.7470849078626827	0.4114490556523488	0.43331144434796887	0.6154729951781304	0.5068092877658542	1.0453175528337324	0.8261549227284293	1.313727604999739	0.5500790888860444	0.5777674845301117	0.571576239746177	0.5885776245574054	1.9451340137487578	1.827984375665636	1.3093545523134782	0.6317373017495108	4334.1265823242775	0.8332788678719876
GRASO_123	1.7477608856761122	0.5953995588903057	6.520783418201652	0.13018803753288857	2.7911590719689197	0.3226137285099755	0.13181806024295467	0.4007934038873408	0.29164933191759207	1.099570866984586	0.5146294414487141	0.33975361428502215	0.7318198085094703	0.43265190865826525	0.302281101223136	0.35359940580868987	3.6359894344328754	1.8110956145703205	0.9113653120398555	0.5423830390152851	885.9556338922407	0.7107775166745814
GRASO_124	0.9998898988838232	0.5150762271420287	7.534968391286572	0.29118534647873	0.9658322446055042	0.2819182720183319	0.3663209981064175	0.457818863061409	0.3702545388558012	0.9989166497369646	0.6867815242424135	0.8147800939699545	0.5540383501685194	0.46399322986174063	0.45634306536171937	0.5686289276827058	2.433317113520006	2.454568819576611	1.4730931798429618	0.4348666573907872	6541.228828182187	0.9517843825136079
GRASO_125	1.523863524920813	0.6039918168242995	4.628436757655742	0.41181701608866317	1.4845215328950456	0.4930141525028654	0.39069691802511297	0.7341243747406364	0.5483209433123671	1.1905483451985996	0.8854957809592133	0.9648325978088028	0.6287617212893051	0.6303207271433453	0.5639605124481198	0.6387639219086129	2.2575504972095444	1.6040215741091126	1.2101026566744522	0.662764103715503	3738.48299226909	0.8922814725289464
GRASO_126	1.0687524997034754	0.41712362922821294	7.0339618238444865	0.2468390674180123	2.2689358939505895	0.3117984122264771	0.26023703552127225	0.47596185716470796	0.3481041975126036	1.3396325382703125	0.6945819037766099	0.6164918892739669	0.46279813183210355	0.42242876074614916	0.39297896575083807	0.5085757319934687	3.1719585821613125	1.6703861853662045	1.4189503698713395	0.4690684651253196	4520.326338997638	0.7721938368729251
GRASO_127	1.2192596893579482	0.5954742704467069	4.518267714562121	0.39879392611086933	2.293133035007724	0.406931465805667	0.48402006101905837	0.6243243403677582	0.4911835345580825	1.1332264778539891	0.9310316614343829	1.257045619416374	0.544504229802853	0.5996980603225078	0.576922243135178	0.6503595732435958	2.0491447001103382	1.5156674555065983	1.3176249072976571	0.6481244353528552	4283.8322675500085	0.8016207622641783
GRASO_128	1.4704907226237607	0.4753335787476652	6.204259898081134	0.29807374711950324	1.8106613119578074	0.38408785006513796	0.3381195974074072	0.6499127047696375	0.4716465081263182	1.1888992430129095	0.8158499858879681	0.699462775984389	0.540050376618204	0.5380428290111786	0.5398141742142526	0.5399408615604041	2.7072415243481855	1.718378889110535	1.1575758189863936	0.6363956709727272	3086.538441369338	0.7397773279015398
GRASO_129	0.5839976695313822	0.17964005935905608	2.8617630036059745	0.05859884540305408	9.227385352807671	0.10874979812285623	0.11881956049121528	0.14037857994318004	0.09409311668905576	0.631636041531204	1.2576973620912513	0.2625330660126014	0.19997914353536164	0.17264359672466703	0.15214583780940208	1.1735472681446446	2.5426053764000094	1.1992393602249234	0.47153182766535434	0.24868873712303435	411.1082116396579	0.3465611220938193
GRASO_130	1.5213816975715753	0.610504639400844	5.354096348108136	0.3644943230516051	1.2131647955309572	0.3575379609945057	0.4653284027204757	0.6109979658382406	0.4927689830323692	1.2988772455575595	0.9510733171617872	1.477241707012153	0.551975077640585	0.6179924787511032	0.5750085864851823	0.5970711087582565	2.211274770038999	1.8146415130605076	1.277894534032046	0.6605248440108701	3002.3029445384404	0.7439996563976792
GRASO_131	2.2117705710151245	0.5722380455569849	4.675448111820955	0.2680011707594749	1.8049808150530413	0.288384451514612	0.36726919197593233	0.5149386038581797	0.39419521142506375	1.1635031190542096	0.8701874938211309	0.924549109952514	0.6052436644297615	0.5836686677195332	0.5505022719938041	0.5387732921349402	2.6105092551512534	1.6819748377792123	1.0651774033241714	0.9461592741418252	1439.702329519854	0.6591039428259965
GRASO_132	1.6366289154824707	0.6200499629868473	5.479094777093101	0.320629875383381	1.0080349421595087	0.33556241455319785	0.40480282329495737	0.5755983833997855	0.4648184837610167	1.4063169307860668	0.9241780959267885	1.444857765571796	0.5577603237428606	0.5486247093668353	0.5282630426282461	0.5369564777975656	2.448225553150728	1.9520953339504183	1.3134409193753003	0.6259161673072094	2333.3742931197303	0.8054660001799169
GRASO_133	1.6645870439437123	0.5732554919825283	6.402627274710624	0.2895969726951888	1.1362482328069832	0.3017276337671882	0.4043978172675105	0.540441994788598	0.4472373672322952	1.3683298428646307	0.9324598688073953	1.1542657781005603	0.509991833688864	0.502346523482819	0.4975942979416045	0.5323779990413684	2.4796571235620677	1.8969261491737106	1.3262800181829741	0.5591225870411854	2815.870704935129	0.7785297089391837
GRASO_134	1.5848305866393135	0.6349344679879811	4.351440245266777	0.42104023833942533	0.9721846824475743	0.404328071963216	0.5661657263742602	0.6465412443923431	0.5457024459870733	1.0421624296363179	1.1226920663943678	1.3274221758821971	0.5581352362042602	0.6425213208429902	0.6256021591730093	0.6587251048588793	1.8780624243827515	1.5435259990474257	1.407822663543955	0.6665324114984433	7344.850082633744	0.6984968700369496
GRASO_135	1.159289684126775	0.6189329558498826	5.630426607835539	0.41021389289664933	0.9835209716973797	0.38499614566270296	0.47902787576438643	0.6325987421305292	0.5100627442201269	1.0708747288021563	0.8135148810096772	1.0100611115483522	0.6266246717669457	0.6174058239801584	0.6000684262500542	0.5975309286868129	2.0615535510895597	1.945085001347233	1.5315307797757078	0.602847971497681	5726.696144275342	0.9033402788949513
GRASO_136	1.685136411562821	0.5198997161701692	5.946198092983603	0.24090307793801283	1.7845358860340428	0.2820629204209945	0.2947964497886004	0.5485212168884382	0.4216996157997627	1.289047549751377	0.8669877550256403	0.7560053624936864	0.5345331877264068	0.5156894621995447	0.4932194317377737	0.5931594555144806	2.9293043471235434	1.6927881880815816	1.1141859662979383	0.7080556831499153	1264.8288817552893	0.7558160535658579
GRASO_137	1.0850738169570497	0.5458809787322109	6.061891331758728	0.3769687632387745	1.5943816683051466	0.34944881054837945	0.4195035010175531	0.5342224517675002	0.47003411451127153	1.0790185448783294	0.800517420497511	0.8840816419386123	0.5183390336946194	0.5203047186550634	0.5203445571954868	0.5686212365686792	2.1486073352833426	1.956724134104184	1.5439467404834848	0.5937382931691855	6043.354390504684	0.925608896637859
GRASO_138	1.3301816177592696	0.6057462025959255	4.338529018731726	0.3882688212388051	2.1683116961561466	0.42826132544492895	0.46584822311313206	0.6446236863839435	0.5231363514417011	0.9370728861460415	0.9648109820826014	1.3787209148437343	0.5338591322465392	0.5964379286223086	0.5971295179817215	0.6723166514700627	2.383483720237773	1.3952507465864896	1.1598665065574936	0.6546517959907023	5583.43163367368	0.5861760554662188
GRASO_139	1.279264135732856	0.6418586706528544	4.580489950450564	0.42465967527092485	1.2355100832078785	0.4489073783729061	0.4806258449750322	0.6973986774125346	0.5729001137842026	0.9309318706726046	0.9011858916384466	1.417681410126379	0.5901865837228786	0.6289016869956163	0.6168325266108559	0.665883237131733	2.2238396287002473	1.865000334632773	1.288326881052039	0.6683196840115386	5314.547475999499	0.6710653141353715
GRASO_140	1.2165506944176112	0.5522795761809473	6.46946415593796	0.32556525978770867	1.368948588328404	0.3482982019814115	0.3985103978073322	0.6597746569017581	0.510713405697724	0.9376183558062758	0.8645417548242255	1.0451004537429998	0.5290292452570274	0.5093488756920751	0.515671248507765	0.5557902391930545	2.5451662467917435	1.9001593507919696	1.2363392686086552	0.5420126201855864	5877.447091707867	0.7104317957719294
GRASO_141	1.1323695708767871	0.5129892035700417	6.665160258524724	0.30304070464355304	2.2246547820753757	0.35715767080914046	0.3752193401410069	0.6039151456776173	0.46147396518446915	1.052232310530728	0.7607376111557446	1.037130995967795	0.4929850802712798	0.48748505422182487	0.4933171942332569	0.5352170250322156	2.7390284088227737	1.7162995333601996	1.1665310796904946	0.5499352046966659	3594.024707316765	0.7386456649765905
GRASO_142	1.1297729285080593	0.607931736653298	4.656746104994643	0.38416379367191067	1.8659936194514435	0.3890789235785619	0.439744836798589	0.6599159510657179	0.5378686255728342	0.9577432786119463	1.078898386867284	1.3054815290910697	0.537785109738707	0.5684543092079898	0.5510182347373629	0.6958275688748866	2.5059458475266485	1.5305296067812377	1.2655553247617415	0.5726644972354299	3566.0346721980563	0.6795094592100787
GRASO_143	0.5437015697497868	0.18213266509501128	2.5833430389531253	0.06549696113200637	10.586518230725208	0.08590852541746241	0.10092586916381639	0.15278520415222277	0.11419956955045811	0.3691809958964198	1.2009911843599212	0.29541377016558523	0.18405660752876576	0.16312997894123932	0.15985448199602575	1.1757276719705667	2.2160068911770403	0.9408471405232447	0.4294657026404707	0.24250080587806547	215.55243228166125	0.3055929005098381
GRASO_144	0.20763953246742134	0.0817838673320311	0.6436883811083477	0.05908458970346992	11.380255718191753	0.063499241182618	0.06848768483905249	0.0743015673412794	0.08037258042688501	0.6288900194111748	1.5766004716713042	0.2167703840472897	0.12328118837404732	0.07949345626334778	0.08473995594401533	1.2038207028210255	2.0610417400976253	0.22648567665080702	0.3069998375214915	0.21256419018288403	10613.342885199256	0.11233763727576644
GRASO_145	1.1777251957620036	0.543689289697211	4.693731556482898	0.38349828053754564	2.3310977564157858	0.4313480907054651	0.4668829802617057	0.6618341155079513	0.4997739416727305	1.262241568109234	0.9345492524716822	0.9990768244266929	0.5564416712407143	0.5971325818457888	0.5474842874843989	0.6241540779957733	1.8581963582089553	1.6963401898830894	1.3097572806174274	0.6189763130508017	4600.834865135626	0.840204865354557
GRASO_146	0.6940750164443901	0.4421685878044126	3.578750294705989	0.22929298542872728	3.8456008257308714	0.22637109772363115	0.27568300370529747	0.3753318524587127	0.3077312430814981	0.831185254002497	1.0046331403299762	0.8711497730131065	0.47024515555830426	0.36162938777257275	0.3242258604417353	0.8853507422846392	2.1291720698810814	1.1709793584129433	0.9786447168527183	0.33952185933407564	21611.93921503715	0.5898390300393771
GRASO_147	1.0804978591790309	0.6114055292502101	4.867044051049595	0.3929259176774802	1.681293656536718	0.3589342744956361	0.48026110220241747	0.5960999266499418	0.4589801735026923	0.9720188431349301	0.7912704791004426	1.1021999046478854	0.6676706659007126	0.5928396631910694	0.5583137736239413	0.6268469640702035	1.8891363213053973	1.7123652596771382	1.3972150198835562	0.562517475514672	10722.370648118122	0.8152101208571114
GRASO_148	1.0350840681390558	0.5503229176229308	5.137955630749424	0.38323615617367524	1.6333019803741542	0.36461600359773255	0.48963836809229605	0.5824366489738689	0.4615916438893609	1.149987811796353	0.8211440414983181	1.0609454068027393	0.5695905379357624	0.5468061068040455	0.512358226702158	0.5940345881913278	1.9049555004553675	1.7046681726272903	1.405891986992023	0.5399313565426171	8957.778957106668	1.209158120133185
GRASO_149	1.2034573315128212	0.6542658853546622	4.640754812460386	0.3956586472057216	1.639184587672386	0.3879667536944216	0.4858649903213751	0.6034673960348453	0.4905874778840575	1.154054446639217	0.9330084644670562	1.23979557676098	0.625233763945994	0.5947599980446356	0.5419044285780714	0.6132298850576501	1.9657861104306527	1.4386072228109013	1.30188201099274	0.5888700315797178	10962.109965024662	0.7080095519208617
GRASO_150	0.9940748395418245	0.5813491362927773	5.775338476652618	0.3592062135918367	1.434325238018958	0.3458230176343626	0.43599907021108286	0.5854764389327263	0.4769873163751299	1.063331895308624	0.8675668591349702	1.1209248934484928	0.5635924805418386	0.5400101000822227	0.5010719637052271	0.6087487129378264	1.977442738947382	1.6490550379224063	1.3838924658019582	0.5223964047761782	12214.171129374052	0.835513459506502
GRASO_151	1.0690248940938367	0.5611822352796381	5.012944396612424	0.33802051481920725	1.347562667312066	0.32371099098380457	0.42253788343561655	0.5475998536665391	0.42823631017713115	1.1053713727600254	0.8760984836572565	1.1980119482771687	0.5796614731579568	0.5047572843554735	0.468844655272312	0.6182303348854287	2.0256760262049696	1.6069075309990914	1.309361219742849	0.5059390684209065	17432.006825344473	0.7092714677349444
GRASO_152	1.2250501542917736	0.6972746553243736	4.160809406823296	0.46855362875252105	1.0888089906605878	0.449855121503676	0.5042943998818047	0.7436798960703153	0.6233937210134888	0.9811176746316541	0.9415125922071027	1.4999834967512864	0.6005058879586024	0.6740572608244079	0.6574812821279825	0.7058792375264507	1.540668881213331	1.539849078301512	1.4612854063749492	0.7254336737801863	8466.02129767932	0.9634036688342349
GRASO_153	1.1331879057330814	0.44888245689774914	7.237083339030111	0.3020612313221347	2.2291317060142144	0.30251850828202487	0.36477955770575987	0.4772095647640737	0.38071163078755843	1.180038249466065	0.8292035497396664	0.9006942741134365	0.43995781881152646	0.4551233766996737	0.4299377457157134	0.6343777708540521	2.3104885845838394	2.0990802083149824	1.2833085459463478	0.4749251982099408	2329.9017785693422	0.844388243614579
GRASO_154	1.5085443123707858	0.6356975124737776	4.39318108713108	0.3425549834232175	2.725359786672789	0.33262197582264247	0.31957013738558604	0.5533115991087525	0.43526974221112386	0.8796205846939252	0.9677649521357501	0.6674089942821	0.7242673707132796	0.6018530982234855	0.4679766888283537	0.7304344277742892	2.4070358484667627	1.6127776394029463	1.0495762970103584	0.5905365488998581	1511.4308956206753	0.6660957757146366
GRASO_155	1.0902010601614045	0.5076065466470776	6.666453061574205	0.32149627363424826	1.6255852839772396	0.3376250221396494	0.3557310603399603	0.5488307571559349	0.4182192459164555	1.287633969232332	0.7986065971692299	0.868817411669468	0.5080450209757355	0.4835479512571584	0.44261946264766716	0.5337653767214018	2.222773101644991	2.0363941868515805	1.7302848475261805	0.5005598867143373	4125.12303645137	0.9096050593276657
GRASO_156	0.9507339246247497	0.4701486650865544	7.554631727581682	0.2567941900499121	1.4108175788483472	0.2717388317751222	0.3952506343057216	0.44391943666318234	0.321078995884121	1.2175564193960213	0.6757235822415211	0.651296353080142	0.554063331847409	0.44791684741996385	0.4445896050919262	0.46645957919091835	2.6876961852749357	2.315818229878466	1.5251903082498595	0.4245347836385169	3554.2192087027925	1.032046896276254
GRASO_157	1.2031755923455738	0.6684982057631574	4.525756698316718	0.4137665146080941	1.8602367261858856	0.3843398841677987	0.4845034312087507	0.5931288537652469	0.5000900082446955	0.9664125681127794	0.878081651981479	1.0651823624915415	0.6499537143820534	0.5949256831018976	0.542179112287907	0.636781213970999	2.184417434832756	1.6149678246822785	1.3812051275723423	0.6322326483585335	6015.317785937786	0.7788872332929071
GRASO_158	1.1705532683379496	0.5016387609056465	6.190069680804843	0.3779654172400668	0.8027331815944677	0.3536367081404617	0.5035058876472633	0.6323825722320792	0.5088021357112049	1.2199210321290628	0.9771347485246096	0.9239449796943842	0.5192087553456902	0.5126488321990152	0.5272216609655844	0.5804212865155037	2.4576779944159037	1.7293701834891029	1.5032947472808995	0.4993622872685393	6010.9464628917385	0.9256018568483736
GRASO_159	1.2073605844095543	0.5801498859577523	5.750553824274952	0.37380274414609366	1.5690144714340626	0.3712198085745077	0.46380287708426376	0.6116126462946413	0.48653754761383367	1.2110430888757875	0.8846781168001533	1.1475584608516665	0.5341659897495624	0.5511534529573248	0.5237233233676847	0.5686996274011006	1.9357562946962537	2.0932592774188934	1.4101276659690303	0.5660946160967315	4704.281814522175	0.8317879284883155
GRASO_160	1.2140939528317714	0.6015726585446136	4.4779470065404645	0.42400506383955766	1.5573647596778877	0.36734234927932824	0.6161213993361025	0.607591332051722	0.49242884481113375	1.046931752873549	0.9804306171491587	0.9681751855089076	0.582099732694392	0.641058717651348	0.6243793602634478	0.6889311105974321	1.9217344983624867	1.5724797943951625	1.3203551531399849	0.644060949589475	7520.553432394422	0.8691854408202807
GRASO_161	1.0962359116145843	0.5982743170068368	4.846615186098832	0.412575166859579	2.1944092061137535	0.3740239337078112	0.5164205346002151	0.5786981682236179	0.47274274995607757	0.8948607541049196	0.8568813470403522	0.914048897547021	0.6238429379617495	0.5825146939365873	0.58228123669709	0.6440661296864606	2.167436822335117	1.4143272983958952	1.2623857476179219	0.579076956740423	7814.197804941526	0.8327967274525514
GRASO_162	1.0758821515241168	0.6025395821327704	4.939488517959229	0.415184282438498	1.4267709890620321	0.39108736776435377	0.49408213396629264	0.6023480954506985	0.4863838803720651	1.0290220581851308	0.8585758861257637	1.1941499908749607	0.6008806202536312	0.5938304597959148	0.565179653913493	0.6574556656968925	1.6744852120018432	2.1073292218715896	1.3637883950973653	0.6092698245065962	9374.986909739593	0.7854234860935729
GRASO_163	1.0345035343995106	0.5829550575345196	5.43417738278704	0.38262341032178754	1.8712456400900859	0.34941264837374386	0.5191405812859269	0.5329527863632925	0.43002113553884724	1.0777994107224897	0.812858083270204	1.041215636827764	0.6154503929572965	0.5703837410818822	0.5396438045262351	0.6002752812313454	1.7659847862949916	1.5662322268816893	1.6413604714317176	0.5645293610051961	10498.768177848984	0.7560447664458286
GRASO_164	1.1490579857090828	0.5866105579049107	4.963562906159196	0.37243339741889786	1.2666172946630452	0.34934337776228935	0.4717979725813681	0.5646936724764412	0.4469105455140941	1.0955761893839835	0.9550066289642092	0.9453143237635616	0.6096280901894636	0.5446446513945944	0.5108063970128491	0.6016766151888853	1.9494653767644032	1.9859136983084558	1.4271554308740302	0.5103310221962993	10158.810580628915	0.8195247618464425
GRASO_165	1.0818845578799874	0.623450835093414	5.486868358671578	0.3977181455553449	1.618439444992824	0.3735800351012008	0.5054255144370476	0.588022254989595	0.46794813631163884	0.9798313791679406	0.810426584358277	1.1762666856965287	0.6304178953056447	0.6039046786816632	0.5514750875268779	0.5894846982465496	1.8393267240826667	1.777609509512181	1.441118855464148	0.5590206197393339	8414.308761033957	0.8469774136421709
GRASO_166	1.1267955581691065	0.6499307690011941	5.131492952847883	0.4256589754433793	1.403555341609217	0.40643936090860633	0.5199487061891932	0.6374903245060375	0.5196226709853575	0.9764112300950105	0.8462545064363572	1.2969907171482324	0.6386218608419925	0.6150691351134003	0.583310812326127	0.6334991786661176	1.8289079956440037	1.6327579515870871	1.450601681191887	0.6241141393750379	8412.764295392333	0.8340075126747742
GRASO_167	0.9637113960143595	0.5842596582161689	5.67553850025204	0.4063868338393766	1.3902526560185249	0.37312931590495635	0.39072974712215414	0.5415893255521763	0.44328195071875065	1.1230873324530617	0.7758635805419751	1.0824373457008156	0.5515658565393828	0.5572921021502776	0.5199537919912327	0.6301723449282374	2.300257185650879	1.8209694044746092	1.4563114268865953	0.5758895253350403	8803.038929492335	0.8329727218678485
GRASO_168	0.8842339840544768	0.4513545283151336	8.030301416631978	0.28430918829117696	1.8338130189806683	0.2752995026314401	0.31348033455910423	0.3952108497679594	0.32313671940156397	1.238558444111278	0.830000835652544	0.9017819651286478	0.39798852052777955	0.41485243473879707	0.3866218502563281	0.5972048676955084	2.487527005385249	2.164717238891365	1.353371855191319	0.45193137705162356	4387.5396258551955	0.8880614674603182
GRASO_169	0.8487912823295695	0.2553811518023407	5.699282885409664	0.09428481384807194	6.472574095545021	0.18182861924052812	0.16736603398827052	0.23731666782328584	0.15631148354640853	1.1480303284495983	0.9613840631733167	0.5907561100306739	0.2637682198680843	0.2344444836781686	0.22727400750248114	0.819816631958327	2.98263058674413	1.2690044278830663	0.7359982453565772	0.35885340284777306	398.80582367641574	0.5376963996386109
GRASO_170	1.2433624813570618	0.6460098387387448	5.2946619137414315	0.4090461775313981	1.3180774467185012	0.4111269997644457	0.4572381432432784	0.6336995759897672	0.5227319851002853	1.0907589195457075	0.9082572755769366	1.4295297662081288	0.582770571474256	0.6100793003195482	0.5809708852759757	0.6287954444413881	1.9303992829786973	1.8834084921799061	1.3911336602254127	0.6024839909254778	3382.8563705579186	0.9692318582990653
GRASO_171	1.3758693372636064	0.7488253710999586	4.570971541263525	0.48616553617950486	1.16364832551196	0.44898992999141935	0.6197135986992438	0.6388873886496568	0.5421459696261475	1.1469159094616699	0.9813427589391178	1.2301009368942217	0.66475566524308	0.7283645203862336	0.678900171518833	0.6850854915292869	1.7026115638713903	1.7610722103270697	1.3188911284034261	0.7253136880418918	3210.684243179104	0.7639012691369421
GRASO_172	1.2558677654544421	0.6858009912578437	3.9867200020095046	0.4532958023075065	1.9683969415918543	0.3982368488962736	0.5735255773759033	0.6083850421766476	0.496285922433747	1.077728025899744	0.8900324021519356	1.0541900786191374	0.7178345503385372	0.6599366708768853	0.6313295526898287	0.6344412312237667	1.9181916398570285	1.5096296331206218	1.2892901327683215	0.6542815446625059	5434.05432835809	0.8487765290667024
GRASO_173	1.1723095972805273	0.606529506252639	5.685005658596697	0.41054535474946846	1.3792736797886005	0.38412811661739205	0.4866396272910846	0.5123234622020532	0.42395434132383153	1.2065152615110923	0.8362149050936887	0.9741145729163784	0.5522158033671711	0.6011704746742504	0.5468400323113758	0.6185213630629502	2.013110388936106	1.981410714065641	1.4385229147783134	0.6179601933640322	6554.485850141943	0.803189090296136
GRASO_174	1.3990537824485645	0.783069765210845	3.1435647519611063	0.5271362977294081	1.8268721409509305	0.4546253031067429	0.7257430700111733	0.6466710907557898	0.5681811463538928	1.056660099018917	1.2432026374394016	1.3421254624077223	0.6474891471198971	0.8031714728957827	0.7390326921717526	0.8712042082097904	1.4414461970010557	1.4038941676397838	1.1550229557325726	0.7662274737712476	2070.7986851129012	0.6036340231468205
GRASO_175	0.9585589438131217	0.537763965607069	6.719968174933172	0.33902477054585584	1.001176655180048	0.3138737345865885	0.45263327508984913	0.4966673837092284	0.40766091182196107	1.0835737122262048	0.7169608430126734	0.855567920470969	0.5553353900430136	0.5127352258833792	0.5140369296077536	0.5324297171868697	2.279755235779906	2.4945789682674255	1.557206096978594	0.49390540615159956	5580.931866362655	0.9674791678690897
GRASO_176	1.3550406464152345	0.6817792908927566	5.347901467548561	0.30587375352922164	1.3597512710462132	0.31646807646496594	0.4319897814314712	0.5020535405043695	0.4158705470423619	1.236005144804593	0.8373000805826651	1.0187409578649655	0.7029156948208841	0.5935945387325205	0.5161012310559866	0.5982838843470871	2.842115367058266	1.828002299296762	1.2119595409700883	0.5944658724761309	1917.441331757799	0.7596018572974984
GRASO_177	1.1497840870767848	0.6577991889594812	5.336356539354826	0.4217548967031809	1.1732268069318113	0.4028040757668143	0.5282527452359342	0.6112031219998929	0.5123409218458463	1.2710145888799829	0.9141541660907837	1.188792650577729	0.5943655088555426	0.628965387574378	0.615706639088809	0.6115369776734331	2.254148451749094	1.835560940744127	1.338003726299033	0.6031410464149711	2199.383780424062	0.9418972393671985
GRASO_178	1.3961236247685096	0.7235845689140065	4.098747313958157	0.4882923247650846	1.2756622891283456	0.47662652736839617	0.6072175499122172	0.6643965356112393	0.5853602762198117	1.2003311663823708	1.0219949662172927	1.3722726920577997	0.6335166405408451	0.7079832802618043	0.6690607316568701	0.7283661581162283	1.848031135670585	1.5582432994058526	1.265391991570124	0.7427629859355083	3568.326124688639	0.7277251029409123
GRASO_179	1.6112236913308993	0.6278563478705429	4.755944065900399	0.5098737872127329	1.4668529907766026	0.4682638848912341	0.5081885028979768	0.6895742394542085	0.5493988102411871	1.1533690403526524	1.0816888798856321	0.9377196395993966	0.5807562910855525	0.6761072340151001	0.5983121307359902	0.73311918769629	1.7452235842544954	1.6215799962981736	1.253729885215586	0.69421335468483	3207.292980063914	0.7060972404752315
GRASO_180	1.2205990302265852	0.6038679296550706	6.872540862569222	0.38503356865159066	0.9787002172980364	0.38626487157015627	0.4560677986847574	0.5605624065411988	0.46155726289760807	1.2585177519488935	0.9250920538934257	1.040371781841087	0.5314044636205586	0.5512925436458133	0.5227809592034395	0.5612063530990478	2.0925581163957827	2.0191351416031633	1.40940627104024	0.5917918861418381	3777.289379322894	0.8564268017135109
HIGADO_01	0.6681240996742421	0.5422097826134423	2.6674382569428206	0.37209538534840675	6.693835549052455	0.2381041894247998	0.39572357775935313	0.34682341062528355	0.3258156148513604	0.7958428420120038	1.1372218562704917	0.6266524105154264	0.3564659483440004	0.3498982389399205	0.7187646904435746	0.8523680367937165	1.6759764519161848	0.9435334068561264	1.025397090958115	0.511170242989196	5346.265586359724	0.3941791046379444
HIGADO_02	0.6469895924341726	0.4724684262153772	3.585105203446622	0.4059657932896006	5.320597833328226	0.23150543266604942	0.34860654358071014	0.31042763285201946	0.3433080614606241	0.8799813512297734	1.0017456195507175	0.5381585274581537	0.3825351291440269	0.33485429478053286	0.7912746339690245	1.4222502190458033	1.79758162805118	1.1632653814169163	1.1236718392932852	0.4471494431499224	3879.9895483571404	0.466868007051101
HIGADO_03	0.5767824643765344	0.496332755723553	2.2287862110361893	0.3923230481383203	7.572021334845924	0.21925941974592067	0.387655179761203	0.29096141276469656	0.2741116394965069	0.7202267227164356	1.1877939110408382	0.5722968091708454	0.3644994215992785	0.3186620366483992	0.6315071134702591	0.9691318484263431	1.7714004557448875	0.8024041267027102	0.9148700713623392	0.4665822710469651	3891.112176777724	0.3274462507584051
HIGADO_04	0.6161477912478804	0.4221354992108076	2.8972827021210246	0.3170687339886115	7.8937462357671295	0.2230604583177192	0.3099837509341021	0.27518260839943326	0.27933882112773667	0.7709279777796905	0.9974778529491134	0.45912751121754247	0.3345704211056542	0.297870300490331	0.6335965547825126	0.9925155017628162	1.7944084536837004	0.931975330292657	0.8798705369815818	0.4305939388344065	3094.1680089820234	0.38882450360800946
HIGADO_05	0.797054487225559	0.5772406981672747	2.5541400014461457	0.5088514790074743	4.969197717435481	0.2662562705506585	0.46493872253756996	0.36791974620533335	0.40168503808066275	0.8544639819806994	1.0502277983943087	0.6672604724480276	0.45706543305572683	0.40916330265491924	1.082583395370266	1.413118766053506	1.496119689274372	0.9468429172407634	1.1582452610945548	0.5982570738952566	3472.3825103667896	0.3870269122706957
HIGADO_06	0.6359655506450672	0.4425277629852576	2.03644959286319	0.3878391751906821	7.248768025413082	0.2190729904748612	0.35435719308130426	0.25945176037719003	0.29401693966897	0.6521532894271468	1.1257298412896113	0.49613444360962144	0.3760858327154298	0.32106642436102056	0.870257009992013	1.325592045317203	1.7123557228754789	0.7349377310166668	0.9336364133962924	0.4596652506022854	3249.508891679572	0.2909814300898945
HIGADO_07	0.5285854472386862	0.4362861811060498	2.362452902732857	0.355456256045657	8.280263949968164	0.21135676167611114	0.3218020532375404	0.2900805725278836	0.3249712434142785	0.6180152189798457	0.939462100751481	0.49410306113134816	0.3426061528940975	0.2954007286926108	0.7450810715820341	1.1652849996974641	1.5660133798650064	0.7805132099359644	0.9074866349147053	0.41387717389046075	4245.003429595078	0.3251951664949446
HIGADO_08	0.4188730462732765	0.339356330112519	2.1159892831969334	0.32520462268108397	8.113557565168959	0.18391927624299848	0.2802602786066582	0.24133189543759107	0.2437849052726505	0.6491088613109537	1.1879205390543075	0.41943286894857307	0.2802741101551211	0.25964473977860997	0.6294918103255189	1.577541300661568	1.7604461206692594	0.6879750650229999	0.7737932554092932	0.3531541849251506	3966.5442936583595	0.2903349025288636
HIGADO_09	0.5387369467134121	0.41877711051960664	3.522322495769525	0.3350010211373357	5.972814488618619	0.19548122263582288	0.30911220822064567	0.2456700557524961	0.26653163089580184	0.9037744251240569	1.119560319688759	0.43596859180878655	0.34060713926173425	0.28922688627654763	0.6538545776992313	1.3156730475756413	2.4645144990177386	0.950705273964739	0.9176199004522473	0.41730664099817705	2825.6593733566824	0.3916700958680577
HIGADO_10	0.5467042487528603	0.4533927886588791	3.5549051307446238	0.304690177400197	7.576095404254291	0.1815413207210114	0.2965831440253387	0.22650249709745093	0.2168929880300944	0.7849018919178281	1.0992410990666215	0.4902794904570798	0.3269187922869874	0.26590723134516275	0.4646181442187764	0.9228071274351614	1.919541610065297	1.085643695581984	0.8994230066949097	0.3802098793023641	3206.202595156828	0.4188729104376339
HIGADO_11	0.5531278879359424	0.4259094315622543	3.7530023668655845	0.3016447143410219	6.134490466862095	0.18313505036854075	0.3252081693178243	0.2463934884496899	0.24548245711155176	0.8657070634623388	1.1612441324585996	0.45873642248834534	0.3174541567091451	0.27821980674728514	0.6985343068183767	1.056242701198223	2.1425022547595334	1.0679010870853793	0.9522531053479576	0.3986154011714393	4365.448736954786	0.45327747647542965
HIGADO_12	0.49920693438683994	0.3894630973525785	4.089847754790471	0.31569058242948783	5.832243304570615	0.18621617339882537	0.2816929953880165	0.22683563480985108	0.2408849424932129	0.9380300338751127	1.0508088705342975	0.40956434479426385	0.33702619484988017	0.2554108825210542	0.6628550101924503	1.258779529096483	2.3166022868262344	1.1796059028638461	0.9799113821642021	0.3635485696315938	3541.0771582250263	0.46854279072437494
HIGADO_13	0.5066597306025301	0.4506196435488823	2.663054336231528	0.36034161584125224	8.050353793510055	0.1823253349442592	0.3491870109015136	0.2534179148862164	0.2297954100072181	0.7335756289459593	1.0353725811060064	0.5720629485041935	0.3665916796746697	0.2836116843305766	0.508246556837558	0.7570185897536357	1.7962004997587437	1.0343833384936956	0.9053927941273847	0.4576605798651765	4974.128118545806	0.37242209692906525
HIGADO_14	0.6253711252800127	0.5448284845008164	5.066650829309453	0.33757204482843156	4.664666816646627	0.20894664879452574	0.34950079955396673	0.27770116783739013	0.27065624770780183	1.2503723567224647	0.8966864002755675	0.515187224982287	0.42365634867735485	0.30717743090697447	0.6021853597573733	0.6840277656779641	2.646700785826453	1.3762138632997158	1.1430056060316343	0.45236827561981946	3827.04815689695	0.5876400235432176
HIGADO_15	0.6847704229964917	0.44366167534092826	4.774380106588447	0.332603755357962	6.040148063967475	0.20128393120396568	0.3343158297328321	0.23875662935397857	0.25948692546213264	1.0353958698707586	0.8464446095786907	0.5149067907949174	0.3751890981443021	0.28125083661519856	0.6057269476527531	0.7563856946698074	2.0822969107899314	1.3557273880695198	1.14338307120541	0.4504700508409564	3360.2700372098657	0.5401224566166932
HIGADO_16	0.45983114398623276	0.34309829662284275	2.8893681367606496	0.28172025139011303	9.127313172445405	0.1713990514408692	0.25180910468204754	0.2322124649462063	0.25306672238183386	0.6314927262857947	0.8403892478292783	0.37971421094967733	0.2903913642129413	0.23944251657878665	0.5980289343409084	0.985937346961111	1.8126103675603567	0.9622527246009579	0.8619189862014691	0.33307646390949913	3258.5184397113226	0.3639292375140162
HIGADO_17	0.5985136401118717	0.4807071587499244	3.198328827828289	0.3639085067421463	6.3695241110381415	0.22203712577563145	0.3416193948321029	0.2916385638339925	0.3118623335295254	0.831053731670812	0.9171851283354752	0.505151472785181	0.378242029462485	0.3151244040082311	0.8862669171582895	1.1267439566693669	1.964431323596507	0.9676989524921265	0.9599493493084866	0.5090664462077139	4719.248003804768	0.38294506242333265
HIGADO_18	0.4446200865844352	0.32742655337420407	2.59282477666628	0.25581111205586715	9.551428850861912	0.17790417343421724	0.2497750467407875	0.22956093181582676	0.23536956799122616	0.5371553543774836	0.8964948121133991	0.4264747980540963	0.2691847045472338	0.22679502699082163	0.5402707350196772	1.0710798643721204	1.664845035566053	0.7859954448564495	0.7527444995617202	0.32661577657161917	5504.282036259496	0.31000558817986756
HIGADO_19	0.6074735033978482	0.49837368200524446	2.614310949684596	0.35464402664472655	7.118989588225871	0.2238803692878403	0.36663232682128444	0.3186662474492451	0.30994567385277666	0.7485729231097311	1.1021216265962657	0.5772164508134122	0.3395290876581782	0.32917330023864244	0.6795814704205254	0.9330890994755965	1.7777760057969496	0.9289595819983663	0.9695721911459082	0.49386926841254675	4535.981131981331	0.4037861594652329
HIGADO_20	0.5515261240348454	0.4874074534695464	3.8245911776141206	0.3428786457298219	5.80772200733907	0.23139607956231203	0.3701013400568772	0.30722026061580354	0.2715476415662328	0.9961611329095011	1.114489737070529	0.5462607018986911	0.3977871882853505	0.30880436438942704	0.5010947899723873	0.8246546954712367	2.2105156575691933	1.2460805536085466	1.0828103719235016	0.41741820584604483	4192.211265556511	0.4774302982431698
HIGADO_21	0.5636673167437221	0.48521093369923646	3.7302504923130297	0.35022482983454634	5.6532626925766145	0.22586328078863513	0.32243279084216264	0.3282329058239887	0.3478016439874747	1.0049934072412277	0.8932540262796758	0.480121689789944	0.3886166695538144	0.30965699282061554	0.7255977796959711	1.1958181155231913	2.0357122543677875	1.2911739896800278	1.1213593465350846	0.42805904469975387	3272.108586548804	0.5207817649672202
HIGADO_22	0.5831316725235647	0.44118145708544465	2.6825211997436442	0.31168092691966276	7.971521319366402	0.22395596776637464	0.347236970725393	0.2690415198951672	0.26948929498669955	0.7583475053942677	1.106220436253807	0.5452316492767381	0.33999460088000133	0.29014759443836347	0.6623797392635976	0.8087782641470644	1.802058785836448	0.8715307297562785	0.9076727152369642	0.4055919186917757	3572.735949026725	0.35209557519633067
HIGADO_23	0.5561369575766414	0.489747158760262	3.3266237121538835	0.34638285106649713	7.055570854019408	0.2156724503651839	0.3564581646103574	0.29455481126219135	0.28431953026662404	0.8755126137401412	1.0301970438979609	0.595536911517697	0.35547383373202296	0.3133297526910244	0.507094801641877	0.8259309640653519	1.9108901027418943	0.9937337178410341	0.990892280526945	0.4573828879412015	4969.511963981295	0.46204370320623656
HIGADO_24	0.5291662250353598	0.4493032768812827	5.278232460075905	0.3188696948214549	5.4298195548438235	0.2077234013582958	0.3410106646396467	0.2941881069767598	0.2738731893907663	1.1578498572119813	0.888338159319565	0.4844611274420624	0.36046204792910314	0.2871725567252038	0.5396450342898589	0.6713138014527892	2.118941051483908	1.6182363557102797	1.2049463334752264	0.3896240485592359	3730.282438270215	0.6437760545744687
HIGADO_25	0.7094700483129895	0.571690361624674	2.3882738746594336	0.5103151023811395	4.971281346445485	0.27145514064287446	0.4510649293255661	0.3468638178089495	0.3835033016479762	0.7979843647198509	1.0527356538956063	0.669020146183284	0.4468380710563291	0.4085252854688451	0.8922888786842511	1.5451362120329275	1.5348895850063982	0.9601633848531743	1.2224514322402	0.5713903744961865	5205.927062123505	0.38288911545880416
HIGADO_26	0.7828513156088979	0.5880044592890765	3.030466975602739	0.4515010417197909	4.361103457892563	0.28775573286302575	0.48640722955861165	0.40005801253798257	0.388931286747132	0.9582425411774115	1.1638518279664323	0.7041271718171324	0.4308503311524116	0.4057032301251222	0.9668839888330143	0.9781813138502119	1.7545744101149974	1.1386353072729978	1.2313380045001754	0.6242450169172955	4562.347956674018	0.4684707799575055
HIGADO_27	0.796396085881052	0.6049541141685509	2.9613880030386732	0.5259066534231275	3.9554144026399083	0.30631294022032607	0.506944068986846	0.395695835382246	0.41169859261489006	0.9111512850822772	0.9223802207524563	0.7465848325899378	0.48644911994009304	0.44272522001325687	1.232779847607287	1.243386221686697	1.5551869450178724	1.1192937196606703	1.24530875151319	0.7398776689999077	4922.398878579304	0.4451580900422379
HIGADO_28	0.7791728769089659	0.6532612551183279	3.241900994311244	0.5141148282879566	4.593060890219641	0.2837440014702864	0.526826472044782	0.3675569873466128	0.3562036139313987	0.9597897916417472	1.1507185700399647	0.8000575009793512	0.45637842556734903	0.43492216220313623	0.788293948095824	0.7994810440699839	1.569851144306371	1.160806989785792	1.2713140636565803	0.6239675480444715	5952.606208830487	0.4600712856481374
HIGADO_29	0.6760690495784395	0.49417652526053585	3.7374174987698328	0.41166233005513914	5.707583913828441	0.26049463516994337	0.36907921881168987	0.31217603103476127	0.3311717862417782	0.9152453298297764	0.9831992622926696	0.545933608452319	0.38308703072202066	0.33626620487508674	0.8292797772942643	0.9106898717943166	1.8212841701013918	1.2054779040281007	1.117987674459003	0.4875673663118582	4104.386007119117	0.4907087647720786
HIGADO_30	0.6869397233563742	0.506588716652713	4.099667083200236	0.4500714927614786	5.082289365878743	0.24141530571314265	0.42880836452769866	0.3133497740983943	0.29181962259756966	0.9447709834324709	1.0290787422932575	0.6685093435609117	0.46492252683170066	0.3596857541829349	0.699746108286689	0.7298466291620812	1.8570397972347052	1.3924808826503037	1.2251994826661026	0.5168765497063522	4200.103555168031	0.5051849668544062
HIGADO_31	0.6409927129697331	0.49845247469568216	3.0624081039268334	0.40534929457163565	5.8903241069340355	0.26087837206967235	0.3675203385819648	0.33145476245283284	0.33079002752296827	0.8113207729030634	1.034590752428824	0.5446654989426377	0.3883211116393969	0.3450837830441987	0.9003738398432293	1.2272650088192072	1.7376313528084701	1.0197783148572905	1.0313795973618152	0.5009399190714903	4023.7436743951193	0.42004480510971215
HIGADO_32	0.7306710143612183	0.5922391034170916	3.013250837936695	0.48892135121562935	4.957015889173351	0.2814689479294067	0.4552778655317978	0.36821662814222367	0.41820964762423773	0.8827194973498074	1.0448144260645524	0.6370588748961555	0.43990564731373355	0.40578610167509016	0.9452440636979539	1.228722746519523	1.6207366290576355	1.0229590589625617	1.1957883769827393	0.5834574974154525	4042.34723561881	0.41974497300572516
HIGADO_33	0.6137826794958804	0.5197008226540598	2.983711953406434	0.38953333880091273	7.249621294547268	0.21383226357874976	0.38510698464838866	0.2756681394789739	0.27015277699789586	0.7694408408514604	1.0261049534553874	0.5872331780544083	0.37133489458593344	0.3247384028044072	0.6263870122788759	0.8319135728355531	1.7448589713803875	0.9869294422070545	0.9965806797943235	0.487524822455957	4509.511390956146	0.3978205567250279
HIGADO_34	0.666361977414744	0.4992473497834969	2.0117784753545984	0.3931383974623845	7.958533518882763	0.24841808928555653	0.3533172568782019	0.3096682512444148	0.31345833031336606	0.65059725266868	0.9115025070454433	0.5758044421992744	0.3789969904279143	0.3486009497266843	0.7241677720214673	1.2765467455173818	1.3366610691755092	0.8332369768376726	0.9309163965118431	0.46609362608335864	4754.514673799005	0.3093756032902146
HIGADO_35	0.6517396752198535	0.43569369436201394	3.4145923299142633	0.3257226468372144	6.858314174306953	0.2103325174710477	0.32005763298163753	0.2992016380537061	0.29372331710072497	0.7401668126561198	0.9419374413036127	0.4680692131646995	0.3562353232158961	0.3050040289144191	0.75743088930624	1.0412691211882916	1.827018453853557	1.083538506999541	0.9595587064255542	0.45397122635899484	3957.524292302693	0.43589132243968126
HIGADO_36	0.6296435790515124	0.5096711112189182	3.77221514447389	0.4219191838604404	6.409329877973351	0.21704073086603076	0.4089554131458037	0.2905054114163595	0.2729708407236576	0.8013058278970377	0.9335297656264276	0.5958820598484798	0.4139590141242086	0.3235896915044642	0.6258911228583791	0.6946185022608137	1.806144324247353	1.298308321300247	1.100694630653091	0.48045862618962454	4435.857136916618	0.5042124299089962
HIGADO_37	0.7187979520481989	0.5667734927960818	3.2014149964287006	0.4610090181367023	5.45008396610779	0.27248303940372354	0.46236814913218566	0.34527603351207087	0.3320657613541156	0.7519484790464406	1.1035342592960706	0.7209958814929248	0.441289562589237	0.3929711254793714	0.7444112325626623	0.8900276899464263	1.592019401282487	1.0806500214073729	1.136958119039918	0.5678727558660718	6291.433035443706	0.4427164132432061
HIGADO_38	0.7129044913900543	0.5626741675903043	3.981887287923262	0.4277281138100907	5.281199218956363	0.26186696846262514	0.4342135686007692	0.344647834189618	0.33513683406718103	0.9148161408643101	1.0513060003403276	0.628022521126048	0.4165730829220757	0.3821955016325248	0.788191133728585	0.782585833482073	1.7322828407908741	1.1919983338381532	1.124798434378609	0.5405718976474759	4845.031404378779	0.48815422520937396
HIGADO_39	0.6699080601269618	0.48997239132256376	3.572302901160656	0.408190939569071	5.405878161419122	0.2694129102720262	0.3605650692871729	0.3079547484790651	0.3273473906405299	0.8245857745128276	0.9460039287120999	0.56174490733231	0.4023629454059932	0.3455413387317936	0.8037401403374659	1.1037272335802992	1.8648261261205046	1.1453921644892788	1.1013726623977893	0.4684309472557914	6381.418947302858	0.4586739919280059
HIGADO_40	0.6043173379485469	0.4592111771808204	3.130971925953247	0.39962560504600164	5.914925631328301	0.24803242139377404	0.3486228082374201	0.3047024914631354	0.3181629861669277	0.7623323558175374	1.0377307649327556	0.492759644440873	0.3785460508704388	0.32313652153258593	0.8507607307188116	1.2332607780475144	1.7669521923994702	1.0454726066791324	1.0233012745134764	0.45037694188309935	5478.900924540838	0.4433787015478747
HIGADO_41	0.5060721461091541	0.42879373018321915	2.6327612032775636	0.31391539204496943	8.320049784173314	0.2058934610354648	0.30744975339324854	0.2879209587127866	0.26332923113805906	0.6697937163345827	1.0039599850419352	0.4994369834943881	0.3068492096927768	0.27844718822872044	0.6025798982628788	0.8476277287626198	1.7397981699287162	0.9023389284260707	0.9089358135955331	0.4041134517479212	5409.754416179053	0.372634349279577
HIGADO_42	0.5841324778822716	0.46075731733535047	4.213294428873655	0.3925359186601959	5.42283622285094	0.2365122654395076	0.34694502811990635	0.3055376966164325	0.32482115253394894	0.8458572739190322	0.864093969002159	0.5302377968687912	0.3781399799478874	0.328956369901622	0.8492813360628809	1.3094985062120965	1.7764754027724428	1.234651591093887	1.1277209350950146	0.4512240683381453	4022.3131182014554	0.5192057414651804
HIGADO_43	0.5945067209505126	0.4524146778414897	3.061778773773849	0.3942694001553564	7.006186295875634	0.2317900218298133	0.3656452410905903	0.3043995906987263	0.307203220896694	0.7042340085992806	0.8312041359185944	0.5346661354167382	0.37267418510635253	0.3209324235215261	0.80691150349443	1.2774762909219888	1.502276719772732	0.9878766494686326	0.9987413642276043	0.4509186802110411	5581.215220560392	0.39540478747966235
HIGADO_44	0.5254052190817907	0.4458989240013341	2.88859111710424	0.36554728964655503	7.330726928837322	0.23006681011720934	0.33539686249720724	0.28930039830180576	0.2850920902563605	0.7569073190046307	0.8819813981833899	0.5712406852359209	0.341857500932527	0.30388255220491805	0.7233205401932605	0.9687349051965483	1.539740659737183	1.0178881625926683	1.0212478607442035	0.4152321552430637	7821.36590236116	0.4270257815237703
HIGADO_45	0.4417925161866789	0.3583939332158596	3.0518014141642844	0.29222767356862506	8.365837933336433	0.18689712621006116	0.2551437369758722	0.22442274072806553	0.233606623897752	0.6241241789309198	0.9596767142070038	0.4392481833768622	0.2925528064078263	0.2480878207813034	0.5949368787123992	1.1337009808529146	1.7382259568424658	0.9231011968200681	0.866146279529526	0.3324869797551286	5208.546955627239	0.3626858237602529
HIGADO_46	0.5542285375443579	0.4745744103618857	4.625924131207294	0.36500733735744173	5.777937979561058	0.22541107074426037	0.3523130329585829	0.28120844330128253	0.2663259223689957	0.9097769427264207	0.8890488728439628	0.5176520844150958	0.3713373171450717	0.30013894624421683	0.7218762654095473	0.8407283459368531	1.9675030792072656	1.3184545672766834	1.14800424863574	0.41968415939421605	4620.703526055102	0.5386053682402354
HIGADO_47	0.44815519651707725	0.37435686381642863	3.1729241249533797	0.27963359226738105	8.73170533945905	0.1733486115838238	0.29464007987496005	0.2378449076092059	0.21935184905198438	0.6905363605300863	0.9441871872857655	0.4534642175197061	0.2909302508567991	0.2456948742366519	0.46780129240704227	0.7629240290031346	1.8542209877967757	1.0249724946544785	0.8500366655199559	0.33025216595939516	5128.833319175214	0.4164971144480121
HIGADO_48	0.3493861401367536	0.27273126652486523	2.237604624178307	0.21755382810016993	10.395406078104987	0.13834119720836258	0.21317683346521749	0.18381003602809928	0.17239759984860975	0.5090696311279226	1.133223092325897	0.3667826452075822	0.23695555604865276	0.19304465725554812	0.36080157579340405	1.004431856945741	1.8078877576320111	0.7502309305856683	0.6353165485314762	0.2472319398402328	3534.987374426279	0.2961464409346184
HIGADO_49	0.6059957479126079	0.5005951971668408	4.248075553390415	0.327504777117874	5.679651251349339	0.20894405697366877	0.3435436474304048	0.2859268726107384	0.29765556437215523	1.1026073028443968	0.9659632151048549	0.5235512641259289	0.4159312618750538	0.3043780437935803	0.578180737529979	0.75409130268263	2.4222894693804977	1.1731443470110416	1.073877212367268	0.42692745105563756	3644.7785576037445	0.5419918789731117
HIGADO_50	0.6280083887453399	0.500075002955959	4.580396754833765	0.34607423471192744	5.568001747186758	0.21482552867702137	0.35829722324493063	0.25924081313182556	0.25141632882291176	1.058903307106781	0.9732210860407697	0.5558068338518795	0.3868935788719476	0.31140555880012655	0.48208471161302524	0.7318844318827418	2.236833109647774	1.3990523496715745	1.1624667827455721	0.45981429915781574	3752.3859158133423	0.5369647899877856
HIGADO_51	0.6041591379759204	0.49974196566360946	4.468655396539578	0.34993704366508926	5.026841601782234	0.22817478060636368	0.3499194585021101	0.2814235882355126	0.28732202665284134	1.0456914137653097	1.0027692818078167	0.5306401204884702	0.4159499401188765	0.3142814979782752	0.6179500687779753	0.8069369380625752	2.2824151763429117	1.367218745049032	1.1165929664086496	0.4676372664436583	4471.324292141692	0.5592833226534718
HIGADO_52	0.5763586881703464	0.4674570713735984	2.596040425850016	0.30406239159532406	8.811385693111676	0.21447117499327642	0.2810495953428357	0.23016274243366563	0.24676257272586669	0.7460589695120886	0.8952677029790346	0.39721994646988545	0.3765756587313906	0.28228382054417983	0.64286091861258	0.8348624169170429	1.7480706729602273	0.9233817893346354	0.8758384035439282	0.40379363751581976	2557.407994546258	0.3528692860417245
HIGADO_53	0.6492443123023612	0.5136078185168718	4.2997155885128375	0.3298241331157238	5.794799797828987	0.2088057540702539	0.34044864998271834	0.25239187634261595	0.25507745637550133	1.047786021408252	0.9758132974505984	0.48793135216334127	0.40105980536358055	0.3013359171235529	0.4749985250829746	0.7464702302273698	2.4564615434597945	1.3183454673455797	1.0775912596975812	0.4489444927270712	2861.851419027462	0.5145506807474601
HIGADO_54	0.7465217788390108	0.5805785183655693	3.363785263293829	0.43645822535318257	5.349171879212782	0.2472961673876382	0.44406088675791017	0.32900756950300625	0.3284500624427212	0.9413742205775916	1.0852488649399936	0.6643133284373396	0.41998318597940776	0.3805506075841875	0.747477683478664	0.7985352134118913	1.8129092388698569	1.1600851877614313	1.163672615491437	0.5629803890098807	4799.253530775191	0.47229701322094053
HIGADO_55	0.5107143283890994	0.3985964586016446	3.656380380186179	0.3213092474280508	6.596292599123755	0.19615934300206384	0.27536810959217234	0.24489420811144022	0.25912762145156537	0.9410822940899861	0.9278914428676363	0.40614501548124865	0.3508219231203195	0.26143605540938836	0.583277501136738	1.379738975183925	2.1004324399890715	1.1412911516386155	0.9595972403862283	0.36341274280872665	3242.72387323664	0.4493114211096478
HIGADO_56	0.49809901938557377	0.3920658780797606	2.5411226946731404	0.2685878896130807	8.59363014294857	0.16528312209272858	0.2580545706333655	0.20943724616839346	0.23566962233150696	0.727070029035072	1.030441175547685	0.3771921256708727	0.3173976175134668	0.25487183899216564	0.5931818619031203	1.1113762074171525	1.968773977495882	0.8332045145865844	0.7966029145938467	0.37255646344708465	2620.5343499357414	0.33919107911366664
HIGADO_57	0.3929631473214172	0.31486623050771034	2.390095187065571	0.2184873484598005	10.41485221077747	0.13328211229224932	0.19749761567704777	0.15877084823279491	0.16538223133688448	0.6391918016479573	0.8965269590688606	0.32164839617684404	0.25385118939789936	0.19505832256962558	0.3813546159996766	1.1553260564428225	1.8237055899531034	0.803217009940206	0.670586545413523	0.2691375137134055	3219.381529058724	0.2955570076421617
HIGADO_58	0.6452102665979136	0.48471660104780767	1.754579523357104	0.3390125755448193	8.773552227100721	0.19090198974126005	0.33365178783397736	0.2487058242242241	0.26484596340468575	0.6727309685740047	0.9644287112454695	0.5216688462944603	0.38135760857748163	0.31290530964675184	0.6469286171693264	1.0164826461195964	1.5328301629661598	0.7298101115116906	0.8498958896743722	0.4587199190802313	4736.328015771635	0.2920754039705131
HIGADO_59	0.6642565336359356	0.49963039343675536	2.747440385713402	0.3949873568960331	6.278679869191293	0.22194732689150076	0.35252766290104615	0.27791300270594554	0.3006330068952017	0.931220606871984	0.9132540186857603	0.5491434756853297	0.4095324373074828	0.33445823909244865	0.8853209084478846	1.2829765987889086	1.9133091759557252	0.9248541479472184	1.0543949583416723	0.5041760918674519	3394.6892743246826	0.3831489777766033
HIGADO_60	0.49473666765946717	0.3973358733848463	1.7262841258819073	0.2371220645771244	11.374104010885166	0.17424315350082292	0.24441966786336022	0.2114503616375736	0.21167993519539946	0.5329116647679089	0.8497167031814301	0.36570673722974634	0.33164315441666664	0.2559012713326688	0.520779532853397	0.8067653348210473	1.3979498105592454	0.6316210229528468	0.64493438742816	0.35644645489936616	2787.195407894724	0.2574864239213842
MUSCULO_100	1.1520552601728937	0.3200920790434868	2.773471507510392	0.24837371784421144	6.068417672125592	0.2900419487572576	0.35762385436600197	0.34349917221835313	0.31802551527968875	1.214000699156524	0.9836685475609634	0.49258425869305106	0.3495948634432021	0.9804380742716506	0.32884584467382055	0.7587381322476701	1.251343898997269	1.0327474222393982	1.0269396945816385	0.4238877909440068	12059.442826470471	0.383849564736318
MUSCULO_101	1.5827720242811896	0.3697603907119739	2.169956196708064	0.29722136809263483	5.013060936595458	0.2702905551197227	0.43565856912025375	0.3802969899089237	0.35144143677439305	1.2573176723140393	1.1652630834845923	0.5764519583122867	0.36445896054274257	1.4777173864021964	0.4131366380240261	0.8052726643865996	1.020326320427727	0.9714927606664313	0.9568520517429994	0.5005084716213115	9496.711498971497	0.34685789470232287
MUSCULO_102	1.2976178654939108	0.36619911411208894	2.9432351530931107	0.2744174392548182	4.833898920939853	0.3061389784631202	0.40574187741328405	0.42672307955125044	0.37190944775065626	1.2462586640322886	1.0545730265732847	0.5880126694986597	0.38001033690909614	1.041929010286542	0.3979791493556277	0.756382494003321	1.1643698452211835	1.1000713309060528	1.1067765690514153	0.46308394866646624	12872.182845123683	0.4305326326916212
MUSCULO_103	1.0350168980752448	0.28441037346171205	2.554740241011318	0.19435710062574013	7.552638530658457	0.205764832208932	0.2904471666272454	0.2748379922961294	0.25116707056739007	1.1611724949163191	1.0763705623462443	0.38744338327362066	0.283622494549389	0.9211804857930289	0.2985598551712499	0.8318679907295812	1.5364936279723	0.8507780666188569	0.7893130358110588	0.35204517112960404	7536.679901041823	0.3390145599263291
MUSCULO_104	1.4013175274355014	0.3934680922270755	3.2208465056735087	0.2950104440586629	4.168054762500474	0.38378217794496616	0.4008829866807841	0.4166299975061038	0.36666844686695893	1.3994637243077888	1.053678823275272	0.5512874603443942	0.430776874178788	1.5046642143139404	0.4108729699917349	0.672830925948125	1.2444332438178307	1.2411429943177958	1.0955983750331262	0.5044125828929996	6929.146390110836	0.4853712163318233
MUSCULO_105	1.2668374595003111	0.34000327564475974	3.238890318130821	0.254824090395043	6.221164654091255	0.24912645325917182	0.35507220869673445	0.3131195671316039	0.29806160002721854	1.3428356282132097	1.1779645378462957	0.43987653137861027	0.3506635862701421	0.8507939555313305	0.3368756229290666	0.6941449731930354	1.361000308474868	1.1427702157977904	1.0206623465345048	0.45350697063468615	4980.270736257147	0.41280383582896085
MUSCULO_106	0.892444920835293	0.3051189696346237	2.3570091280693064	0.21349359268667067	5.6141975394223085	0.23303267733123745	0.31679360379403065	0.3119576556865852	0.2727712300457182	1.0106416420423574	1.528158818125698	0.4374753056248939	0.3129565795981735	0.6371210824757856	0.31530076869139567	1.161263782538139	1.8533429603665157	0.8975781103239849	0.9434917432244322	0.37411907137942946	8342.308625951982	0.3800241528743081
MUSCULO_107	1.4729712450315136	0.4105451415581172	3.5405674802003673	0.28517430903973545	3.99202948322605	0.27729794815568337	0.39593242177523863	0.3876730732780875	0.35196979095146846	1.3205951266494464	1.1358340958526805	0.556858200952552	0.4211478672438851	1.1165274573694801	0.39635932290457726	0.7279760291020893	1.4847294004302254	1.298402967885421	1.1379008272285875	0.5374662925958797	6809.448421652841	0.5200549023509297
MUSCULO_108	1.3751383385835905	0.36460148961515093	2.533961822030306	0.260860712501735	4.504142635007629	0.26419914533092514	0.3975064688077567	0.38833438244230734	0.3536204589390225	1.1790123488056927	1.1179634340610412	0.6394731364512548	0.37872444434160174	1.1355929950173194	0.3811272432068774	0.8127828692956803	1.32212005915889	1.067317574324315	1.0052336091181324	0.4585796861718692	14658.014097295685	0.3655964636181836
MUSCULO_109	1.5233520495395587	0.38156111648238566	2.506666453554367	0.3090995309198475	4.4643566952081395	0.29821996106097115	0.45113704067140376	0.3878576948713901	0.3676568016079298	1.3668949430814588	1.2692315969180448	0.5969494755631334	0.38052710707455606	1.3792994540419152	0.41589010984906916	0.8244116883792746	1.1187258238538922	0.9876112051108409	1.0138253194712366	0.5259761387803733	8772.441021244422	0.34386928441206777
MUSCULO_110	1.2221588929586331	0.3543797885422024	2.2192754383700706	0.25627086412435	6.2053842314814975	0.2404545646825603	0.38689462149448844	0.3204911536477669	0.3027772824409182	1.2245936504770099	1.4382542426131428	0.46595653071337306	0.3297446943270095	0.7801975376363636	0.3661136157334737	1.0137959752279126	1.521173919976534	0.8879254479861486	0.8688293212895726	0.43899098423189786	4697.117778706838	0.32453205018364595
MUSCULO_111	1.2714030444543896	0.3633889151915979	2.5414286207534897	0.24146414294466217	6.583964140697845	0.23529070569296084	0.3525730119068594	0.31525697091923316	0.2991113289333657	1.1229364829994317	1.1608618010911158	0.48838117056603697	0.370526966775292	0.8543092470745042	0.3476927993451585	0.7674101792490797	1.4566759124801887	0.9676695724307672	0.9452745283701993	0.4487564567950594	6080.817024031722	0.3777871237907602
MUSCULO_112	1.5186493461995867	0.4060100511689017	3.3957129561553865	0.30717792059954596	4.001208224868375	0.26643100404636755	0.404625836316315	0.41684901881658987	0.35699892102968306	1.320964438949501	1.2570557207951532	0.5746316817022642	0.42791437331983373	1.1141850299312293	0.4168309487220106	0.7798334615655655	1.384713219496522	1.1710468139095451	1.1194013639893576	0.5101957630520281	6467.29552525256	0.47168695608692734
MUSCULO_113	1.8647143607508212	0.5443895197727138	3.1286094604940073	0.4371198970174033	1.2420856954688086	0.3702529958569829	0.5298790615735218	0.535603918466449	0.4532953627832374	1.2495899348531678	1.3135324621396025	0.8290006452637946	0.5700152641506222	1.4804530894721726	0.5447759849121566	0.7624050031010204	1.2121078482789862	1.2912347703740465	1.2929028962230449	0.7428447187408166	7511.878658495513	0.5609676346490282
MUSCULO_114	1.4469891297423545	0.35357962530502096	2.289279856881037	0.27178402095648674	3.428419252839469	0.24442473035717535	0.3503752888413931	0.3589158095371042	0.31079103161682287	0.8940086244669608	1.0535163692544223	0.8567433783718836	0.39544571424509756	1.185848096689607	0.40820973503282376	0.9266174751262771	1.480206949096234	0.9628447807412398	1.0366980203502043	0.5275636021618921	19582.886163144514	0.5285847130052523
MUSCULO_115	1.6094693993951026	0.4256659298860878	3.415037731923663	0.33611710806716777	2.2098687310619947	0.2980300499555381	0.41677422089550986	0.45664724990842953	0.3810943389659117	1.1259914908900823	1.066374555806775	0.7806053725130332	0.4582665714443363	1.4148783747828315	0.43253848387262367	0.7283579165297213	1.387276706997715	1.2971090689030782	1.278695374638326	0.5542041474509466	13924.611245575334	0.5477145298727705
MUSCULO_116	1.1310578218492144	0.3077410469970319	3.8536327410686404	0.2142091375918784	4.795822360705211	0.21021119822418835	0.30758810713130097	0.33434735593535075	0.2862558133417671	1.0083795358998393	1.0740640969383728	0.573593882495817	0.3231430397922525	0.7354026677108428	0.3109651219890269	0.8595987240277466	1.6531646220956655	1.2192889594371608	1.0775734733104083	0.3737897178205718	14093.256257880303	0.46537801296331893
MUSCULO_117	1.4916279992456907	0.4394853079230506	2.58171049880592	0.3204160532606326	3.130664111562825	0.2749089054483288	0.4476545471223954	0.4510319980330381	0.39031913298759896	1.1494218986271685	1.293294564425094	0.7792445786005391	0.4496376636957188	0.9098130722780724	0.4321464517186351	0.9015378253346837	1.3568968949821598	1.0474362793755643	1.2347294634117782	0.5445888988091703	14743.966253295746	0.43485522463004395
MUSCULO_118	1.4213370929300067	0.3609275582872212	3.16355428942065	0.2711659262785362	4.757356680124466	0.2594392115352935	0.39474877685270404	0.3781275855270931	0.3312148843716249	1.3543680129673088	1.2181248765601935	0.5173146916940099	0.3611855142024469	1.24717495606143	0.3918044632201975	0.8182814232180684	1.3494952163310474	1.146316869977057	1.0338008719741596	0.4866221534032155	5659.460015664681	0.420274246925845
MUSCULO_119	0.9776674286248487	0.28578681237946574	1.7073204822856418	0.20194077255587708	6.071213923093533	0.18130011360027376	0.2894232231423406	0.2725318805255389	0.2513641950536649	0.7632550422433517	1.5817109060795063	0.5092172363274766	0.3024112478908035	0.6644968068727766	0.281056794229396	1.3352989625249891	1.79092614758393	0.7659921110784154	0.7729309422332872	0.33989423548856046	10214.55633484267	0.2801525161606526
MUSCULO_120	1.6036520473813045	0.42885664935773726	3.7072544504388185	0.3464235400031468	3.5538714199681563	0.28824329827581163	0.4460037074354813	0.43365230457753207	0.39494708431265807	1.4796396163111516	1.2703091518530019	0.5917900977652651	0.4302582962951453	1.0934159998980417	0.43999045545483323	0.6907198379519413	1.3360918363404082	1.325915642386171	1.204001942184634	0.6166009272931776	3843.574557173083	0.5399181537673093
MUSCULO_61	1.163119563875938	0.3227120977111049	3.4426840617827743	0.2380529041065121	5.9573036798701	0.22132315480747314	0.34132531030304886	0.3277966693260884	0.28916140522633427	1.2728380169895421	1.103354260968868	0.46174895068962	0.3357493430946161	0.846432681162384	0.3268621587717478	0.779102796129369	1.6947685180653902	1.080587283800118	0.9465013758882307	0.4015774633849866	6978.029885719764	0.40197365671705343
MUSCULO_62	1.8712618520490756	0.4372472491403506	3.7574835458958336	0.33638175070727416	1.7031246344051991	0.2892476125294375	0.44069341797573625	0.4589648711716311	0.40295804312375605	1.6458188148643242	1.2129128675517507	0.623197055927816	0.46762579224773265	1.6523353620837127	0.4455856343440191	0.6905521162277752	1.3751963783671606	1.3669676370486943	1.243500830028868	0.5959875808830155	7672.836079193082	0.5121369108465139
MUSCULO_63	1.3316293071601664	0.3612856854279616	4.204540000101214	0.2572800282599324	3.869480112697917	0.24688274697476645	0.3651229245580137	0.35204629241399743	0.31289497538594435	1.5125907869742452	1.2194008129754041	0.49302064161721554	0.37083403159279504	0.9974771812118612	0.35729672945115415	0.7555497183873827	1.6687611870294823	1.3172546860628809	1.1166554383282044	0.43875549423039667	7106.504652231302	0.5241437353423587
MUSCULO_64	1.2586071247801445	0.3247315503415272	4.15563447741634	0.22968743873989494	4.165539327103153	0.25978558415847885	0.33581815736068277	0.34703106657170724	0.2969193736152389	1.4982794002584985	0.9954723673552981	0.4497145737204738	0.35668234735645243	1.114316802776634	0.3169831457177519	0.7478337873174684	1.8820376737269482	1.3335760700844022	1.028718081036761	0.40942119885183487	8903.985722397225	0.5033268833407171
MUSCULO_65	1.4041077492647858	0.37652814803881124	5.120287774152525	0.26434505497726163	2.329943041692937	0.26273060850266816	0.37119451412171145	0.38170672439027264	0.343735284549492	1.5382166755648672	1.0158964963241903	0.5207724016555509	0.3950396670486273	1.3290362542977094	0.3849282350516478	0.7608965844926016	1.6551371827145456	1.441494027731921	1.166901411225339	0.47130006552203024	10817.066482622058	0.5686502227333541
MUSCULO_66	1.3645577820169124	0.4733040568621653	3.2890277566244106	0.3798754274808322	1.8512942640987349	0.47342291264212183	0.5029824030233888	0.5190627549722319	0.46366447508076836	1.440487081996649	1.036162556563273	0.7375903999760829	0.536676208723142	1.5820388670428513	0.4840427508150475	0.7839827696772326	1.2201038207495716	1.2605023394665378	1.342747349292163	0.6237324142562126	11480.403318190089	0.5491694689473219
MUSCULO_67	1.3063836684261947	0.35007515943302475	3.6694395006377234	0.2602548380816496	3.8862597045781517	0.24644164782023997	0.36051554270158465	0.367694550034264	0.30631170396060864	1.1995807655207293	1.0352252242886057	0.5994442055717676	0.3617265372920302	1.162902651237993	0.3464248436376783	0.7650410283844756	1.3986795404783738	1.2115054964959837	1.1263549876898094	0.43549490624116166	15165.113464664024	0.4705145355209876
MUSCULO_68	1.4130596860512366	0.3871197231526628	3.683193133510945	0.3049734004626354	3.494721446900032	0.28198235031273106	0.42557693376806127	0.39657592349856524	0.3485871048556654	1.4389571381593333	1.1620402778688117	0.5842187945740157	0.3782832585926285	1.2511245239782536	0.38591595088050906	0.7397993827409448	1.3710444280171992	1.3304061923000687	1.215012726863166	0.48451322794567014	8773.828808410757	0.5213239816193104
MUSCULO_69	1.1308519895655633	0.3658874877848085	3.3415011842611	0.2899060687138645	3.7207224413516062	0.4001229947375498	0.390171380334211	0.4386642666638068	0.38253020528302295	1.3763920746627685	0.9371016259190122	0.6072882710702141	0.39514994903019673	1.3471360705189626	0.3879201021077356	0.7541741699987545	1.3002064609462207	1.1885493106732585	1.160287901612676	0.4717288710912606	14384.544650554659	0.5264005813885794
MUSCULO_70	1.2416405188852535	0.37809269561799996	3.372240128705464	0.25946087233896226	4.240425973879161	0.24782929594247208	0.3591832755040051	0.35912586883540776	0.30600022214367967	1.2462327129075592	0.9771306420880074	0.6125221796300896	0.4100107607571536	1.0524158913059343	0.3491534622435179	0.747881833075652	1.4688031993434039	1.2276124429097584	1.1319175726426063	0.4323135405544879	14354.033282012897	0.4883156585057925
MUSCULO_71	1.4528058376643043	0.4487048307125065	3.7581683448308656	0.33662574351245755	2.480655001045397	0.3635867485834702	0.45060011432561853	0.4659577822227772	0.40306721982503013	1.4977004130292777	1.1465452349200065	0.618371855191463	0.46046435532690894	1.2051534033527438	0.4418343530997247	0.7512456564346558	1.4160725066515636	1.3630051570533546	1.2898719259279745	0.5639738626914164	9661.011407678663	0.5477793960110058
MUSCULO_72	1.2561004006580487	0.33930341093660493	3.6926399416072035	0.2495400181256295	4.3271938545516715	0.25523953892109136	0.36899074271918303	0.39582121381147445	0.3442085334501507	1.209966893691124	0.9999179955165927	0.5771096408274103	0.3539315110694434	1.118283760114439	0.3826274171987691	0.7329498943995749	1.388446796326669	1.3030152745704702	1.1005490483002238	0.418127630140516	12487.862774320514	0.5017824800803175
MUSCULO_73	1.326333777879347	0.29932725667763305	2.117007256110149	0.23341378324526235	6.733820131272292	0.20678324573860019	0.33320129333069304	0.2771025792942577	0.26356963506583897	1.1577307557683238	1.4182192477705697	0.414146257280986	0.29926059144396383	1.1820060089195374	0.3162253563079317	0.9550558078164738	1.4282972021489024	0.7922715536418152	0.7609200608383384	0.42727833347652877	3197.1749118009957	0.2799646243719058
MUSCULO_74	1.188859274209677	0.40004055782174014	2.4505837319971424	0.3536009707277123	3.063046270304441	0.5866088109018373	0.4709637048502426	0.46205943730938925	0.415859826017574	1.5039257209280268	1.032736183477884	0.6551191536424914	0.5053879279549689	1.5887027665151445	0.44054301669360774	0.898929779266929	1.0957406727726011	1.0191830044058034	1.0874546669236755	0.5723102432057318	14303.931589131238	0.41451092305109466
MUSCULO_75	1.4991441076439762	0.44083646463754167	2.714544530156478	0.34881689074299627	2.6442558252277153	0.3533396201039025	0.5088155382442898	0.4482151733766575	0.42149308499659915	1.5837188046234638	1.21140951677903	0.6954214271036528	0.43720841448946635	1.2360068519542888	0.46933720486281116	0.8839420887104802	1.070197207362486	1.1509706847574077	1.2117095918810032	0.5993301695257183	14580.842284662576	0.41590678949841076
MUSCULO_76	1.689006956603491	0.49754274582704516	2.168981014145484	0.4230282183766939	2.002019654256082	0.36489064336481064	0.5481815982561755	0.546066210647921	0.5022378818151947	1.5830740495049926	1.262400351681777	0.8264858629160494	0.48797265754904445	1.2303914216903507	0.5629795715064569	0.9006725570576924	0.9364977597334538	1.0545577190161757	1.2230536500505205	0.6830441359972841	15164.843934710965	0.44850409653920154
MUSCULO_77	1.8950555464356547	0.4524702755737947	3.3150384995128443	0.33859506761636177	2.2701005899679956	0.2890964337744033	0.4482542013109496	0.44738769206592705	0.40167764967465425	1.5844925429940513	1.231203059592204	0.6163416757634369	0.4556038876329706	1.6259328647201885	0.47903527419687797	0.7382862494612067	1.4068755787184883	1.2410872478611827	1.124447409492698	0.5857007267431751	6617.312728942906	0.47783071968961893
MUSCULO_78	1.3313781661081823	0.3013166974753018	2.790214785522509	0.2453492728009688	6.511572319496699	0.23443740796962476	0.35122911330059775	0.31588379405080724	0.2902664304653408	1.3079786166671006	1.1774626157840558	0.4314264771519769	0.3095232258952059	0.9350073001120618	0.3240472621015466	0.8204479764669735	1.445655898055795	1.026651698606118	0.8514041301539709	0.41391729753691286	5115.379592745956	0.40568179183171815
MUSCULO_79	1.7073816132369255	0.382804679812956	2.7793247636257985	0.29431553304780383	4.475777736846285	0.27234623581400724	0.42616910646338313	0.360287396087924	0.3353451714686689	1.6076672423808642	1.304141371345384	0.5168340244232934	0.40004200870746526	1.2974321653675231	0.4070834596807531	0.7398663164123814	1.3744843603813002	0.990548580797644	1.0187259457003521	0.5530914470078424	4806.700119421416	0.36489848816049036
MUSCULO_80	1.2442411449114046	0.3308014237625048	2.834106086277276	0.24891070488752834	5.800660669032053	0.2530560554659792	0.3640163451631306	0.35204508501270204	0.3185397145898673	1.174220227900529	1.0504425284109244	0.4915003362179776	0.33861045383665633	1.2498448629397654	0.36418347483527497	0.7850760090321721	1.2343582447085233	1.103652578390813	0.9298115594193744	0.43399021775470054	8775.711312708687	0.40937976687156286
MUSCULO_81	1.3351181929556057	0.3837691405787911	3.268118225845037	0.26241049213257284	5.028085238765074	0.2563349007102423	0.38391566059448495	0.3849173268423019	0.34429013958687416	1.3630792792719635	1.1838125690003012	0.5022444341555824	0.38153334309687714	0.8270673405900539	0.38685021590010327	0.8008654094890174	1.4036479826530146	1.220737558129806	1.0313161620243434	0.48100039199431993	7735.590302345329	0.43841385729126914
MUSCULO_82	1.8961935121289275	0.4545149406244184	3.0428421228204914	0.3732304058525327	1.8277771948891213	0.3173606759046836	0.4960999074008207	0.4206490874781523	0.38476491184551437	1.645969877558006	1.3784095487812473	0.6211534312214476	0.4324477085774203	2.1919860323016813	0.46711176267646476	0.8177319705897772	1.0646703249238885	1.156492162561206	1.1135658348755886	0.5673820603507423	5461.538757916521	0.42383046954725234
MUSCULO_83	1.3299539871630603	0.37672167644244325	3.726375531104659	0.23507142893581115	4.747564093707221	0.24595484793562292	0.33049268957630884	0.36391231206212016	0.30948134942544897	1.4048971561058596	1.1302803819942755	0.4606967064392528	0.39958886790587067	0.8854654452606051	0.36233730022133376	0.7718518597956978	1.8571267762501622	1.179537520336336	1.0053963235950845	0.46888610625713606	6122.118531777187	0.45701400596499514
MUSCULO_84	1.5265828223031503	0.47531762943716316	2.644587163805869	0.38186476535014335	2.0752245243117953	0.42678864935709343	0.5520327733342685	0.568607208643268	0.5167657157219722	1.6198782591951204	1.1236207433568264	0.7349978208563023	0.4859180243803585	1.172628793179556	0.5104417108936445	0.8252897835922316	0.973960233001457	1.1648415357332569	1.4200272737110275	0.6599310812715027	16000.051383819686	0.4333141380400323
MUSCULO_85	1.582561919184559	0.43057962292630064	3.2357008110146324	0.2941187696791321	2.661930596666589	0.2794043833753709	0.418537355463233	0.4487577321345685	0.4072349368438157	1.5606908883246424	1.1357931700483785	0.609069639019984	0.43307087201549266	1.3311316382207037	0.4493374374293565	0.8083767292348789	1.3795068979374667	1.2423518559330577	1.13848270058386	0.5583138386487757	12103.96310627491	0.4803723267831582
MUSCULO_86	1.1565992532753542	0.29843698134974883	2.659955754264565	0.2092126614125092	7.848560254198768	0.1954431361201623	0.2956104201820342	0.2855357762521744	0.2501580965591409	1.0336528483111742	1.0904598487757202	0.3940172428010288	0.3109004775935182	0.9605188374660343	0.29038855735304386	0.771724407648803	1.2733216701561774	0.9183708575328987	0.8000590706347813	0.3595953803580876	5872.574901769013	0.3305173172826855
MUSCULO_87	1.1833147260433543	0.3562843504413139	3.692037659488174	0.2619953499906951	4.498291454490267	0.358528046836433	0.36525287140412915	0.40526833551086977	0.346470545654575	1.2879987521012723	0.9785584445128813	0.5151075087658435	0.39889679047322285	1.0532855278474393	0.36994364974760147	0.7380375929200426	1.4693880989394439	1.3177504879947786	1.0538975435722373	0.4435415962940355	10634.69883463394	0.49218159842480597
MUSCULO_88	1.3768672785042866	0.3399078325130824	2.5652713536092593	0.2320821737377328	6.767053141459609	0.21566935637338766	0.318511945386212	0.2904230445955637	0.2716747261314537	1.0317235784692607	1.0274970604270866	0.46492798771800165	0.35377110668109313	1.0801564846033531	0.31455100883395287	0.6824693037563823	1.3863202378387391	0.9932723818365963	0.9257059297982908	0.4161717374860037	7449.45034440851	0.37599733480404485
MUSCULO_89	1.5955927424715646	0.44015893723803673	1.6903785804112492	0.37067813010831957	1.3153703246204493	0.32794163764803635	0.513543183181657	0.5153794002774994	0.4521748848143287	1.19509996476672	1.0158792225546491	0.952941177255418	0.47588765804315725	1.5013342328119115	0.4923297499315836	0.8900659711420362	0.8436147360693279	0.8847400977115034	1.4745398696380307	0.6018031669453727	28816.368881957347	0.38065863170985076
MUSCULO_90	1.7499132410979203	0.3934242518955562	3.270489067681904	0.29740775534240405	3.2755709340445307	0.2802045582591183	0.4240038623473857	0.44209195760827613	0.377232005109078	1.466325504844311	1.1684733271273238	0.5964991255413775	0.42121995902831744	1.4854142788214983	0.41002599064276485	0.743937689937759	1.2775241964979063	1.1720685366056538	1.063576092366825	0.5291884520571044	9347.241277246747	0.4148668536316471
MUSCULO_91	1.4252173887317319	0.4219689298005929	3.3446767081240796	0.3389380552398583	3.9191990595096295	0.3265202894638284	0.46973848964947257	0.4844397083432978	0.4336714143548824	1.38353208855577	1.2386046303703941	0.6343933171646444	0.4211483638746689	0.8196685153455994	0.4482076509750892	0.7668900022707088	1.3381704531789422	1.209412206132503	1.225901679337202	0.5650674266808171	7586.28879973491	0.4894727108943123
MUSCULO_92	1.976304133010117	0.5350690814106449	2.5026819111644683	0.4152048289520083	1.2313525686270324	0.3579706763205866	0.5361163806842318	0.5128424959303398	0.5040981513006715	1.399616893908156	1.253180098193448	0.7875349514395861	0.5275139902488485	2.0418927702998766	0.5411227423442966	0.765296127225986	1.030559673598126	1.0325373611532798	1.2852660610548394	0.7079181565609552	9362.106181205692	0.4666165381787803
MUSCULO_93	1.45416389634915	0.36557857916094544	3.8874028353494925	0.28014473969517034	2.6743489970614065	0.26050908910305665	0.40312421214314037	0.41206461064467514	0.3822683168278666	1.4799665883777369	1.0931766680180217	0.5534527340330319	0.39133247920554254	1.6963131599578583	0.3969522906337127	0.7708824937436929	1.431546364404099	1.2885043150487532	1.1209419120510569	0.4866910977122872	10436.432023083513	0.49066175887508445
MUSCULO_94	1.2965397407057426	0.36516774246680667	3.8555451047775433	0.24528488205553886	4.684003461543472	0.2256346070263826	0.3357250507856771	0.34705874297711203	0.2918429214177382	1.1792960583513186	1.0026270119445146	0.5156719414581274	0.3847712563834677	1.0768843962771735	0.33047978070249334	0.6836215406362963	1.5750759481239818	1.295890290138521	1.122643022050565	0.40460407959916356	9211.53841320733	0.5448496167992861
MUSCULO_95	1.2911345077602547	0.35798583680234775	3.250536293311936	0.26955164792037833	4.14238476536388	0.31610951018083433	0.3989576573233582	0.4483380574465401	0.3757328410851234	1.2080790792203	0.9991765016882223	0.6108404622366481	0.386647167528133	1.100928654467759	0.3831761528773252	0.744489559832573	1.2394811675312687	1.3117132467758945	1.1514799099611044	0.4595102142276599	14073.60015354716	0.4624996362993998
MUSCULO_96	1.5021514537651115	0.44985929372059424	3.8373441812498372	0.3305817092226432	2.987019880305813	0.314637144354705	0.4368251938390182	0.4635375204525455	0.3848509836979693	1.3126902568885916	1.1472857678796646	0.611992226015148	0.48313420720905903	1.4322031462638134	0.4485083321253044	0.6863312710586202	1.5210562651705994	1.3646991739482197	1.1890646990480935	0.5681942880470082	3838.834423958571	0.6016223369234192
MUSCULO_97	0.6745429594060368	0.23971338294442773	3.370059733018229	0.12074107657715323	9.659974320877362	0.17338731568817406	0.17355114001763772	0.21195243607300085	0.17163162058712733	0.9455502841248221	0.9094394389765856	0.21179741188018447	0.2855405576580473	0.3674868808642994	0.20467282001879472	0.7374924260611863	2.0917429576763036	0.948311362389568	0.6793747843694937	0.2688921285500829	2592.335741661303	0.36968807369963463
MUSCULO_98	1.91478780973152	0.5374136754565194	2.6497463991102213	0.41021509722838695	1.6746289424880525	0.352686810519165	0.514396089799666	0.4912913566307548	0.4331921395494575	1.6166032487140025	1.3734439938725556	0.6519805431778819	0.54351671495558	2.031629740569473	0.5257888770276854	0.7729449070310958	1.162959693869782	1.1984135886261054	1.1203962176410267	0.6674022107217353	3419.1158240508785	0.45607863374725116
MUSCULO_99	1.2517560186056726	0.3821860209201585	3.6376781769099122	0.2821536829743946	4.666433465084921	0.29542458105099234	0.39026576058895684	0.35620535466907866	0.335975552177326	1.287537199618364	1.102886611388938	0.5166764098975944	0.4082946070506097	0.8678628928310761	0.36627357117115483	0.7467790401127157	1.4325850134470903	1.2101718449034495	1.1784563795445868	0.49792363982804366	9141.315165573547	0.4769396193389123
