	16.0	17.0	18.0	19.0	20.0	21.0	22.0	23.0	24.0	25.0	26.0	27.0	28.0	29.0	30.0	31.0	32.0	33.0	34.0	35.0	36.0	37.0	38.0	39.0	40.0
GRASO_121	5.0	51.0	834.0	6053.0	24185.0	53692.0	78526.0	85582.0	93178.0	99126.0	112618.0	125843.0	150857.0	175666.0	208536.0	242569.0	300266.0	378980.0	524482.0	766350.0	1211653.0	1999309.0	5202883.0	28011053.0	6128468.0
	16.0	17.0	18.0	19.0	20.0	21.0	22.0	23.0	24.0	25.0	26.0	27.0	28.0	29.0	30.0	31.0	32.0	33.0	34.0	35.0	36.0	37.0	38.0	39.0	40.0
GRASO_122	4.0	62.0	746.0	5661.0	24165.0	58726.0	88713.0	99932.0	109333.0	117725.0	133543.0	150175.0	180916.0	212881.0	254871.0	297062.0	370375.0	469055.0	648114.0	950960.0	1508621.0	2526326.0	6626269.0	33882067.0	7072148.0
	15.0	16.0	17.0	18.0	19.0	20.0	21.0	22.0	23.0	24.0	25.0	26.0	27.0	28.0	29.0	30.0	31.0	32.0	33.0	34.0	35.0	36.0	37.0	38.0	39.0	40.0
GRASO_123	1.0	5.0	85.0	1319.0	9445.0	38296.0	86628.0	126279.0	139205.0	150747.0	159441.0	178246.0	197385.0	233409.0	264331.0	304276.0	343064.0	421624.0	525999.0	720674.0	1045348.0	1642809.0	2657507.0	6679956.0	36132599.0	8288167.0
	16.0	17.0	18.0	19.0	20.0	21.0	22.0	23.0	24.0	25.0	26.0	27.0	28.0	29.0	30.0	31.0	32.0	33.0	34.0	35.0	36.0	37.0	38.0	39.0	40.0
GRASO_124	5.0	45.0	552.0	3953.0	16496.0	38940.0	59373.0	66907.0	73987.0	79097.0	90454.0	101971.0	122387.0	143143.0	170404.0	198236.0	249464.0	314066.0	431653.0	619919.0	973146.0	1594816.0	3945675.0	17651074.0	3719739.0
	16.0	17.0	18.0	19.0	20.0	21.0	22.0	23.0	24.0	25.0	26.0	27.0	28.0	29.0	30.0	31.0	32.0	33.0	34.0	35.0	36.0	37.0	38.0	39.0	40.0
GRASO_125	4.0	61.0	846.0	6411.0	27219.0	63203.0	93449.0	102436.0	110768.0	115991.0	130022.0	145862.0	176131.0	204746.0	245373.0	285955.0	353908.0	445975.0	612850.0	893586.0	1412228.0	2349799.0	6180787.0	33223974.0	6825676.0
	15.0	16.0	17.0	18.0	19.0	20.0	21.0	22.0	23.0	24.0	25.0	26.0	27.0	28.0	29.0	30.0	31.0	32.0	33.0	34.0	35.0	36.0	37.0	38.0	39.0	40.0
GRASO_126	1.0	1.0	73.0	895.0	6102.0	26266.0	60939.0	91412.0	101645.0	110460.0	116563.0	131042.0	146814.0	174206.0	202561.0	242095.0	279950.0	344489.0	428947.0	590585.0	856601.0	1343160.0	2177200.0	5467610.0	30106819.0	6982957.0
	14.0	15.0	16.0	17.0	18.0	19.0	20.0	21.0	22.0	23.0	24.0	25.0	26.0	27.0	28.0	29.0	30.0	31.0	32.0	33.0	34.0	35.0	36.0	37.0	38.0	39.0	40.0
GRASO_127	1.0	0.0	5.0	71.0	1015.0	6996.0	29388.0	70078.0	104979.0	116730.0	126251.0	134117.0	151225.0	170046.0	204134.0	237749.0	286305.0	333569.0	415677.0	526240.0	727304.0	1064766.0	1688665.0	2828741.0	7452265.0	37565409.0	7171885.0
	15.0	16.0	17.0	18.0	19.0	20.0	21.0	22.0	23.0	24.0	25.0	26.0	27.0	28.0	29.0	30.0	31.0	32.0	33.0	34.0	35.0	36.0	37.0	38.0	39.0	40.0
GRASO_128	1.0	1.0	66.0	850.0	5876.0	25097.0	59128.0	87778.0	98073.0	107106.0	113987.0	127470.0	143548.0	172718.0	202169.0	241525.0	283472.0	351145.0	440823.0	609953.0	888705.0	1402292.0	2316224.0	5996086.0	32131403.0	7174213.0
	16.0	17.0	18.0	19.0	20.0	21.0	22.0	23.0	24.0	25.0	26.0	27.0	28.0	29.0	30.0	31.0	32.0	33.0	34.0	35.0	36.0	37.0	38.0	39.0	40.0
GRASO_129	3.0	87.0	1191.0	6984.0	25433.0	56107.0	87547.0	104903.0	111772.0	118916.0	138125.0	147175.0	172389.0	197726.0	231952.0	264349.0	330595.0	410351.0	561171.0	792490.0	1258079.0	2030511.0	4881260.0	21047990.0	4283255.0
	16.0	17.0	18.0	19.0	20.0	21.0	22.0	23.0	24.0	25.0	26.0	27.0	28.0	29.0	30.0	31.0	32.0	33.0	34.0	35.0	36.0	37.0	38.0	39.0	40.0
GRASO_130	5.0	67.0	915.0	6648.0	27664.0	62384.0	90039.0	95935.0	102472.0	107534.0	120715.0	134507.0	160448.0	186947.0	222780.0	257023.0	318729.0	400648.0	552327.0	807911.0	1272269.0	2084261.0	5289328.0	28868079.0	6783127.0
	16.0	17.0	18.0	19.0	20.0	21.0	22.0	23.0	24.0	25.0	26.0	27.0	28.0	29.0	30.0	31.0	32.0	33.0	34.0	35.0	36.0	37.0	38.0	39.0	40.0
GRASO_131	4.0	54.0	756.0	5652.0	23962.0	56843.0	84708.0	93367.0	101568.0	108451.0	120689.0	135464.0	160936.0	188171.0	222829.0	258130.0	318974.0	400100.0	551930.0	804278.0	1263690.0	2060016.0	5225747.0	27994765.0	6258020.0
	16.0	17.0	18.0	19.0	20.0	21.0	22.0	23.0	24.0	25.0	26.0	27.0	28.0	29.0	30.0	31.0	32.0	33.0	34.0	35.0	36.0	37.0	38.0	39.0	40.0
GRASO_132	2.0	28.0	578.0	3958.0	17415.0	40781.0	61079.0	65686.0	72052.0	76490.0	85631.0	96916.0	116412.0	135817.0	161485.0	187072.0	232356.0	292932.0	405373.0	591490.0	934811.0	1533981.0	3875688.0	21145087.0	5023985.0
	15.0	16.0	17.0	18.0	19.0	20.0	21.0	22.0	23.0	24.0	25.0	26.0	27.0	28.0	29.0	30.0	31.0	32.0	33.0	34.0	35.0	36.0	37.0	38.0	39.0	40.0
GRASO_133	1.0	0.0	32.0	570.0	4578.0	19494.0	46764.0	68715.0	75354.0	81295.0	86330.0	97387.0	109584.0	131946.0	154394.0	184099.0	214761.0	267592.0	336668.0	467623.0	685534.0	1088546.0	1801244.0	4682980.0	25789692.0	5755329.0
	16.0	17.0	18.0	19.0	20.0	21.0	22.0	23.0	24.0	25.0	26.0	27.0	28.0	29.0	30.0	31.0	32.0	33.0	34.0	35.0	36.0	37.0	38.0	39.0	40.0
GRASO_134	4.0	36.0	554.0	3980.0	16544.0	37617.0	55541.0	61620.0	67384.0	72390.0	81854.0	91602.0	110016.0	126577.0	148578.0	170947.0	212519.0	267821.0	370950.0	538912.0	855636.0	1400621.0	3550069.0	18227729.0	4187640.0
	16.0	17.0	18.0	19.0	20.0	21.0	22.0	23.0	24.0	25.0	26.0	27.0	28.0	29.0	30.0	31.0	32.0	33.0	34.0	35.0	36.0	37.0	38.0	39.0	40.0
GRASO_135	3.0	38.0	463.0	3351.0	14519.0	34609.0	52733.0	59440.0	65099.0	70237.0	79462.0	90600.0	108812.0	128120.0	152400.0	176759.0	220617.0	278857.0	382952.0	556089.0	872960.0	1431833.0	3596006.0	18193205.0	4144368.0
	17.0	18.0	19.0	20.0	21.0	22.0	23.0	24.0	25.0	26.0	27.0	28.0	29.0	30.0	31.0	32.0	33.0	34.0	35.0	36.0	37.0	38.0	39.0	40.0
GRASO_136	52.0	661.0	4851.0	20675.0	48873.0	70432.0	76508.0	82268.0	86049.0	97510.0	108258.0	130083.0	152038.0	181001.0	209291.0	260768.0	326317.0	450903.0	657244.0	1036938.0	1688271.0	4277357.0	23584209.0	5386270.0
	16.0	17.0	18.0	19.0	20.0	21.0	22.0	23.0	24.0	25.0	26.0	27.0	28.0	29.0	30.0	31.0	32.0	33.0	34.0	35.0	36.0	37.0	38.0	39.0	40.0
GRASO_137	1.0	54.0	758.0	4778.0	19102.0	41232.0	61176.0	69376.0	78131.0	86382.0	101397.0	114788.0	140561.0	161348.0	188334.0	216049.0	276937.0	350762.0	485828.0	689872.0	1120149.0	1846450.0	4229451.0	17042151.0	4120896.0
	16.0	17.0	18.0	19.0	20.0	21.0	22.0	23.0	24.0	25.0	26.0	27.0	28.0	29.0	30.0	31.0	32.0	33.0	34.0	35.0	36.0	37.0	38.0	39.0	40.0
GRASO_138	3.0	41.0	509.0	3870.0	16572.0	39645.0	59871.0	68266.0	75831.0	83783.0	95229.0	109027.0	131782.0	154382.0	184251.0	216903.0	273127.0	345967.0	482185.0	710893.0	1136240.0	1905951.0	5027665.0	27194199.0	5838769.0
	16.0	17.0	18.0	19.0	20.0	21.0	22.0	23.0	24.0	25.0	26.0	27.0	28.0	29.0	30.0	31.0	32.0	33.0	34.0	35.0	36.0	37.0	38.0	39.0	40.0
GRASO_139	2.0	23.0	503.0	3693.0	15356.0	34943.0	52204.0	59215.0	66497.0	71823.0	82527.0	93581.0	112466.0	129922.0	153902.0	178200.0	219479.0	276321.0	378625.0	545180.0	852136.0	1380649.0	3436060.0	18226830.0	4161099.0
	17.0	18.0	19.0	20.0	21.0	22.0	23.0	24.0	25.0	26.0	27.0	28.0	29.0	30.0	31.0	32.0	33.0	34.0	35.0	36.0	37.0	38.0	39.0	40.0
GRASO_140	60.0	827.0	6450.0	26879.0	62819.0	93442.0	102720.0	111054.0	117310.0	133166.0	147873.0	179221.0	207478.0	246527.0	285975.0	354227.0	445375.0	612482.0	893611.0	1407106.0	2298502.0	5853747.0	32216909.0	7254176.0
	16.0	17.0	18.0	19.0	20.0	21.0	22.0	23.0	24.0	25.0	26.0	27.0	28.0	29.0	30.0	31.0	32.0	33.0	34.0	35.0	36.0	37.0	38.0	39.0	40.0
GRASO_141	5.0	51.0	844.0	5726.0	24061.0	55271.0	82464.0	91742.0	99690.0	105592.0	118550.0	131859.0	157275.0	182601.0	215814.0	249688.0	307589.0	384135.0	525631.0	759664.0	1193587.0	1943712.0	4873365.0	25457743.0	5559107.0
	16.0	17.0	18.0	19.0	20.0	21.0	22.0	23.0	24.0	25.0	26.0	27.0	28.0	29.0	30.0	31.0	32.0	33.0	34.0	35.0	36.0	37.0	38.0	39.0	40.0
GRASO_142	2.0	58.0	826.0	6374.0	25808.0	59662.0	87372.0	96017.0	103355.0	109780.0	122752.0	137354.0	164485.0	191819.0	227312.0	264354.0	326868.0	410211.0	563421.0	819161.0	1286621.0	2102657.0	5326054.0	28649346.0	6447289.0
	15.0	16.0	17.0	18.0	19.0	20.0	21.0	22.0	23.0	24.0	25.0	26.0	27.0	28.0	29.0	30.0	31.0	32.0	33.0	34.0	35.0	36.0	37.0	38.0	39.0	40.0
GRASO_143	1.0	5.0	105.0	1144.0	7563.0	27647.0	58757.0	85652.0	96824.0	109977.0	119171.0	135455.0	150338.0	176200.0	195908.0	225812.0	256410.0	314758.0	391520.0	533214.0	759517.0	1179545.0	1894986.0	4667418.0	21435531.0	4222607.0
	16.0	17.0	18.0	19.0	20.0	21.0	22.0	23.0	24.0	25.0	26.0	27.0	28.0	29.0	30.0	31.0	32.0	33.0	34.0	35.0	36.0	37.0	38.0	39.0	40.0
GRASO_144	8.0	171.0	2220.0	13694.0	48121.0	99087.0	144997.0	169107.0	196110.0	214862.0	246207.0	273468.0	328743.0	368281.0	437750.0	508157.0	652119.0	805110.0	1069267.0	1414857.0	2163352.0	3398127.0	8129359.0	28650971.0	6275482.0
	15.0	16.0	17.0	18.0	19.0	20.0	21.0	22.0	23.0	24.0	25.0	26.0	27.0	28.0	29.0	30.0	31.0	32.0	33.0	34.0	35.0	36.0	37.0	38.0	39.0	40.0
GRASO_145	3.0	25.0	308.0	3805.0	25936.0	103862.0	239995.0	356333.0	390854.0	418925.0	438716.0	487726.0	541224.0	645759.0	748540.0	891462.0	1041371.0	1292683.0	1628087.0	2237538.0	3258330.0	5159130.0	8642527.0	22710352.0	110946555.0	19933687.0
	16.0	17.0	18.0	19.0	20.0	21.0	22.0	23.0	24.0	25.0	26.0	27.0	28.0	29.0	30.0	31.0	32.0	33.0	34.0	35.0	36.0	37.0	38.0	39.0	40.0
GRASO_146	5.0	77.0	890.0	6764.0	26728.0	61086.0	91191.0	100969.0	109546.0	116326.0	131829.0	147259.0	175333.0	204007.0	242113.0	282802.0	355213.0	445392.0	611741.0	878601.0	1380816.0	2255711.0	5690237.0	29771606.0	6442959.0
	17.0	18.0	19.0	20.0	21.0	22.0	23.0	24.0	25.0	26.0	27.0	28.0	29.0	30.0	31.0	32.0	33.0	34.0	35.0	36.0	37.0	38.0	39.0	40.0
GRASO_147	70.0	856.0	5745.0	22170.0	48917.0	70328.0	76697.0	82050.0	85385.0	95418.0	106026.0	126175.0	144059.0	171931.0	199283.0	248950.0	309936.0	423592.0	601449.0	940723.0	1543414.0	3957349.0	19762316.0	3902121.0
	16.0	17.0	18.0	19.0	20.0	21.0	22.0	23.0	24.0	25.0	26.0	27.0	28.0	29.0	30.0	31.0	32.0	33.0	34.0	35.0	36.0	37.0	38.0	39.0	40.0
GRASO_148	4.0	54.0	861.0	6122.0	24619.0	55709.0	83231.0	93439.0	102303.0	108955.0	122886.0	136732.0	162040.0	186249.0	220538.0	255140.0	320387.0	401844.0	547785.0	768444.0	1193643.0	1933159.0	4899663.0	25316543.0	5324945.0
	16.0	17.0	18.0	19.0	20.0	21.0	22.0	23.0	24.0	25.0	26.0	27.0	28.0	29.0	30.0	31.0	32.0	33.0	34.0	35.0	36.0	37.0	38.0	39.0	40.0
GRASO_149	2.0	33.0	507.0	3319.0	14036.0	32586.0	49693.0	55314.0	60051.0	64507.0	73076.0	80877.0	97403.0	113442.0	135231.0	158215.0	197367.0	248334.0	342019.0	492876.0	777471.0	1289634.0	3353761.0	17253742.0	3655749.0
	16.0	17.0	18.0	19.0	20.0	21.0	22.0	23.0	24.0	25.0	26.0	27.0	28.0	29.0	30.0	31.0	32.0	33.0	34.0	35.0	36.0	37.0	38.0	39.0	40.0
GRASO_150	3.0	94.0	1181.0	8241.0	34024.0	78102.0	115224.0	125723.0	134900.0	142239.0	160030.0	179396.0	213962.0	247458.0	295638.0	344112.0	429308.0	538418.0	737631.0	1063475.0	1670901.0	2738632.0	6996604.0	37478205.0	8288624.0
	16.0	17.0	18.0	19.0	20.0	21.0	22.0	23.0	24.0	25.0	26.0	27.0	28.0	29.0	30.0	31.0	32.0	33.0	34.0	35.0	36.0	37.0	38.0	39.0	40.0
GRASO_151	2.0	49.0	748.0	5337.0	21636.0	51413.0	78173.0	87926.0	95105.0	101193.0	113090.0	126501.0	151676.0	175713.0	209233.0	242812.0	302209.0	380098.0	521224.0	745678.0	1171454.0	1925612.0	4934375.0	26592736.0	5862292.0
	15.0	16.0	17.0	18.0	19.0	20.0	21.0	22.0	23.0	24.0	25.0	26.0	27.0	28.0	29.0	30.0	31.0	32.0	33.0	34.0	35.0	36.0	37.0	38.0	39.0	40.0
GRASO_152	1.0	3.0	49.0	958.0	6769.0	28938.0	67446.0	99880.0	108705.0	117611.0	124061.0	139079.0	156904.0	187295.0	216754.0	257767.0	301483.0	373660.0	470094.0	645679.0	940002.0	1479068.0	2429805.0	6191599.0	33734028.0	7587224.0
	16.0	17.0	18.0	19.0	20.0	21.0	22.0	23.0	24.0	25.0	26.0	27.0	28.0	29.0	30.0	31.0	32.0	33.0	34.0	35.0	36.0	37.0	38.0	39.0	40.0
GRASO_153	4.0	54.0	812.0	5646.0	24213.0	57350.0	85773.0	94467.0	101908.0	107282.0	121805.0	135482.0	161854.0	190211.0	226888.0	263790.0	326228.0	409771.0	562089.0	816499.0	1279598.0	2082679.0	5266957.0	28383775.0	6468521.0
	17.0	18.0	19.0	20.0	21.0	22.0	23.0	24.0	25.0	26.0	27.0	28.0	29.0	30.0	31.0	32.0	33.0	34.0	35.0	36.0	37.0	38.0	39.0	40.0
GRASO_154	17.0	211.0	1361.0	6047.0	14059.0	21024.0	24058.0	26030.0	28352.0	32285.0	35774.0	42815.0	50337.0	59403.0	68643.0	84279.0	105080.0	144003.0	206931.0	328880.0	542702.0	1395744.0	7098674.0	1616114.0
	16.0	17.0	18.0	19.0	20.0	21.0	22.0	23.0	24.0	25.0	26.0	27.0	28.0	29.0	30.0	31.0	32.0	33.0	34.0	35.0	36.0	37.0	38.0	39.0	40.0
GRASO_155	8.0	113.0	1368.0	9640.0	39995.0	91902.0	135537.0	147296.0	156801.0	164561.0	183239.0	204408.0	243860.0	283395.0	336474.0	389382.0	480610.0	600633.0	818235.0	1182098.0	1854790.0	3036228.0	7725154.0	41973074.0	9629474.0
	15.0	16.0	17.0	18.0	19.0	20.0	21.0	22.0	23.0	24.0	25.0	26.0	27.0	28.0	29.0	30.0	31.0	32.0	33.0	34.0	35.0	36.0	37.0	38.0	39.0	40.0
GRASO_156	1.0	4.0	60.0	716.0	4876.0	18273.0	39464.0	57220.0	62996.0	69893.0	74331.0	84382.0	94790.0	113966.0	130852.0	156706.0	180796.0	229522.0	288955.0	398746.0	567072.0	909637.0	1493275.0	3598524.0	15633648.0	3603044.0
	16.0	17.0	18.0	19.0	20.0	21.0	22.0	23.0	24.0	25.0	26.0	27.0	28.0	29.0	30.0	31.0	32.0	33.0	34.0	35.0	36.0	37.0	38.0	39.0	40.0
GRASO_157	5.0	66.0	891.0	6027.0	23601.0	53495.0	79457.0	90062.0	101000.0	108749.0	123650.0	137134.0	164887.0	191433.0	228465.0	265279.0	331305.0	408640.0	542089.0	746655.0	1148558.0	1845236.0	4585035.0	21990504.0	4529326.0
	16.0	17.0	18.0	19.0	20.0	21.0	22.0	23.0	24.0	25.0	26.0	27.0	28.0	29.0	30.0	31.0	32.0	33.0	34.0	35.0	36.0	37.0	38.0	39.0	40.0
GRASO_158	4.0	40.0	519.0	3526.0	15482.0	36715.0	56391.0	62424.0	67969.0	72488.0	81505.0	93035.0	113151.0	130039.0	150701.0	175307.0	219564.0	277594.0	384799.0	559667.0	886314.0	1487969.0	3940008.0	18913568.0	3044706.0
	16.0	17.0	18.0	19.0	20.0	21.0	22.0	23.0	24.0	25.0	26.0	27.0	28.0	29.0	30.0	31.0	32.0	33.0	34.0	35.0	36.0	37.0	38.0	39.0	40.0
GRASO_159	8.0	85.0	1047.0	7106.0	30314.0	73380.0	111345.0	124339.0	134389.0	142447.0	159367.0	179218.0	216582.0	253512.0	301129.0	351614.0	439271.0	554992.0	768344.0	1124868.0	1787147.0	2990971.0	7908784.0	42821414.0	9037423.0
	16.0	17.0	18.0	19.0	20.0	21.0	22.0	23.0	24.0	25.0	26.0	27.0	28.0	29.0	30.0	31.0	32.0	33.0	34.0	35.0	36.0	37.0	38.0	39.0	40.0
GRASO_160	1.0	49.0	780.0	5645.0	24174.0	58366.0	86739.0	95888.0	101743.0	107934.0	120640.0	137053.0	167374.0	194475.0	226392.0	261073.0	323567.0	405763.0	560454.0	818831.0	1292129.0	2125621.0	5442091.0	29889288.0	6835067.0
	16.0	17.0	18.0	19.0	20.0	21.0	22.0	23.0	24.0	25.0	26.0	27.0	28.0	29.0	30.0	31.0	32.0	33.0	34.0	35.0	36.0	37.0	38.0	39.0	40.0
GRASO_161	5.0	62.0	914.0	6445.0	24977.0	55718.0	82178.0	91351.0	100269.0	107449.0	121696.0	135084.0	159876.0	180383.0	212096.0	245928.0	308729.0	385378.0	519803.0	721589.0	1105001.0	1756863.0	4266460.0	20069751.0	4422207.0
	15.0	16.0	17.0	18.0	19.0	20.0	21.0	22.0	23.0	24.0	25.0	26.0	27.0	28.0	29.0	30.0	31.0	32.0	33.0	34.0	35.0	36.0	37.0	38.0	39.0	40.0
GRASO_162	1.0	6.0	62.0	866.0	6072.0	25797.0	60758.0	93165.0	104324.0	113057.0	120611.0	136423.0	152509.0	181835.0	211686.0	253163.0	295307.0	369001.0	465006.0	637362.0	918044.0	1445125.0	2392050.0	6224879.0	31408953.0	6279827.0
	15.0	16.0	17.0	18.0	19.0	20.0	21.0	22.0	23.0	24.0	25.0	26.0	27.0	28.0	29.0	30.0	31.0	32.0	33.0	34.0	35.0	36.0	37.0	38.0	39.0	40.0
GRASO_163	1.0	3.0	77.0	773.0	5431.0	21732.0	49590.0	74250.0	83722.0	92159.0	97855.0	109126.0	121542.0	144173.0	165425.0	196120.0	226862.0	283591.0	352946.0	479090.0	671826.0	1039492.0	1688930.0	4266264.0	21344901.0	4563736.0
	16.0	17.0	18.0	19.0	20.0	21.0	22.0	23.0	24.0	25.0	26.0	27.0	28.0	29.0	30.0	31.0	32.0	33.0	34.0	35.0	36.0	37.0	38.0	39.0	40.0
GRASO_164	2.0	52.0	720.0	4876.0	19166.0	42915.0	63259.0	71931.0	78547.0	82867.0	93984.0	103579.0	122533.0	140395.0	166559.0	192836.0	242640.0	303008.0	410690.0	572220.0	882716.0	1414191.0	3530941.0	18050848.0	3885582.0
	15.0	16.0	17.0	18.0	19.0	20.0	21.0	22.0	23.0	24.0	25.0	26.0	27.0	28.0	29.0	30.0	31.0	32.0	33.0	34.0	35.0	36.0	37.0	38.0	39.0	40.0
GRASO_165	1.0	1.0	72.0	816.0	6140.0	25237.0	58232.0	88280.0	101220.0	111211.0	118675.0	133243.0	148232.0	175838.0	203310.0	242464.0	283361.0	354805.0	448408.0	611138.0	864466.0	1348033.0	2207689.0	5652741.0	28505410.0	5962595.0
	16.0	17.0	18.0	19.0	20.0	21.0	22.0	23.0	24.0	25.0	26.0	27.0	28.0	29.0	30.0	31.0	32.0	33.0	34.0	35.0	36.0	37.0	38.0	39.0	40.0
GRASO_166	3.0	63.0	716.0	4813.0	19286.0	43541.0	65394.0	74405.0	82729.0	89518.0	100588.0	113732.0	136269.0	157043.0	187150.0	218347.0	276286.0	346407.0	472353.0	664262.0	1032467.0	1670353.0	4218505.0	21918401.0	4940566.0
	16.0	17.0	18.0	19.0	20.0	21.0	22.0	23.0	24.0	25.0	26.0	27.0	28.0	29.0	30.0	31.0	32.0	33.0	34.0	35.0	36.0	37.0	38.0	39.0	40.0
GRASO_167	3.0	67.0	957.0	6796.0	25216.0	53373.0	74540.0	80650.0	86637.0	91476.0	102944.0	113768.0	135637.0	150784.0	175602.0	201082.0	249912.0	310308.0	423187.0	600814.0	939155.0	1524452.0	3711266.0	17997332.0	4148903.0
	16.0	17.0	18.0	19.0	20.0	21.0	22.0	23.0	24.0	25.0	26.0	27.0	28.0	29.0	30.0	31.0	32.0	33.0	34.0	35.0	36.0	37.0	38.0	39.0	40.0
GRASO_168	4.0	59.0	787.0	5621.0	23528.0	54114.0	78993.0	86746.0	92038.0	96982.0	108177.0	119841.0	143100.0	165931.0	196820.0	227723.0	282966.0	353998.0	481095.0	687210.0	1070405.0	1727842.0	4324949.0	23287275.0	5271055.0
	15.0	16.0	17.0	18.0	19.0	20.0	21.0	22.0	23.0	24.0	25.0	26.0	27.0	28.0	29.0	30.0	31.0	32.0	33.0	34.0	35.0	36.0	37.0	38.0	39.0	40.0
GRASO_169	2.0	3.0	77.0	900.0	6202.0	24162.0	56507.0	87541.0	101854.0	111505.0	119858.0	137241.0	148105.0	175428.0	200786.0	236759.0	270997.0	335965.0	416297.0	563715.0	802271.0	1256017.0	2011344.0	4841670.0	22105032.0	4637856.0
	17.0	18.0	19.0	20.0	21.0	22.0	23.0	24.0	25.0	26.0	27.0	28.0	29.0	30.0	31.0	32.0	33.0	34.0	35.0	36.0	37.0	38.0	39.0	40.0
GRASO_170	40.0	660.0	4949.0	20591.0	47162.0	67729.0	71481.0	75399.0	78124.0	87600.0	97531.0	117764.0	137523.0	165573.0	192569.0	240866.0	304608.0	421737.0	618540.0	985127.0	1653829.0	4403095.0	23905747.0	4958484.0
	16.0	17.0	18.0	19.0	20.0	21.0	22.0	23.0	24.0	25.0	26.0	27.0	28.0	29.0	30.0	31.0	32.0	33.0	34.0	35.0	36.0	37.0	38.0	39.0	40.0
GRASO_171	1.0	36.0	640.0	4711.0	20423.0	48686.0	72585.0	80176.0	87513.0	93072.0	105584.0	118727.0	142352.0	166526.0	199590.0	232534.0	290407.0	366036.0	503914.0	731632.0	1155155.0	1932809.0	5059720.0	25550184.0	4978566.0
	15.0	16.0	17.0	18.0	19.0	20.0	21.0	22.0	23.0	24.0	25.0	26.0	27.0	28.0	29.0	30.0	31.0	32.0	33.0	34.0	35.0	36.0	37.0	38.0	39.0	40.0
GRASO_172	1.0	1.0	34.0	553.0	4096.0	16164.0	37201.0	56019.0	65149.0	73020.0	79841.0	91151.0	103947.0	128077.0	143181.0	165180.0	190086.0	244306.0	308438.0	418979.0	580291.0	914440.0	1481905.0	3560110.0	16159967.0	3878344.0
	16.0	17.0	18.0	19.0	20.0	21.0	22.0	23.0	24.0	25.0	26.0	27.0	28.0	29.0	30.0	31.0	32.0	33.0	34.0	35.0	36.0	37.0	38.0	39.0	40.0
GRASO_173	4.0	50.0	499.0	3233.0	13471.0	30342.0	45109.0	50185.0	56007.0	59088.0	67409.0	74959.0	89548.0	102513.0	121957.0	140964.0	180039.0	224776.0	306652.0	437460.0	692512.0	1140223.0	2834149.0	13259788.0	2766694.0
	16.0	17.0	18.0	19.0	20.0	21.0	22.0	23.0	24.0	25.0	26.0	27.0	28.0	29.0	30.0	31.0	32.0	33.0	34.0	35.0	36.0	37.0	38.0	39.0	40.0
GRASO_174	3.0	29.0	373.0	2496.0	10979.0	26014.0	38341.0	41921.0	45330.0	47688.0	53632.0	60173.0	71941.0	83901.0	100226.0	116019.0	143836.0	180060.0	247933.0	357987.0	571747.0	956972.0	2534717.0	14201282.0	2938358.0
	16.0	17.0	18.0	19.0	20.0	21.0	22.0	23.0	24.0	25.0	26.0	27.0	28.0	29.0	30.0	31.0	32.0	33.0	34.0	35.0	36.0	37.0	38.0	39.0	40.0
GRASO_175	1.0	30.0	393.0	2907.0	12738.0	31705.0	49404.0	55597.0	59973.0	64003.0	72673.0	81880.0	99044.0	115633.0	138970.0	161655.0	203511.0	256656.0	353447.0	511577.0	807192.0	1328255.0	3379006.0	17326794.0	3759544.0
	16.0	17.0	18.0	19.0	20.0	21.0	22.0	23.0	24.0	25.0	26.0	27.0	28.0	29.0	30.0	31.0	32.0	33.0	34.0	35.0	36.0	37.0	38.0	39.0	40.0
GRASO_176	1.0	24.0	482.0	3570.0	15614.0	35741.0	51371.0	55118.0	58701.0	61428.0	68824.0	75669.0	90642.0	105701.0	125561.0	144971.0	179629.0	225255.0	308870.0	447314.0	709240.0	1178745.0	3078288.0	16506832.0	3443165.0
	16.0	17.0	18.0	19.0	20.0	21.0	22.0	23.0	24.0	25.0	26.0	27.0	28.0	29.0	30.0	31.0	32.0	33.0	34.0	35.0	36.0	37.0	38.0	39.0	40.0
GRASO_177	1.0	20.0	304.0	2272.0	10211.0	24531.0	36371.0	40336.0	43804.0	45862.0	51787.0	57550.0	69230.0	80440.0	96417.0	112457.0	140038.0	177356.0	243975.0	356810.0	564883.0	951383.0	2528829.0	13444770.0	2735384.0
	16.0	17.0	18.0	19.0	20.0	21.0	22.0	23.0	24.0	25.0	26.0	27.0	28.0	29.0	30.0	31.0	32.0	33.0	34.0	35.0	36.0	37.0	38.0	39.0	40.0
GRASO_178	2.0	42.0	509.0	3581.0	15632.0	38505.0	58100.0	64929.0	70341.0	74834.0	85091.0	95422.0	115176.0	135738.0	161977.0	191230.0	239444.0	302335.0	417896.0	611267.0	973098.0	1648539.0	4421529.0	22969049.0	4256219.0
	16.0	17.0	18.0	19.0	20.0	21.0	22.0	23.0	24.0	25.0	26.0	27.0	28.0	29.0	30.0	31.0	32.0	33.0	34.0	35.0	36.0	37.0	38.0	39.0	40.0
GRASO_179	3.0	76.0	953.0	6929.0	29162.0	67749.0	99762.0	109607.0	117790.0	124382.0	139354.0	156534.0	186505.0	217270.0	259874.0	301503.0	373269.0	469678.0	644351.0	935230.0	1465067.0	2430708.0	6259280.0	30628733.0	5821626.0
	16.0	17.0	18.0	19.0	20.0	21.0	22.0	23.0	24.0	25.0	26.0	27.0	28.0	29.0	30.0	31.0	32.0	33.0	34.0	35.0	36.0	37.0	38.0	39.0	40.0
GRASO_180	9.0	37.0	633.0	4715.0	19655.0	47079.0	70165.0	78120.0	84066.0	89217.0	100243.0	112131.0	134591.0	156999.0	186539.0	218308.0	271701.0	341443.0	470401.0	680875.0	1074764.0	1787917.0	4634310.0	23384228.0	4663860.0
	16.0	17.0	18.0	19.0	20.0	21.0	22.0	23.0	24.0	25.0	26.0	27.0	28.0	29.0	30.0	31.0	32.0	33.0	34.0	35.0	36.0	37.0	38.0	39.0	40.0
HIGADO_01	3.0	28.0	440.0	3153.0	12921.0	29128.0	43385.0	48318.0	52528.0	56647.0	64045.0	70774.0	84646.0	98594.0	117350.0	137541.0	171591.0	217256.0	300514.0	439660.0	696982.0	1171020.0	3127460.0	16604338.0	3452788.0
	16.0	17.0	18.0	19.0	20.0	21.0	22.0	23.0	24.0	25.0	26.0	27.0	28.0	29.0	30.0	31.0	32.0	33.0	34.0	35.0	36.0	37.0	38.0	39.0	40.0
HIGADO_02	6.0	48.0	777.0	5149.0	20637.0	48086.0	70883.0	77976.0	84601.0	90375.0	101839.0	112413.0	134394.0	156896.0	186145.0	216795.0	268163.0	334369.0	460287.0	667739.0	1047955.0	1706431.0	4390075.0	24852124.0	5562828.0
	16.0	17.0	18.0	19.0	20.0	21.0	22.0	23.0	24.0	25.0	26.0	27.0	28.0	29.0	30.0	31.0	32.0	33.0	34.0	35.0	36.0	37.0	38.0	39.0	40.0
HIGADO_03	1.0	52.0	713.0	4700.0	18983.0	42086.0	60838.0	66812.0	71895.0	75704.0	85285.0	94105.0	111198.0	129582.0	154175.0	179883.0	222655.0	280081.0	387257.0	565599.0	895155.0	1491450.0	3963863.0	21637400.0	4424711.0
	16.0	17.0	18.0	19.0	20.0	21.0	22.0	23.0	24.0	25.0	26.0	27.0	28.0	29.0	30.0	31.0	32.0	33.0	34.0	35.0	36.0	37.0	38.0	39.0	40.0
HIGADO_04	2.0	58.0	726.0	4824.0	18823.0	42611.0	61168.0	67837.0	74276.0	79174.0	88298.0	96068.0	114041.0	131040.0	156206.0	181329.0	223487.0	281815.0	384215.0	556948.0	871045.0	1431953.0	3740226.0	19574310.0	4358079.0
	16.0	17.0	18.0	19.0	20.0	21.0	22.0	23.0	24.0	25.0	26.0	27.0	28.0	29.0	30.0	31.0	32.0	33.0	34.0	35.0	36.0	37.0	38.0	39.0	40.0
HIGADO_05	2.0	35.0	403.0	2973.0	12522.0	30118.0	45046.0	50003.0	54785.0	58926.0	66874.0	75018.0	90257.0	107034.0	127613.0	149599.0	187590.0	238264.0	331739.0	488218.0	777007.0	1306348.0	3553016.0	20021189.0	4356634.0
	16.0	17.0	18.0	19.0	20.0	21.0	22.0	23.0	24.0	25.0	26.0	27.0	28.0	29.0	30.0	31.0	32.0	33.0	34.0	35.0	36.0	37.0	38.0	39.0	40.0
HIGADO_06	4.0	56.0	750.0	4951.0	19503.0	43576.0	63608.0	69913.0	74632.0	79117.0	88121.0	97730.0	116144.0	135493.0	161744.0	189461.0	236886.0	298367.0	414771.0	606435.0	961709.0	1607693.0	4271136.0	22140801.0	4206034.0
	16.0	17.0	18.0	19.0	20.0	21.0	22.0	23.0	24.0	25.0	26.0	27.0	28.0	29.0	30.0	31.0	32.0	33.0	34.0	35.0	36.0	37.0	38.0	39.0	40.0
HIGADO_07	4.0	77.0	998.0	6745.0	27518.0	63249.0	95009.0	106965.0	117135.0	123953.0	138620.0	151965.0	179323.0	206385.0	243790.0	283397.0	349614.0	437573.0	597407.0	864745.0	1357135.0	2230725.0	5792202.0	31202661.0	6542616.0
	15.0	16.0	17.0	18.0	19.0	20.0	21.0	22.0	23.0	24.0	25.0	26.0	27.0	28.0	29.0	30.0	31.0	32.0	33.0	34.0	35.0	36.0	37.0	38.0	39.0	40.0
HIGADO_08	1.0	2.0	68.0	761.0	5294.0	20942.0	47436.0	70537.0	78660.0	83890.0	90262.0	103249.0	108346.0	128001.0	149429.0	177702.0	206509.0	256869.0	325631.0	443153.0	647387.0	1021402.0	1696791.0	4501407.0	24420552.0	5024647.0
	16.0	17.0	18.0	19.0	20.0	21.0	22.0	23.0	24.0	25.0	26.0	27.0	28.0	29.0	30.0	31.0	32.0	33.0	34.0	35.0	36.0	37.0	38.0	39.0	40.0
HIGADO_09	2.0	30.0	464.0	3414.0	13829.0	32958.0	49177.0	55036.0	60107.0	64833.0	72921.0	81023.0	96696.0	112912.0	134362.0	158636.0	197101.0	248795.0	346542.0	506676.0	799920.0	1336775.0	3554544.0	18830631.0	3919078.0
	16.0	17.0	18.0	19.0	20.0	21.0	22.0	23.0	24.0	25.0	26.0	27.0	28.0	29.0	30.0	31.0	32.0	33.0	34.0	35.0	36.0	37.0	38.0	39.0	40.0
HIGADO_10	2.0	62.0	725.0	5141.0	20481.0	47383.0	71161.0	80695.0	89812.0	97596.0	110392.0	121283.0	143469.0	165899.0	196193.0	227277.0	281524.0	352041.0	480098.0	689098.0	1061627.0	1708109.0	4354384.0	23081073.0	5115571.0
	16.0	17.0	18.0	19.0	20.0	21.0	22.0	23.0	24.0	25.0	26.0	27.0	28.0	29.0	30.0	31.0	32.0	33.0	34.0	35.0	36.0	37.0	38.0	39.0	40.0
HIGADO_11	4.0	51.0	826.0	5526.0	22875.0	54287.0	83302.0	93891.0	104184.0	111625.0	125565.0	138074.0	162165.0	186531.0	221833.0	259247.0	321886.0	405030.0	554605.0	798922.0	1247517.0	2055486.0	5350301.0	27020563.0	5102603.0
	16.0	17.0	18.0	19.0	20.0	21.0	22.0	23.0	24.0	25.0	26.0	27.0	28.0	29.0	30.0	31.0	32.0	33.0	34.0	35.0	36.0	37.0	38.0	39.0	40.0
HIGADO_12	2.0	50.0	582.0	4336.0	18110.0	43948.0	66395.0	75006.0	82445.0	88696.0	100728.0	111474.0	132347.0	154296.0	184007.0	216926.0	270216.0	341493.0	468473.0	684783.0	1076954.0	1781516.0	4721568.0	25606444.0	5457782.0
	15.0	16.0	17.0	18.0	19.0	20.0	21.0	22.0	23.0	24.0	25.0	26.0	27.0	28.0	29.0	30.0	31.0	32.0	33.0	34.0	35.0	36.0	37.0	38.0	39.0	40.0
HIGADO_13	1.0	3.0	91.0	1204.0	7808.0	31767.0	73128.0	108614.0	122911.0	134969.0	143743.0	159299.0	175929.0	207364.0	239606.0	283799.0	331026.0	411444.0	513728.0	705383.0	1021834.0	1599015.0	2637752.0	6882422.0	35867372.0	7028469.0
	15.0	16.0	17.0	18.0	19.0	20.0	21.0	22.0	23.0	24.0	25.0	26.0	27.0	28.0	29.0	30.0	31.0	32.0	33.0	34.0	35.0	36.0	37.0	38.0	39.0	40.0
HIGADO_14	1.0	4.0	91.0	838.0	6194.0	26005.0	62497.0	92404.0	101738.0	109852.0	116492.0	131179.0	145905.0	175797.0	203702.0	243455.0	284615.0	354143.0	447495.0	619035.0	904335.0	1425954.0	2346013.0	6130175.0	33678987.0	7270531.0
	16.0	17.0	18.0	19.0	20.0	21.0	22.0	23.0	24.0	25.0	26.0	27.0	28.0	29.0	30.0	31.0	32.0	33.0	34.0	35.0	36.0	37.0	38.0	39.0	40.0
HIGADO_15	5.0	84.0	1062.0	7504.0	30401.0	70817.0	106777.0	121414.0	131270.0	139230.0	154107.0	170209.0	199100.0	230420.0	271506.0	316632.0	389851.0	486758.0	659958.0	946763.0	1473790.0	2407675.0	6302552.0	33125006.0	6382532.0
	16.0	17.0	18.0	19.0	20.0	21.0	22.0	23.0	24.0	25.0	26.0	27.0	28.0	29.0	30.0	31.0	32.0	33.0	34.0	35.0	36.0	37.0	38.0	39.0	40.0
HIGADO_16	1.0	61.0	742.0	4828.0	18993.0	43569.0	65203.0	73327.0	79408.0	84107.0	94822.0	103707.0	122418.0	141626.0	167847.0	194985.0	239433.0	300607.0	408921.0	589561.0	917676.0	1500255.0	3891127.0	20741320.0	4214377.0
	16.0	17.0	18.0	19.0	20.0	21.0	22.0	23.0	24.0	25.0	26.0	27.0	28.0	29.0	30.0	31.0	32.0	33.0	34.0	35.0	36.0	37.0	38.0	39.0	40.0
HIGADO_17	2.0	46.0	719.0	5481.0	22305.0	53044.0	79154.0	88930.0	96632.0	103859.0	117301.0	129476.0	154367.0	181088.0	216286.0	252124.0	312686.0	394318.0	545317.0	797063.0	1258000.0	2076446.0	5387526.0	29620663.0	6869496.0
	16.0	17.0	18.0	19.0	20.0	21.0	22.0	23.0	24.0	25.0	26.0	27.0	28.0	29.0	30.0	31.0	32.0	33.0	34.0	35.0	36.0	37.0	38.0	39.0	40.0
HIGADO_18	5.0	91.0	1266.0	8234.0	31955.0	72479.0	106503.0	119997.0	130515.0	139050.0	156396.0	172745.0	204591.0	238219.0	282174.0	329973.0	409946.0	515062.0	707332.0	1030432.0	1614988.0	2651803.0	6984726.0	38260149.0	7953805.0
	16.0	17.0	18.0	19.0	20.0	21.0	22.0	23.0	24.0	25.0	26.0	27.0	28.0	29.0	30.0	31.0	32.0	33.0	34.0	35.0	36.0	37.0	38.0	39.0	40.0
HIGADO_19	3.0	49.0	681.0	5035.0	20909.0	48657.0	72504.0	81222.0	88749.0	95552.0	107834.0	119921.0	143208.0	167969.0	199373.0	235485.0	291971.0	370824.0	511389.0	745199.0	1175263.0	1956350.0	5235243.0	28417817.0	5724081.0
	16.0	17.0	18.0	19.0	20.0	21.0	22.0	23.0	24.0	25.0	26.0	27.0	28.0	29.0	30.0	31.0	32.0	33.0	34.0	35.0	36.0	37.0	38.0	39.0	40.0
HIGADO_20	1.0	51.0	533.0	3726.0	15730.0	36953.0	55053.0	61590.0	67156.0	71052.0	80057.0	89380.0	105204.0	121994.0	146048.0	170517.0	212831.0	268507.0	368752.0	537383.0	844903.0	1414171.0	3780502.0	19130294.0	3422201.0
	16.0	17.0	18.0	19.0	20.0	21.0	22.0	23.0	24.0	25.0	26.0	27.0	28.0	29.0	30.0	31.0	32.0	33.0	34.0	35.0	36.0	37.0	38.0	39.0	40.0
HIGADO_21	6.0	83.0	1208.0	8635.0	35384.0	83858.0	126403.0	141566.0	153165.0	165107.0	185693.0	205391.0	245699.0	288166.0	343198.0	401267.0	499095.0	630266.0	865198.0	1260153.0	1980619.0	3256712.0	8448119.0	44614093.0	9645011.0
	16.0	17.0	18.0	19.0	20.0	21.0	22.0	23.0	24.0	25.0	26.0	27.0	28.0	29.0	30.0	31.0	32.0	33.0	34.0	35.0	36.0	37.0	38.0	39.0	40.0
HIGADO_22	2.0	34.0	421.0	2877.0	11004.0	24954.0	36326.0	40847.0	45104.0	48449.0	54483.0	60383.0	71745.0	82776.0	98666.0	114300.0	142918.0	179370.0	246763.0	358713.0	568093.0	948413.0	2499430.0	12948430.0	2648754.0
	16.0	17.0	18.0	19.0	20.0	21.0	22.0	23.0	24.0	25.0	26.0	27.0	28.0	29.0	30.0	31.0	32.0	33.0	34.0	35.0	36.0	37.0	38.0	39.0	40.0
HIGADO_23	4.0	58.0	865.0	6102.0	25107.0	58665.0	86576.0	97736.0	106935.0	113975.0	127351.0	140001.0	165305.0	190819.0	226858.0	263078.0	325638.0	408270.0	554901.0	802392.0	1243087.0	2025800.0	5212170.0	27811490.0	5826654.0
	16.0	17.0	18.0	19.0	20.0	21.0	22.0	23.0	24.0	25.0	26.0	27.0	28.0	29.0	30.0	31.0	32.0	33.0	34.0	35.0	36.0	37.0	38.0	39.0	40.0
HIGADO_24	1.0	81.0	921.0	6586.0	26395.0	60882.0	90624.0	101118.0	108575.0	114174.0	127020.0	140075.0	166234.0	193148.0	228130.0	265073.0	326444.0	407808.0	556273.0	803131.0	1254206.0	2038238.0	5217430.0	29296624.0	6622220.0
	17.0	18.0	19.0	20.0	21.0	22.0	23.0	24.0	25.0	26.0	27.0	28.0	29.0	30.0	31.0	32.0	33.0	34.0	35.0	36.0	37.0	38.0	39.0	40.0
HIGADO_25	23.0	359.0	2464.0	9691.0	21838.0	31150.0	33894.0	35742.0	37312.0	41398.0	46606.0	55489.0	65103.0	77923.0	91268.0	114632.0	145460.0	200939.0	297155.0	474443.0	801999.0	2179774.0	12123297.0	2638755.0
	16.0	17.0	18.0	19.0	20.0	21.0	22.0	23.0	24.0	25.0	26.0	27.0	28.0	29.0	30.0	31.0	32.0	33.0	34.0	35.0	36.0	37.0	38.0	39.0	40.0
HIGADO_26	2.0	33.0	381.0	2953.0	11956.0	28429.0	43375.0	47778.0	52742.0	56420.0	63156.0	71098.0	85073.0	99677.0	118630.0	139388.0	173491.0	219738.0	302789.0	443291.0	702899.0	1174268.0	3116064.0	17025613.0	3499345.0
	15.0	16.0	17.0	18.0	19.0	20.0	21.0	22.0	23.0	24.0	25.0	26.0	27.0	28.0	29.0	30.0	31.0	32.0	33.0	34.0	35.0	36.0	37.0	38.0	39.0	40.0
HIGADO_27	1.0	7.0	51.0	708.0	5116.0	20962.0	47596.0	68485.0	73431.0	78052.0	82209.0	91667.0	102781.0	123242.0	143928.0	171702.0	200027.0	248057.0	312142.0	430483.0	631201.0	999739.0	1661751.0	4414394.0	25139043.0	5525035.0
	16.0	17.0	18.0	19.0	20.0	21.0	22.0	23.0	24.0	25.0	26.0	27.0	28.0	29.0	30.0	31.0	32.0	33.0	34.0	35.0	36.0	37.0	38.0	39.0	40.0
HIGADO_28	3.0	32.0	422.0	2953.0	12682.0	28482.0	41351.0	44635.0	46979.0	49528.0	54765.0	61594.0	73416.0	86790.0	103877.0	121848.0	151489.0	193488.0	268268.0	395001.0	628419.0	1060557.0	2859523.0	15627007.0	3301969.0
	17.0	18.0	19.0	20.0	21.0	22.0	23.0	24.0	25.0	26.0	27.0	28.0	29.0	30.0	31.0	32.0	33.0	34.0	35.0	36.0	37.0	38.0	39.0	40.0
HIGADO_29	33.0	422.0	3051.0	12802.0	30218.0	45098.0	50335.0	54943.0	58082.0	64657.0	72590.0	86669.0	101159.0	120390.0	141385.0	175825.0	223028.0	306246.0	450772.0	713508.0	1190682.0	3147944.0	16673302.0	3348653.0
	16.0	17.0	18.0	19.0	20.0	21.0	22.0	23.0	24.0	25.0	26.0	27.0	28.0	29.0	30.0	31.0	32.0	33.0	34.0	35.0	36.0	37.0	38.0	39.0	40.0
HIGADO_30	5.0	44.0	636.0	4511.0	18548.0	41038.0	59328.0	64461.0	68217.0	71858.0	80050.0	88883.0	105770.0	124361.0	147682.0	172557.0	214099.0	268156.0	371546.0	543179.0	858146.0	1433867.0	3834307.0	21198606.0	4387601.0
	16.0	17.0	18.0	19.0	20.0	21.0	22.0	23.0	24.0	25.0	26.0	27.0	28.0	29.0	30.0	31.0	32.0	33.0	34.0	35.0	36.0	37.0	38.0	39.0	40.0
HIGADO_31	4.0	39.0	477.0	3017.0	12495.0	29218.0	43877.0	49143.0	53574.0	57109.0	64097.0	70554.0	84512.0	98376.0	118341.0	139461.0	174942.0	222329.0	306626.0	449705.0	715899.0	1222439.0	3329542.0	16135889.0	2590480.0
	16.0	17.0	18.0	19.0	20.0	21.0	22.0	23.0	24.0	25.0	26.0	27.0	28.0	29.0	30.0	31.0	32.0	33.0	34.0	35.0	36.0	37.0	38.0	39.0	40.0
HIGADO_32	2.0	24.0	370.0	2617.0	11435.0	27080.0	40733.0	45309.0	49371.0	52678.0	59353.0	66271.0	79582.0	92897.0	111053.0	130724.0	162561.0	204687.0	283910.0	415819.0	658703.0	1105857.0	2960800.0	16169778.0	3489777.0
	15.0	16.0	17.0	18.0	19.0	20.0	21.0	22.0	23.0	24.0	25.0	26.0	27.0	28.0	29.0	30.0	31.0	32.0	33.0	34.0	35.0	36.0	37.0	38.0	39.0	40.0
HIGADO_33	1.0	3.0	44.0	533.0	3768.0	15030.0	35778.0	52963.0	59815.0	66184.0	71070.0	79356.0	87978.0	104543.0	120717.0	143755.0	168089.0	209195.0	263678.0	362295.0	528062.0	833016.0	1387063.0	3670195.0	19758815.0	4116142.0
	16.0	17.0	18.0	19.0	20.0	21.0	22.0	23.0	24.0	25.0	26.0	27.0	28.0	29.0	30.0	31.0	32.0	33.0	34.0	35.0	36.0	37.0	38.0	39.0	40.0
HIGADO_34	3.0	91.0	1121.0	7326.0	29935.0	67858.0	100018.0	111446.0	120491.0	128599.0	142760.0	158747.0	188628.0	219945.0	261900.0	305699.0	380877.0	481225.0	663144.0	972232.0	1534611.0	2562733.0	6775734.0	36140538.0	7313029.0
	16.0	17.0	18.0	19.0	20.0	21.0	22.0	23.0	24.0	25.0	26.0	27.0	28.0	29.0	30.0	31.0	32.0	33.0	34.0	35.0	36.0	37.0	38.0	39.0	40.0
HIGADO_35	3.0	51.0	665.0	4256.0	16861.0	38447.0	57017.0	63535.0	68887.0	73475.0	81302.0	89618.0	106317.0	122772.0	145031.0	168527.0	208739.0	260860.0	357958.0	518128.0	811097.0	1332706.0	3435991.0	17828523.0	3792835.0
	16.0	17.0	18.0	19.0	20.0	21.0	22.0	23.0	24.0	25.0	26.0	27.0	28.0	29.0	30.0	31.0	32.0	33.0	34.0	35.0	36.0	37.0	38.0	39.0	40.0
HIGADO_36	1.0	34.0	604.0	4223.0	17589.0	41172.0	60664.0	67436.0	73401.0	78578.0	87754.0	98738.0	118465.0	138229.0	164469.0	191569.0	238613.0	301643.0	416540.0	607762.0	960229.0	1581975.0	4133938.0	22945764.0	5013175.0
	16.0	17.0	18.0	19.0	20.0	21.0	22.0	23.0	24.0	25.0	26.0	27.0	28.0	29.0	30.0	31.0	32.0	33.0	34.0	35.0	36.0	37.0	38.0	39.0	40.0
HIGADO_37	4.0	32.0	515.0	3410.0	13889.0	32345.0	48254.0	53550.0	58507.0	62342.0	70214.0	78216.0	93797.0	109581.0	130054.0	153260.0	190506.0	241223.0	332265.0	484640.0	766167.0	1291139.0	3431406.0	17189763.0	3359206.0
	16.0	17.0	18.0	19.0	20.0	21.0	22.0	23.0	24.0	25.0	26.0	27.0	28.0	29.0	30.0	31.0	32.0	33.0	34.0	35.0	36.0	37.0	38.0	39.0	40.0
HIGADO_38	2.0	32.0	373.0	2728.0	11818.0	28256.0	43632.0	48486.0	52943.0	56985.0	64132.0	71607.0	86547.0	102050.0	122144.0	143362.0	180891.0	230568.0	320786.0	470552.0	752914.0	1272462.0	3433703.0	17000286.0	2958791.0
	16.0	17.0	18.0	19.0	20.0	21.0	22.0	23.0	24.0	25.0	26.0	27.0	28.0	29.0	30.0	31.0	32.0	33.0	34.0	35.0	36.0	37.0	38.0	39.0	40.0
HIGADO_39	1.0	63.0	651.0	4352.0	17562.0	40481.0	59945.0	66928.0	72877.0	77807.0	86368.0	96185.0	113910.0	132042.0	157216.0	183440.0	227106.0	286536.0	392362.0	568580.0	893260.0	1482723.0	3936094.0	20989104.0	4133342.0
	16.0	17.0	18.0	19.0	20.0	21.0	22.0	23.0	24.0	25.0	26.0	27.0	28.0	29.0	30.0	31.0	32.0	33.0	34.0	35.0	36.0	37.0	38.0	39.0	40.0
HIGADO_40	1.0	50.0	583.0	3997.0	15510.0	35525.0	52346.0	57751.0	62455.0	67122.0	75240.0	82849.0	98422.0	114958.0	136745.0	159392.0	196961.0	248125.0	340650.0	494733.0	776236.0	1287936.0	3378314.0	18188679.0	3928614.0
	15.0	16.0	17.0	18.0	19.0	20.0	21.0	22.0	23.0	24.0	25.0	26.0	27.0	28.0	29.0	30.0	31.0	32.0	33.0	34.0	35.0	36.0	37.0	38.0	39.0	40.0
HIGADO_41	1.0	4.0	72.0	953.0	6116.0	24504.0	56290.0	82739.0	93591.0	101672.0	108375.0	120653.0	134198.0	158415.0	184402.0	219358.0	254749.0	316054.0	396235.0	545546.0	794698.0	1242885.0	2045357.0	5306233.0	29209751.0	6330699.0
	16.0	17.0	18.0	19.0	20.0	21.0	22.0	23.0	24.0	25.0	26.0	27.0	28.0	29.0	30.0	31.0	32.0	33.0	34.0	35.0	36.0	37.0	38.0	39.0	40.0
HIGADO_42	2.0	67.0	868.0	5834.0	23799.0	54821.0	81134.0	89648.0	95906.0	101001.0	113482.0	125505.0	148234.0	172850.0	206025.0	239805.0	296166.0	370243.0	508716.0	739485.0	1162259.0	1908132.0	4948757.0	27274675.0	6233998.0
	16.0	17.0	18.0	19.0	20.0	21.0	22.0	23.0	24.0	25.0	26.0	27.0	28.0	29.0	30.0	31.0	32.0	33.0	34.0	35.0	36.0	37.0	38.0	39.0	40.0
HIGADO_43	5.0	82.0	1089.0	7160.0	28470.0	61336.0	88706.0	94939.0	99097.0	102114.0	113677.0	125409.0	148889.0	172159.0	205655.0	239486.0	297517.0	374599.0	515904.0	754308.0	1193191.0	1995810.0	5292123.0	26560961.0	4491558.0
	16.0	17.0	18.0	19.0	20.0	21.0	22.0	23.0	24.0	25.0	26.0	27.0	28.0	29.0	30.0	31.0	32.0	33.0	34.0	35.0	36.0	37.0	38.0	39.0	40.0
HIGADO_44	3.0	36.0	523.0	3609.0	14320.0	33404.0	49426.0	55107.0	59977.0	64125.0	71947.0	80597.0	95986.0	112653.0	134554.0	158780.0	198433.0	252328.0	349301.0	509815.0	808077.0	1354673.0	3651722.0	18731722.0	3411575.0
	16.0	17.0	18.0	19.0	20.0	21.0	22.0	23.0	24.0	25.0	26.0	27.0	28.0	29.0	30.0	31.0	32.0	33.0	34.0	35.0	36.0	37.0	38.0	39.0	40.0
HIGADO_45	3.0	86.0	950.0	5869.0	22451.0	50970.0	75991.0	85627.0	91278.0	96563.0	108737.0	119606.0	142341.0	165711.0	197975.0	230337.0	288070.0	362058.0	499290.0	724914.0	1141723.0	1891253.0	4932508.0	24669474.0	4778683.0
	16.0	17.0	18.0	19.0	20.0	21.0	22.0	23.0	24.0	25.0	26.0	27.0	28.0	29.0	30.0	31.0	32.0	33.0	34.0	35.0	36.0	37.0	38.0	39.0	40.0
HIGADO_46	4.0	36.0	444.0	2946.0	12577.0	29789.0	44744.0	49946.0	53558.0	56792.0	64611.0	72555.0	85697.0	101241.0	120115.0	141486.0	175195.0	220932.0	302770.0	443183.0	698886.0	1152399.0	3065542.0	17510438.0	3726434.0
	16.0	17.0	18.0	19.0	20.0	21.0	22.0	23.0	24.0	25.0	26.0	27.0	28.0	29.0	30.0	31.0	32.0	33.0	34.0	35.0	36.0	37.0	38.0	39.0	40.0
HIGADO_47	1.0	46.0	413.0	3016.0	11982.0	27901.0	43107.0	49522.0	54668.0	57742.0	64527.0	71550.0	85603.0	99345.0	118240.0	138220.0	172800.0	218306.0	299210.0	435787.0	686819.0	1146312.0	3057666.0	15937479.0	3008394.0
	16.0	17.0	18.0	19.0	20.0	21.0	22.0	23.0	24.0	25.0	26.0	27.0	28.0	29.0	30.0	31.0	32.0	33.0	34.0	35.0	36.0	37.0	38.0	39.0	40.0
HIGADO_48	3.0	62.0	834.0	5388.0	20671.0	46213.0	69323.0	78323.0	80909.0	85510.0	95804.0	104095.0	121994.0	140430.0	166215.0	193737.0	238902.0	300228.0	409415.0	593320.0	929598.0	1523312.0	3915900.0	20551489.0	4172982.0
	16.0	17.0	18.0	19.0	20.0	21.0	22.0	23.0	24.0	25.0	26.0	27.0	28.0	29.0	30.0	31.0	32.0	33.0	34.0	35.0	36.0	37.0	38.0	39.0	40.0
HIGADO_49	2.0	79.0	1061.0	7391.0	30338.0	69382.0	103251.0	114196.0	123492.0	130170.0	145777.0	159161.0	188451.0	219480.0	258371.0	299770.0	370271.0	460714.0	629051.0	906588.0	1419811.0	2316210.0	5950268.0	32606490.0	7196101.0
	15.0	16.0	17.0	18.0	19.0	20.0	21.0	22.0	23.0	24.0	25.0	26.0	27.0	28.0	29.0	30.0	31.0	32.0	33.0	34.0	35.0	36.0	37.0	38.0	39.0	40.0
HIGADO_50	1.0	0.0	37.0	403.0	2909.0	12111.0	29758.0	44988.0	51448.0	55893.0	61074.0	68847.0	76657.0	92021.0	107852.0	130084.0	153138.0	193253.0	245747.0	341766.0	506575.0	809015.0	1350615.0	3613937.0	19984970.0	4208903.0
	16.0	17.0	18.0	19.0	20.0	21.0	22.0	23.0	24.0	25.0	26.0	27.0	28.0	29.0	30.0	31.0	32.0	33.0	34.0	35.0	36.0	37.0	38.0	39.0	40.0
HIGADO_51	1.0	45.0	563.0	3708.0	16160.0	36680.0	53726.0	58913.0	63934.0	67485.0	76061.0	83678.0	99243.0	114757.0	136576.0	159052.0	196873.0	247656.0	339283.0	494741.0	780598.0	1282109.0	3319941.0	18512468.0	4071063.0
	16.0	17.0	18.0	19.0	20.0	21.0	22.0	23.0	24.0	25.0	26.0	27.0	28.0	29.0	30.0	31.0	32.0	33.0	34.0	35.0	36.0	37.0	38.0	39.0	40.0
HIGADO_52	2.0	66.0	767.0	5117.0	20367.0	47455.0	71711.0	83380.0	92844.0	101171.0	114507.0	125193.0	147219.0	170927.0	202142.0	235980.0	292188.0	365486.0	497598.0	715704.0	1113060.0	1830051.0	4795324.0	25153507.0	5238489.0
	16.0	17.0	18.0	19.0	20.0	21.0	22.0	23.0	24.0	25.0	26.0	27.0	28.0	29.0	30.0	31.0	32.0	33.0	34.0	35.0	36.0	37.0	38.0	39.0	40.0
HIGADO_53	3.0	26.0	470.0	3246.0	13762.0	32077.0	48792.0	55202.0	60771.0	65620.0	73799.0	81861.0	96084.0	110581.0	132138.0	153253.0	188678.0	236691.0	323622.0	469144.0	732434.0	1206331.0	3147084.0	17040030.0	3674888.0
	16.0	17.0	18.0	19.0	20.0	21.0	22.0	23.0	24.0	25.0	26.0	27.0	28.0	29.0	30.0	31.0	32.0	33.0	34.0	35.0	36.0	37.0	38.0	39.0	40.0
HIGADO_54	3.0	50.0	594.0	4006.0	16124.0	37346.0	54919.0	60033.0	64571.0	68191.0	75928.0	85192.0	101715.0	119648.0	142271.0	166873.0	207362.0	263043.0	363393.0	533717.0	844540.0	1403060.0	3659017.0	19209830.0	4194718.0
	15.0	16.0	17.0	18.0	19.0	20.0	21.0	22.0	23.0	24.0	25.0	26.0	27.0	28.0	29.0	30.0	31.0	32.0	33.0	34.0	35.0	36.0	37.0	38.0	39.0	40.0
HIGADO_55	1.0	2.0	46.0	535.0	3719.0	15265.0	35500.0	52233.0	58777.0	63692.0	67583.0	75868.0	83587.0	98580.0	113872.0	135655.0	157632.0	194249.0	243813.0	333879.0	483567.0	756555.0	1250388.0	3255247.0	17079490.0	3549045.0
	15.0	16.0	17.0	18.0	19.0	20.0	21.0	22.0	23.0	24.0	25.0	26.0	27.0	28.0	29.0	30.0	31.0	32.0	33.0	34.0	35.0	36.0	37.0	38.0	39.0	40.0
HIGADO_56	1.0	1.0	46.0	502.0	3301.0	13457.0	31488.0	48148.0	56112.0	61375.0	66444.0	75171.0	81387.0	95438.0	110340.0	129967.0	152572.0	188645.0	236882.0	320976.0	461429.0	715245.0	1170352.0	3018590.0	15880040.0	3413912.0
	16.0	17.0	18.0	19.0	20.0	21.0	22.0	23.0	24.0	25.0	26.0	27.0	28.0	29.0	30.0	31.0	32.0	33.0	34.0	35.0	36.0	37.0	38.0	39.0	40.0
HIGADO_57	5.0	100.0	1100.0	6678.0	25350.0	55627.0	82699.0	95439.0	105828.0	113755.0	127169.0	137216.0	160344.0	181793.0	214665.0	248466.0	305734.0	379328.0	511300.0	726450.0	1116648.0	1802427.0	4615112.0	23511820.0	4816168.0
	16.0	17.0	18.0	19.0	20.0	21.0	22.0	23.0	24.0	25.0	26.0	27.0	28.0	29.0	30.0	31.0	32.0	33.0	34.0	35.0	36.0	37.0	38.0	39.0	40.0
HIGADO_58	4.0	52.0	613.0	4095.0	16308.0	36852.0	54948.0	62699.0	69928.0	76048.0	85589.0	93436.0	108046.0	124626.0	147268.0	170228.0	210773.0	265046.0	362247.0	525817.0	824540.0	1356260.0	3558755.0	18930353.0	3843085.0
	16.0	17.0	18.0	19.0	20.0	21.0	22.0	23.0	24.0	25.0	26.0	27.0	28.0	29.0	30.0	31.0	32.0	33.0	34.0	35.0	36.0	37.0	38.0	39.0	40.0
HIGADO_59	2.0	45.0	497.0	3513.0	14957.0	35026.0	52772.0	58988.0	63645.0	68321.0	76733.0	85482.0	100943.0	116960.0	138745.0	163138.0	201280.0	253672.0	348553.0	508433.0	806107.0	1334003.0	3478634.0	18681254.0	3986340.0
	16.0	17.0	18.0	19.0	20.0	21.0	22.0	23.0	24.0	25.0	26.0	27.0	28.0	29.0	30.0	31.0	32.0	33.0	34.0	35.0	36.0	37.0	38.0	39.0	40.0
HIGADO_60	1.0	77.0	902.0	5592.0	20925.0	46348.0	70055.0	83250.0	93260.0	102062.0	115345.0	122688.0	141835.0	161295.0	188151.0	218263.0	267629.0	333356.0	448057.0	631501.0	963721.0	1547160.0	3965186.0	19477233.0	3687265.0
	16.0	17.0	18.0	19.0	20.0	21.0	22.0	23.0	24.0	25.0	26.0	27.0	28.0	29.0	30.0	31.0	32.0	33.0	34.0	35.0	36.0	37.0	38.0	39.0	40.0
MUSCULO_100	10.0	156.0	1961.0	13120.0	50751.0	112712.0	165075.0	179323.0	190639.0	197796.0	216965.0	238803.0	282909.0	327985.0	386431.0	447683.0	552238.0	690247.0	946833.0	1370549.0	2157383.0	3539847.0	8993274.0	47320125.0	10439947.0
	16.0	17.0	18.0	19.0	20.0	21.0	22.0	23.0	24.0	25.0	26.0	27.0	28.0	29.0	30.0	31.0	32.0	33.0	34.0	35.0	36.0	37.0	38.0	39.0	40.0
MUSCULO_101	3.0	50.0	697.0	4850.0	20280.0	47666.0	71471.0	78871.0	85552.0	90504.0	101222.0	113076.0	135215.0	158151.0	187338.0	220226.0	274586.0	346411.0	480694.0	703470.0	1116509.0	1885516.0	5013980.0	25480504.0	4935366.0
	16.0	17.0	18.0	19.0	20.0	21.0	22.0	23.0	24.0	25.0	26.0	27.0	28.0	29.0	30.0	31.0	32.0	33.0	34.0	35.0	36.0	37.0	38.0	39.0	40.0
MUSCULO_102	1.0	26.0	415.0	2785.0	11226.0	25763.0	37602.0	41100.0	44164.0	46884.0	52209.0	58443.0	69691.0	80762.0	96544.0	112408.0	138809.0	175323.0	240643.0	351618.0	555683.0	924082.0	2414121.0	12705003.0	2833778.0
	15.0	16.0	17.0	18.0	19.0	20.0	21.0	22.0	23.0	24.0	25.0	26.0	27.0	28.0	29.0	30.0	31.0	32.0	33.0	34.0	35.0	36.0	37.0	38.0	39.0	40.0
MUSCULO_103	1.0	1.0	51.0	613.0	3880.0	15107.0	33257.0	49113.0	55486.0	60271.0	64343.0	72206.0	78035.0	92370.0	106346.0	125770.0	145853.0	179620.0	227214.0	310852.0	449195.0	704957.0	1163428.0	2972194.0	14937153.0	3065357.0
	16.0	17.0	18.0	19.0	20.0	21.0	22.0	23.0	24.0	25.0	26.0	27.0	28.0	29.0	30.0	31.0	32.0	33.0	34.0	35.0	36.0	37.0	38.0	39.0	40.0
MUSCULO_104	2.0	37.0	486.0	3595.0	15500.0	36241.0	54255.0	61650.0	66994.0	71223.0	79322.0	88399.0	106211.0	124966.0	149719.0	176489.0	219969.0	276869.0	382086.0	561155.0	898950.0	1515680.0	4025444.0	21632993.0	4546397.0
	16.0	17.0	18.0	19.0	20.0	21.0	22.0	23.0	24.0	25.0	26.0	27.0	28.0	29.0	30.0	31.0	32.0	33.0	34.0	35.0	36.0	37.0	38.0	39.0	40.0
MUSCULO_105	5.0	52.0	602.0	4104.0	16496.0	39710.0	60103.0	67942.0	73626.0	78104.0	87289.0	97682.0	116806.0	135979.0	163650.0	192002.0	238436.0	300586.0	415907.0	607934.0	967816.0	1611934.0	4136166.0	20110582.0	4189363.0
	16.0	17.0	18.0	19.0	20.0	21.0	22.0	23.0	24.0	25.0	26.0	27.0	28.0	29.0	30.0	31.0	32.0	33.0	34.0	35.0	36.0	37.0	38.0	39.0	40.0
MUSCULO_106	4.0	33.0	496.0	3268.0	13082.0	29804.0	44641.0	50222.0	53353.0	56609.0	63986.0	70402.0	84827.0	99105.0	118345.0	138729.0	172302.0	218816.0	302834.0	445318.0	711555.0	1188115.0	3084704.0	16000683.0	3355076.0
	16.0	17.0	18.0	19.0	20.0	21.0	22.0	23.0	24.0	25.0	26.0	27.0	28.0	29.0	30.0	31.0	32.0	33.0	34.0	35.0	36.0	37.0	38.0	39.0	40.0
MUSCULO_107	3.0	56.0	562.0	3860.0	16782.0	38956.0	59795.0	66138.0	72886.0	77052.0	86456.0	96602.0	115977.0	135288.0	161128.0	187832.0	233672.0	295011.0	406597.0	592977.0	946745.0	1582295.0	4133666.0	21226610.0	4510191.0
	16.0	17.0	18.0	19.0	20.0	21.0	22.0	23.0	24.0	25.0	26.0	27.0	28.0	29.0	30.0	31.0	32.0	33.0	34.0	35.0	36.0	37.0	38.0	39.0	40.0
MUSCULO_108	3.0	70.0	905.0	6375.0	25979.0	59498.0	88773.0	98627.0	107143.0	113867.0	127830.0	142623.0	171700.0	200362.0	240189.0	280850.0	352479.0	445125.0	619859.0	906581.0	1448414.0	2420231.0	6314645.0	32684723.0	6757756.0
	16.0	17.0	18.0	19.0	20.0	21.0	22.0	23.0	24.0	25.0	26.0	27.0	28.0	29.0	30.0	31.0	32.0	33.0	34.0	35.0	36.0	37.0	38.0	39.0	40.0
MUSCULO_109	5.0	39.0	430.0	2855.0	11667.0	27295.0	40399.0	44864.0	49198.0	52721.0	59520.0	66193.0	79482.0	93269.0	111475.0	130243.0	163270.0	206451.0	286935.0	421688.0	678944.0	1147316.0	3087091.0	16491558.0	3397264.0
	16.0	17.0	18.0	19.0	20.0	21.0	22.0	23.0	24.0	25.0	26.0	27.0	28.0	29.0	30.0	31.0	32.0	33.0	34.0	35.0	36.0	37.0	38.0	39.0	40.0
MUSCULO_110	1.0	40.0	444.0	3109.0	12432.0	29944.0	45063.0	51417.0	55897.0	60587.0	68097.0	74001.0	88716.0	103426.0	123215.0	144490.0	180377.0	229590.0	317150.0	464177.0	738352.0	1236349.0	3241267.0	16357689.0	3332735.0
	16.0	17.0	18.0	19.0	20.0	21.0	22.0	23.0	24.0	25.0	26.0	27.0	28.0	29.0	30.0	31.0	32.0	33.0	34.0	35.0	36.0	37.0	38.0	39.0	40.0
MUSCULO_111	5.0	49.0	505.0	3285.0	13347.0	30317.0	44824.0	50828.0	55580.0	59076.0	66787.0	73821.0	88756.0	103583.0	123164.0	142770.0	177321.0	222974.0	305811.0	446352.0	709023.0	1175568.0	3016390.0	15468626.0	3287032.0
	14.0	15.0	16.0	17.0	18.0	19.0	20.0	21.0	22.0	23.0	24.0	25.0	26.0	27.0	28.0	29.0	30.0	31.0	32.0	33.0	34.0	35.0	36.0	37.0	38.0	39.0	40.0
MUSCULO_112	1.0	0.0	1.0	67.0	679.0	4641.0	18011.0	41556.0	61121.0	66637.0	70707.0	74211.0	82489.0	91766.0	110131.0	129486.0	153962.0	179624.0	222914.0	281019.0	389313.0	570178.0	909518.0	1519157.0	3946241.0	20399366.0	4306447.0
	14.0	15.0	16.0	17.0	18.0	19.0	20.0	21.0	22.0	23.0	24.0	25.0	26.0	27.0	28.0	29.0	30.0	31.0	32.0	33.0	34.0	35.0	36.0	37.0	38.0	39.0	40.0
MUSCULO_113	1.0	0.0	0.0	45.0	719.0	5196.0	20703.0	47123.0	69129.0	75243.0	81156.0	85538.0	94843.0	105795.0	125794.0	147223.0	174447.0	200274.0	250183.0	312433.0	429390.0	618189.0	976185.0	1613386.0	4134283.0	20748213.0	4395913.0
	15.0	16.0	17.0	18.0	19.0	20.0	21.0	22.0	23.0	24.0	25.0	26.0	27.0	28.0	29.0	30.0	31.0	32.0	33.0	34.0	35.0	36.0	37.0	38.0	39.0	40.0
MUSCULO_114	1.0	5.0	43.0	535.0	3956.0	16101.0	38606.0	59085.0	67580.0	73294.0	78110.0	88253.0	98789.0	118689.0	138298.0	164920.0	191969.0	241110.0	301593.0	413826.0	595223.0	939303.0	1535275.0	3859689.0	19823215.0	4805738.0
	17.0	18.0	19.0	20.0	21.0	22.0	23.0	24.0	25.0	26.0	27.0	28.0	29.0	30.0	31.0	32.0	33.0	34.0	35.0	36.0	37.0	38.0	39.0	40.0
MUSCULO_115	55.0	653.0	4697.0	19774.0	47293.0	70988.0	79154.0	85501.0	90533.0	101013.0	113916.0	137697.0	160701.0	192693.0	224519.0	279927.0	353929.0	487440.0	711887.0	1135157.0	1881439.0	4847499.0	25907909.0	5856239.0
	15.0	16.0	17.0	18.0	19.0	20.0	21.0	22.0	23.0	24.0	25.0	26.0	27.0	28.0	29.0	30.0	31.0	32.0	33.0	34.0	35.0	36.0	37.0	38.0	39.0	40.0
MUSCULO_116	1.0	2.0	75.0	1093.0	7287.0	30131.0	70066.0	105638.0	118718.0	128417.0	135221.0	152001.0	169044.0	204354.0	239898.0	288382.0	338820.0	423322.0	535660.0	744030.0	1093753.0	1750207.0	2919914.0	7613032.0	40503495.0	8784481.0
	16.0	17.0	18.0	19.0	20.0	21.0	22.0	23.0	24.0	25.0	26.0	27.0	28.0	29.0	30.0	31.0	32.0	33.0	34.0	35.0	36.0	37.0	38.0	39.0	40.0
MUSCULO_117	3.0	36.0	362.0	2564.0	10608.0	25462.0	38195.0	42981.0	46686.0	49688.0	55298.0	62153.0	75230.0	88521.0	105263.0	122495.0	153307.0	194236.0	269583.0	395667.0	629401.0	1053641.0	2748950.0	14534196.0	3127997.0
	16.0	17.0	18.0	19.0	20.0	21.0	22.0	23.0	24.0	25.0	26.0	27.0	28.0	29.0	30.0	31.0	32.0	33.0	34.0	35.0	36.0	37.0	38.0	39.0	40.0
MUSCULO_118	1.0	39.0	587.0	4064.0	16541.0	38950.0	57376.0	63711.0	68938.0	73098.0	82101.0	90877.0	109779.0	127680.0	152761.0	178858.0	222241.0	280250.0	387221.0	565739.0	902971.0	1513550.0	4005953.0	21388040.0	4423375.0
	16.0	17.0	18.0	19.0	20.0	21.0	22.0	23.0	24.0	25.0	26.0	27.0	28.0	29.0	30.0	31.0	32.0	33.0	34.0	35.0	36.0	37.0	38.0	39.0	40.0
MUSCULO_119	1.0	37.0	485.0	3387.0	14262.0	34683.0	52526.0	59796.0	65026.0	68220.0	76644.0	84941.0	101681.0	118859.0	143278.0	167634.0	209102.0	263432.0	363356.0	532753.0	845968.0	1403892.0	3605112.0	18854123.0	4227177.0
	16.0	17.0	18.0	19.0	20.0	21.0	22.0	23.0	24.0	25.0	26.0	27.0	28.0	29.0	30.0	31.0	32.0	33.0	34.0	35.0	36.0	37.0	38.0	39.0	40.0
MUSCULO_120	3.0	38.0	445.0	3338.0	13935.0	32994.0	49822.0	55514.0	59722.0	62728.0	70319.0	78423.0	94299.0	109927.0	132286.0	154473.0	193355.0	243907.0	335754.0	494016.0	790314.0	1320577.0	3460004.0	18755726.0	4075163.0
	16.0	17.0	18.0	19.0	20.0	21.0	22.0	23.0	24.0	25.0	26.0	27.0	28.0	29.0	30.0	31.0	32.0	33.0	34.0	35.0	36.0	37.0	38.0	39.0	40.0
MUSCULO_61	1.0	87.0	1090.0	7310.0	28518.0	64570.0	94402.0	103849.0	112456.0	118952.0	132456.0	144582.0	171769.0	196999.0	233567.0	269734.0	331946.0	415753.0	570131.0	824204.0	1295543.0	2132255.0	5464805.0	28181185.0	5918733.0
	16.0	17.0	18.0	19.0	20.0	21.0	22.0	23.0	24.0	25.0	26.0	27.0	28.0	29.0	30.0	31.0	32.0	33.0	34.0	35.0	36.0	37.0	38.0	39.0	40.0
MUSCULO_62	3.0	49.0	616.0	4712.0	21076.0	52495.0	80491.0	89775.0	97459.0	104938.0	118499.0	134428.0	162607.0	193073.0	232982.0	276683.0	346801.0	444279.0	621966.0	922169.0	1483954.0	2496622.0	6573659.0	35462707.0	7922693.0
	15.0	16.0	17.0	18.0	19.0	20.0	21.0	22.0	23.0	24.0	25.0	26.0	27.0	28.0	29.0	30.0	31.0	32.0	33.0	34.0	35.0	36.0	37.0	38.0	39.0	40.0
MUSCULO_63	1.0	3.0	86.0	894.0	6334.0	26733.0	62907.0	94900.0	105188.0	112269.0	118549.0	132195.0	146708.0	173858.0	201706.0	240703.0	281788.0	351115.0	440802.0	607612.0	886147.0	1404650.0	2345851.0	6134561.0	30315126.0	5475507.0
	16.0	17.0	18.0	19.0	20.0	21.0	22.0	23.0	24.0	25.0	26.0	27.0	28.0	29.0	30.0	31.0	32.0	33.0	34.0	35.0	36.0	37.0	38.0	39.0	40.0
MUSCULO_64	1.0	43.0	499.0	3562.0	14928.0	34981.0	53134.0	58548.0	63653.0	68100.0	75704.0	83749.0	99839.0	115669.0	137860.0	160724.0	198536.0	248711.0	341866.0	496316.0	781866.0	1296129.0	3372002.0	18046086.0	3764433.0
	16.0	17.0	18.0	19.0	20.0	21.0	22.0	23.0	24.0	25.0	26.0	27.0	28.0	29.0	30.0	31.0	32.0	33.0	34.0	35.0	36.0	37.0	38.0	39.0	40.0
MUSCULO_65	4.0	33.0	399.0	2879.0	12246.0	29166.0	43131.0	47442.0	50535.0	53732.0	60211.0	66574.0	78804.0	92074.0	109650.0	127207.0	158365.0	198409.0	271460.0	395429.0	621347.0	1021377.0	2623422.0	14308921.0	3157644.0
	16.0	17.0	18.0	19.0	20.0	21.0	22.0	23.0	24.0	25.0	26.0	27.0	28.0	29.0	30.0	31.0	32.0	33.0	34.0	35.0	36.0	37.0	38.0	39.0	40.0
MUSCULO_66	3.0	30.0	404.0	3098.0	12067.0	27993.0	40739.0	44635.0	47476.0	50487.0	56429.0	62981.0	75505.0	88232.0	105644.0	122230.0	152947.0	193270.0	265023.0	387881.0	609838.0	1017882.0	2670294.0	14288710.0	3144344.0
	16.0	17.0	18.0	19.0	20.0	21.0	22.0	23.0	24.0	25.0	26.0	27.0	28.0	29.0	30.0	31.0	32.0	33.0	34.0	35.0	36.0	37.0	38.0	39.0	40.0
MUSCULO_67	4.0	24.0	521.0	3455.0	13986.0	32453.0	48502.0	54088.0	58102.0	62102.0	69501.0	77484.0	92257.0	107640.0	128035.0	149921.0	186938.0	233547.0	321574.0	466704.0	733543.0	1211769.0	3131799.0	16025179.0	3229090.0
	17.0	18.0	19.0	20.0	21.0	22.0	23.0	24.0	25.0	26.0	27.0	28.0	29.0	30.0	31.0	32.0	33.0	34.0	35.0	36.0	37.0	38.0	39.0	40.0
MUSCULO_68	35.0	434.0	2856.0	11589.0	27199.0	40464.0	44833.0	48711.0	50833.0	57189.0	63471.0	76911.0	89836.0	108354.0	127685.0	159452.0	202790.0	282932.0	415163.0	662523.0	1127073.0	3021588.0	14407323.0	2414094.0
	16.0	17.0	18.0	19.0	20.0	21.0	22.0	23.0	24.0	25.0	26.0	27.0	28.0	29.0	30.0	31.0	32.0	33.0	34.0	35.0	36.0	37.0	38.0	39.0	40.0
MUSCULO_69	2.0	20.0	325.0	2552.0	10619.0	24895.0	37043.0	41347.0	45242.0	47513.0	53579.0	60457.0	72073.0	85780.0	102008.0	119389.0	148939.0	189403.0	262507.0	385142.0	614500.0	1029397.0	2746898.0	14956722.0	3094646.0
	16.0	17.0	18.0	19.0	20.0	21.0	22.0	23.0	24.0	25.0	26.0	27.0	28.0	29.0	30.0	31.0	32.0	33.0	34.0	35.0	36.0	37.0	38.0	39.0	40.0
MUSCULO_70	3.0	42.0	661.0	4220.0	16880.0	37151.0	54501.0	59862.0	63871.0	66503.0	74265.0	81731.0	96706.0	112332.0	132290.0	153640.0	191901.0	238953.0	328300.0	470421.0	739952.0	1215680.0	3104440.0	16073963.0	3515371.0
	16.0	17.0	18.0	19.0	20.0	21.0	22.0	23.0	24.0	25.0	26.0	27.0	28.0	29.0	30.0	31.0	32.0	33.0	34.0	35.0	36.0	37.0	38.0	39.0	40.0
MUSCULO_71	2.0	36.0	410.0	2813.0	11857.0	27935.0	42695.0	46799.0	50451.0	53174.0	59795.0	67220.0	80766.0	94273.0	113211.0	132007.0	164397.0	207851.0	286272.0	418728.0	666451.0	1120262.0	2971363.0	16106499.0	3401071.0
	16.0	17.0	18.0	19.0	20.0	21.0	22.0	23.0	24.0	25.0	26.0	27.0	28.0	29.0	30.0	31.0	32.0	33.0	34.0	35.0	36.0	37.0	38.0	39.0	40.0
MUSCULO_72	1.0	32.0	275.0	2041.0	8082.0	19315.0	29112.0	31563.0	34467.0	36583.0	41171.0	45720.0	54580.0	64405.0	76470.0	90365.0	112818.0	142397.0	198013.0	291529.0	463954.0	781886.0	2102641.0	11258789.0	2243679.0
	16.0	17.0	18.0	19.0	20.0	21.0	22.0	23.0	24.0	25.0	26.0	27.0	28.0	29.0	30.0	31.0	32.0	33.0	34.0	35.0	36.0	37.0	38.0	39.0	40.0
MUSCULO_73	2.0	44.0	643.0	4390.0	18188.0	42335.0	63490.0	71013.0	76172.0	81141.0	91105.0	101122.0	120688.0	139947.0	167087.0	195796.0	242537.0	307323.0	423043.0	620544.0	987995.0	1646968.0	4302597.0	22809031.0	4977565.0
	16.0	17.0	18.0	19.0	20.0	21.0	22.0	23.0	24.0	25.0	26.0	27.0	28.0	29.0	30.0	31.0	32.0	33.0	34.0	35.0	36.0	37.0	38.0	39.0	40.0
MUSCULO_74	4.0	44.0	528.0	4201.0	17462.0	40816.0	60552.0	66962.0	72387.0	76869.0	86448.0	97701.0	116415.0	135815.0	162656.0	190769.0	239495.0	305070.0	425179.0	626380.0	1003687.0	1694405.0	4518924.0	23039547.0	4392245.0
	15.0	16.0	17.0	18.0	19.0	20.0	21.0	22.0	23.0	24.0	25.0	26.0	27.0	28.0	29.0	30.0	31.0	32.0	33.0	34.0	35.0	36.0	37.0	38.0	39.0	40.0
MUSCULO_75	1.0	2.0	48.0	632.0	4204.0	16469.0	38003.0	55500.0	60763.0	65106.0	68736.0	76199.0	84924.0	101063.0	118053.0	140094.0	164676.0	205135.0	260399.0	360633.0	528031.0	841280.0	1422427.0	3783913.0	19005445.0	3599990.0
	16.0	17.0	18.0	19.0	20.0	21.0	22.0	23.0	24.0	25.0	26.0	27.0	28.0	29.0	30.0	31.0	32.0	33.0	34.0	35.0	36.0	37.0	38.0	39.0	40.0
MUSCULO_76	2.0	21.0	425.0	3103.0	13414.0	31690.0	46976.0	51491.0	56384.0	60241.0	68280.0	77014.0	92501.0	107260.0	127680.0	149437.0	187336.0	236760.0	328392.0	483663.0	769417.0	1282295.0	3354512.0	18068842.0	3905983.0
	16.0	17.0	18.0	19.0	20.0	21.0	22.0	23.0	24.0	25.0	26.0	27.0	28.0	29.0	30.0	31.0	32.0	33.0	34.0	35.0	36.0	37.0	38.0	39.0	40.0
MUSCULO_77	5.0	70.0	1107.0	7820.0	32695.0	76050.0	112012.0	122438.0	131062.0	137883.0	153280.0	168761.0	201492.0	233903.0	277689.0	324561.0	403411.0	507784.0	702013.0	1026404.0	1630508.0	2738614.0	7159396.0	35263850.0	6577980.0
	16.0	17.0	18.0	19.0	20.0	21.0	22.0	23.0	24.0	25.0	26.0	27.0	28.0	29.0	30.0	31.0	32.0	33.0	34.0	35.0	36.0	37.0	38.0	39.0	40.0
MUSCULO_78	3.0	72.0	985.0	6434.0	26234.0	60915.0	92554.0	104641.0	115966.0	123640.0	138600.0	152651.0	179722.0	208864.0	247753.0	287746.0	357239.0	446552.0	611388.0	884938.0	1390703.0	2308453.0	6019758.0	31098583.0	6205982.0
	16.0	17.0	18.0	19.0	20.0	21.0	22.0	23.0	24.0	25.0	26.0	27.0	28.0	29.0	30.0	31.0	32.0	33.0	34.0	35.0	36.0	37.0	38.0	39.0	40.0
MUSCULO_79	2.0	41.0	560.0	4131.0	16851.0	40227.0	60294.0	67055.0	72843.0	77279.0	87223.0	97581.0	116051.0	136010.0	162717.0	189787.0	237107.0	300466.0	415191.0	611156.0	977812.0	1645803.0	4381857.0	23428136.0	4870959.0
	16.0	17.0	18.0	19.0	20.0	21.0	22.0	23.0	24.0	25.0	26.0	27.0	28.0	29.0	30.0	31.0	32.0	33.0	34.0	35.0	36.0	37.0	38.0	39.0	40.0
MUSCULO_80	4.0	34.0	434.0	3063.0	12506.0	29603.0	44956.0	50943.0	55042.0	58586.0	66282.0	73864.0	88593.0	103177.0	124235.0	146648.0	183678.0	234196.0	327200.0	482471.0	769730.0	1308534.0	3513872.0	17549383.0	3443568.0
	16.0	17.0	18.0	19.0	20.0	21.0	22.0	23.0	24.0	25.0	26.0	27.0	28.0	29.0	30.0	31.0	32.0	33.0	34.0	35.0	36.0	37.0	38.0	39.0	40.0
MUSCULO_81	2.0	48.0	537.0	3599.0	14587.0	33971.0	49818.0	55634.0	60784.0	64945.0	72593.0	80467.0	95270.0	109923.0	128328.0	148179.0	184594.0	232246.0	317929.0	464946.0	734172.0	1213500.0	3117408.0	16523159.0	3507928.0
	16.0	17.0	18.0	19.0	20.0	21.0	22.0	23.0	24.0	25.0	26.0	27.0	28.0	29.0	30.0	31.0	32.0	33.0	34.0	35.0	36.0	37.0	38.0	39.0	40.0
MUSCULO_82	2.0	47.0	621.0	4404.0	18236.0	42571.0	63159.0	69212.0	75519.0	79839.0	90620.0	100903.0	121934.0	142681.0	170760.0	199995.0	249536.0	315230.0	438659.0	640725.0	1024966.0	1723722.0	4561772.0	24397551.0	5195576.0
	16.0	17.0	18.0	19.0	20.0	21.0	22.0	23.0	24.0	25.0	26.0	27.0	28.0	29.0	30.0	31.0	32.0	33.0	34.0	35.0	36.0	37.0	38.0	39.0	40.0
MUSCULO_83	3.0	77.0	1039.0	7041.0	28684.0	64736.0	95655.0	106181.0	115529.0	122517.0	136068.0	149961.0	177840.0	206392.0	242243.0	281309.0	347205.0	434038.0	594421.0	865957.0	1360861.0	2235655.0	5689314.0	30396839.0	6553924.0
	16.0	17.0	18.0	19.0	20.0	21.0	22.0	23.0	24.0	25.0	26.0	27.0	28.0	29.0	30.0	31.0	32.0	33.0	34.0	35.0	36.0	37.0	38.0	39.0	40.0
MUSCULO_84	2.0	48.0	552.0	4326.0	18641.0	42660.0	61894.0	67800.0	73000.0	76739.0	86245.0	96574.0	115238.0	134335.0	159942.0	185695.0	230811.0	292190.0	405236.0	597478.0	947251.0	1581573.0	4113614.0	22421739.0	5034499.0
	16.0	17.0	18.0	19.0	20.0	21.0	22.0	23.0	24.0	25.0	26.0	27.0	28.0	29.0	30.0	31.0	32.0	33.0	34.0	35.0	36.0	37.0	38.0	39.0	40.0
MUSCULO_85	1.0	39.0	584.0	4378.0	18131.0	41698.0	60524.0	66366.0	72177.0	77193.0	86231.0	97441.0	115695.0	134172.0	157935.0	184335.0	228296.0	289406.0	401782.0	591645.0	945451.0	1575433.0	4106289.0	22895151.0	5163721.0
	16.0	17.0	18.0	19.0	20.0	21.0	22.0	23.0	24.0	25.0	26.0	27.0	28.0	29.0	30.0	31.0	32.0	33.0	34.0	35.0	36.0	37.0	38.0	39.0	40.0
MUSCULO_86	2.0	72.0	804.0	5428.0	21019.0	47394.0	71198.0	79728.0	86397.0	92336.0	101728.0	112322.0	131691.0	150878.0	178079.0	206892.0	255926.0	318661.0	438696.0	636344.0	998849.0	1653823.0	4251851.0	20207754.0	3783361.0
	16.0	17.0	18.0	19.0	20.0	21.0	22.0	23.0	24.0	25.0	26.0	27.0	28.0	29.0	30.0	31.0	32.0	33.0	34.0	35.0	36.0	37.0	38.0	39.0	40.0
MUSCULO_87	1.0	48.0	599.0	4086.0	17071.0	39366.0	58667.0	64811.0	69676.0	74527.0	83817.0	93042.0	110800.0	130845.0	153767.0	181640.0	225622.0	285997.0	394291.0	579292.0	917368.0	1518727.0	3984496.0	21790628.0	4742395.0
	16.0	17.0	18.0	19.0	20.0	21.0	22.0	23.0	24.0	25.0	26.0	27.0	28.0	29.0	30.0	31.0	32.0	33.0	34.0	35.0	36.0	37.0	38.0	39.0	40.0
MUSCULO_88	3.0	94.0	1038.0	7023.0	27609.0	62211.0	93368.0	104461.0	111740.0	116809.0	130281.0	143327.0	170748.0	196879.0	232769.0	271806.0	337213.0	423824.0	583178.0	853843.0	1345659.0	2211693.0	5550529.0	27230449.0	5607919.0
	17.0	18.0	19.0	20.0	21.0	22.0	23.0	24.0	25.0	26.0	27.0	28.0	29.0	30.0	31.0	32.0	33.0	34.0	35.0	36.0	37.0	38.0	39.0	40.0
MUSCULO_89	24.0	399.0	2979.0	12660.0	29426.0	43360.0	47598.0	51670.0	54580.0	60899.0	68581.0	82651.0	95971.0	115323.0	134097.0	167454.0	211825.0	296525.0	434936.0	693340.0	1159754.0	3045422.0	16320665.0	3496959.0
	15.0	16.0	17.0	18.0	19.0	20.0	21.0	22.0	23.0	24.0	25.0	26.0	27.0	28.0	29.0	30.0	31.0	32.0	33.0	34.0	35.0	36.0	37.0	38.0	39.0	40.0
MUSCULO_90	1.0	9.0	108.0	1532.0	10616.0	43247.0	100103.0	146942.0	160284.0	171921.0	180820.0	200444.0	223605.0	267564.0	311543.0	370588.0	432900.0	537353.0	676494.0	934559.0	1368452.0	2177569.0	3654457.0	9683563.0	52655926.0	11009137.0
	16.0	17.0	18.0	19.0	20.0	21.0	22.0	23.0	24.0	25.0	26.0	27.0	28.0	29.0	30.0	31.0	32.0	33.0	34.0	35.0	36.0	37.0	38.0	39.0	40.0
MUSCULO_91	6.0	44.0	680.0	4327.0	18261.0	42645.0	63777.0	70456.0	75926.0	80327.0	89429.0	100389.0	120505.0	141174.0	168603.0	196294.0	244783.0	308571.0	427834.0	627037.0	999104.0	1677827.0	4458026.0	24047979.0	4995414.0
	16.0	17.0	18.0	19.0	20.0	21.0	22.0	23.0	24.0	25.0	26.0	27.0	28.0	29.0	30.0	31.0	32.0	33.0	34.0	35.0	36.0	37.0	38.0	39.0	40.0
MUSCULO_92	8.0	55.0	643.0	4776.0	20951.0	51227.0	78310.0	87805.0	95295.0	101131.0	112068.0	125617.0	150065.0	174840.0	210464.0	248513.0	311115.0	396028.0	553973.0	817636.0	1311078.0	2228770.0	5889750.0	26705602.0	4125813.0
	16.0	17.0	18.0	19.0	20.0	21.0	22.0	23.0	24.0	25.0	26.0	27.0	28.0	29.0	30.0	31.0	32.0	33.0	34.0	35.0	36.0	37.0	38.0	39.0	40.0
MUSCULO_93	2.0	52.0	728.0	5562.0	22519.0	51099.0	74490.0	80773.0	87098.0	90660.0	101005.0	113048.0	134600.0	156795.0	186325.0	217595.0	270082.0	341226.0	476059.0	697332.0	1108578.0	1847754.0	4799435.0	24319803.0	4759703.0
	16.0	17.0	18.0	19.0	20.0	21.0	22.0	23.0	24.0	25.0	26.0	27.0	28.0	29.0	30.0	31.0	32.0	33.0	34.0	35.0	36.0	37.0	38.0	39.0	40.0
MUSCULO_94	2.0	47.0	646.0	4307.0	16666.0	37810.0	55041.0	60400.0	64641.0	68756.0	76788.0	85537.0	102050.0	117357.0	138058.0	160765.0	199112.0	250835.0	347145.0	508544.0	809344.0	1350603.0	3544034.0	18991112.0	4079778.0
	15.0	16.0	17.0	18.0	19.0	20.0	21.0	22.0	23.0	24.0	25.0	26.0	27.0	28.0	29.0	30.0	31.0	32.0	33.0	34.0	35.0	36.0	37.0	38.0	39.0	40.0
MUSCULO_95	1.0	6.0	68.0	942.0	6865.0	27101.0	60153.0	87067.0	94250.0	100639.0	104415.0	114844.0	126360.0	151413.0	173877.0	205467.0	238031.0	293917.0	368117.0	506237.0	734977.0	1161800.0	1923956.0	5019626.0	27312210.0	5721488.0
	16.0	17.0	18.0	19.0	20.0	21.0	22.0	23.0	24.0	25.0	26.0	27.0	28.0	29.0	30.0	31.0	32.0	33.0	34.0	35.0	36.0	37.0	38.0	39.0	40.0
MUSCULO_96	2.0	52.0	731.0	5395.0	21667.0	48608.0	69875.0	75094.0	80083.0	82436.0	91891.0	101377.0	120547.0	139376.0	164168.0	191065.0	236988.0	297123.0	409251.0	597383.0	944663.0	1583261.0	4192884.0	22609108.0	4675224.0
	16.0	17.0	18.0	19.0	20.0	21.0	22.0	23.0	24.0	25.0	26.0	27.0	28.0	29.0	30.0	31.0	32.0	33.0	34.0	35.0	36.0	37.0	38.0	39.0	40.0
MUSCULO_97	4.0	68.0	777.0	5055.0	19395.0	42153.0	61195.0	70810.0	80562.0	87852.0	99452.0	107778.0	125629.0	141396.0	165623.0	190079.0	235476.0	294428.0	403337.0	579450.0	909754.0	1475774.0	3690009.0	18009811.0	3682393.0
	16.0	17.0	18.0	19.0	20.0	21.0	22.0	23.0	24.0	25.0	26.0	27.0	28.0	29.0	30.0	31.0	32.0	33.0	34.0	35.0	36.0	37.0	38.0	39.0	40.0
MUSCULO_98	7.0	59.0	903.0	6153.0	25496.0	57565.0	85944.0	93659.0	101633.0	107031.0	120979.0	135092.0	161987.0	188350.0	224173.0	260699.0	324657.0	407686.0	558511.0	807879.0	1276539.0	2108022.0	5394702.0	28449879.0	6328112.0
	16.0	17.0	18.0	19.0	20.0	21.0	22.0	23.0	24.0	25.0	26.0	27.0	28.0	29.0	30.0	31.0	32.0	33.0	34.0	35.0	36.0	37.0	38.0	39.0	40.0
MUSCULO_99	3.0	52.0	827.0	5828.0	23018.0	50984.0	73317.0	80937.0	86911.0	89851.0	99607.0	111009.0	132228.0	155764.0	186791.0	218565.0	274583.0	348393.0	486953.0	717567.0	1153037.0	1939726.0	5061163.0	27195531.0	5964546.0

