Sample	10	11	12	13	14	15	16	17	18	19	1	20	2	3	4	5	6	7	8	9	MT	X
GRASO_121	4879145	1584472	5456984	1321637	7829194	1375896	1140554	1626720	1239761	1773157	8545750	1969417	4353713	3226041	2965252	3896361	8282858	5532593	4570855	2368083	2794262	2700067
GRASO_122	4945802	2019284	11854886	1593324	7420828	1683381	1444904	2056294	1644007	2394126	8591425	2715618	5390110	3775909	3872638	3760128	10586854	9797164	6419384	2836720	2600258	4902414
GRASO_123	13601695	3721809	23753035	1025831	22274731	2479926	825854	2515859	1777500	4731638	10055134	1319523	13473058	5312471	3847984	4244240	37181725	18237227	8394950	4575890	998657	7856748
GRASO_124	2553613	1056596	9007259	752950	2529423	711166	753151	943086	740527	1410618	4403558	1038449	3347293	1869655	1906363	2239800	8165777	8111189	4452949	1203975	2419667	3452547
GRASO_125	6088200	1938244	8655367	1665869	6081997	1945571	1256609	2365741	1715597	2630069	8882016	1923697	5942647	3973300	3685554	3936050	11851579	8292003	5722419	2870518	2163374	5063407
GRASO_126	5075133	1590998	15634306	1186801	11048654	1462477	994848	1823044	1294545	3517493	8280870	1460964	5198917	3164978	3052466	3724803	19792183	10263455	7975393	2414710	3109091	5208285
GRASO_127	5261243	2063905	9125831	1742346	10147014	1734436	1681407	2172987	1659868	2703872	10086461	2706980	5558331	4082928	4072121	4328357	11618784	8462574	6729744	3031859	2677429	4913141
GRASO_128	6666062	1730773	13164530	1368121	8417074	1719818	1233942	2376385	1674408	2980090	9285378	1582390	5791517	3848317	4002788	3775119	16126123	10079347	6211137	3127467	2026619	4763281
GRASO_129	3014966	744919	6915336	306305	48850254	554555	493829	584557	380423	1803082	16301579	676390	2442345	1406270	1284821	9344354	17248295	8010942	2881356	1391829	307412	2541261
GRASO_130	5263606	1696558	8670411	1276820	4304095	1221834	1296051	1705060	1335138	2484795	8261167	2550578	4517682	3373458	3254099	3186021	10052725	8123486	5233049	2477381	1504503	3656083
GRASO_131	9238684	1919912	9141166	1133445	7731424	1189835	1235014	1734923	1289493	2687292	9125677	1927267	5980690	3846656	3761321	3470991	14328185	9090671	5266312	4284427	871036	3910408
GRASO_132	4451560	1354638	6975561	882998	2811606	901530	886386	1262805	990109	2115059	6311025	1961232	3588894	2354422	2350301	2252571	8750026	6870201	4228508	1845596	919263	3111769
GRASO_133	5549862	1535177	9991765	977605	3884774	993655	1085430	1453381	1167754	2522573	7805272	1920540	4022443	2642567	2713703	2737620	10863336	8183376	5233901	2020883	1359821	3686795
GRASO_134	2897892	932530	3724266	779501	1822909	730261	833413	953565	781435	1053688	5153974	1211296	2414292	1853676	1871151	1857723	4512376	3651907	3046926	1321232	1945251	1814103
GRASO_135	2483020	1064796	5644661	889595	2160174	814497	825974	1092877	855558	1268248	4374576	1079637	3175022	2086440	2102327	1973904	5802014	5390552	3882653	1399763	1776584	2748133
GRASO_136	6254740	1549988	10330513	905337	6792292	1034106	880874	1642186	1225787	2645577	8079219	1400364	4693533	3020017	2994509	3395651	14286788	8129863	4894930	2849050	679985	3984634
GRASO_137	2095475	846751	5479484	737093	3157420	666579	652193	832147	710870	1152204	3881291	852035	2368035	1585360	1643711	1693650	5452255	4889441	3529150	1243016	1690420	2538919
GRASO_138	4027968	1473331	6149303	1190423	6733078	1280940	1135630	1574476	1240588	1569010	7334990	2083499	3824307	2849622	2957705	3139976	9483817	5466807	4157169	2149037	2448892	2521165
GRASO_139	2567492	1034720	4302978	862946	2542799	889919	776557	1128976	900462	1033104	4540937	1419938	2802136	1991492	2025011	2061220	5864733	4843220	3060480	1454091	1544929	1912986
GRASO_140	4883529	1780726	12155706	1323230	5635177	1381019	1287836	2136259	1605530	2081167	8713081	2093647	5023822	3226011	3386006	3441057	13425041	9869610	5874296	2358693	3417320	4050644
GRASO_141	3884211	1413375	10701226	1052469	7825176	1210095	1036137	1670880	1239651	1995738	6551364	1775375	4000363	2638292	2767911	2831535	12345454	7617529	4736151	2044959	1785620	3598727
GRASO_142	3768347	1628730	7270271	1297388	6382440	1281865	1180804	1775428	1404991	1766388	9034882	2173063	4243454	2991591	3006332	3579635	10983160	6605533	4996380	2070706	1722815	3219240
GRASO_143	2845011	765501	6327232	347007	56805891	444022	425151	644851	467978	1068169	15777762	771429	2278378	1346803	1368231	9488717	15236681	6370138	2659907	1375609	163369	2271249
GRASO_144	905832	286576	1314382	260979	50910399	273622	240529	261451	274589	1517014	17267978	471932	1272288	547162	604696	8099847	11814635	1278453	1585223	1005278	6706303	696083
GRASO_145	15598900	5784094	29098900	5142889	31661199	5643165	4978235	7070561	5183955	9244209	31076666	6603752	17434948	12478653	11861317	12750265	32339814	29071629	20533143	8887559	8826327	15806413
GRASO_146	2756838	1410676	6653414	922124	15663395	888118	881520	1202472	957225	1825492	10018312	1726790	4418554	2266290	2106511	5423724	11112493	6018115	4600918	1461945	12433458	3327641
GRASO_147	2362981	1073990	4982071	870043	3770481	775347	845534	1051502	786082	1175407	4344537	1202925	3454217	2045599	1997220	2114342	5428696	4845506	3616714	1333616	3396413	2532235
GRASO_148	3002502	1282212	6975998	1125558	4858375	1044692	1143406	1362734	1048584	1844498	5980111	1535828	3908602	2502580	2431043	2657644	7260866	6398143	4826966	1697871	3763582	4981830
GRASO_149	2254545	984503	4069351	750486	3149002	717906	732759	911878	719751	1195451	4388297	1159098	2770905	1757992	1660589	1771858	4839053	3487200	2886785	1195931	2974512	1883933
GRASO_150	4356486	2046392	11846853	1593877	6445873	1496980	1538226	2069576	1637049	2576697	9545582	2451521	5842967	3733929	3591936	4114648	11387203	9351016	7178508	2481852	7753086	5200784
GRASO_151	3208717	1352951	7042791	1027260	4147720	959723	1021002	1325750	1006618	1834548	6602049	1794513	4115940	2390414	2301886	2862011	7989314	6240809	4651764	1646267	7578519	3023808
GRASO_152	4265742	1950200	6781517	1651938	3887848	1547242	1413651	2088726	1699968	1889031	8230933	2606568	4946625	3703262	3744858	3790954	7049299	6937856	6022688	2738400	4269858	4764827
GRASO_153	4858813	1545950	14524465	1311345	9801236	1281224	1259146	1650411	1278386	2797703	8926303	1927292	4462624	3078962	3015401	4195209	13017512	11645649	6512893	2207557	1446969	5142432
GRASO_154	1516861	513420	2067641	348748	2810143	330357	258685	448758	342755	489058	2443092	334905	1722811	954828	769703	1132782	3180286	2098305	1249155	643714	220125	951311
GRASO_155	6363091	2379706	18212295	1899902	9729447	1946440	1671478	2583775	1911627	4155576	11702446	2530649	7014791	4452952	4225745	4804955	17047181	15379060	11953463	3167204	3487320	7540715
GRASO_156	2051599	814898	7630537	561064	3121916	579202	686631	772667	542604	1452780	3660874	701381	2828420	1525028	1569293	1552476	7620958	6466129	3895580	993128	1110890	3163232
GRASO_157	2938646	1311454	5173897	1023216	4659114	927211	952648	1168482	956542	1305143	5384376	1298327	3755361	2292598	2166069	2398755	7010513	5103740	3992924	1673993	2127993	2702035
GRASO_158	2521397	867912	6240996	824320	1773120	752406	873116	1098714	858295	1452978	5284291	993203	2645715	1742276	1857610	1928283	6956182	4819971	3832735	1166069	1875367	2831864
GRASO_159	6308678	2434872	14064340	1977596	8407080	1915920	1950977	2577701	1990927	3498954	11605634	2992389	6602807	4543817	4476252	4583125	13290703	14152423	8721163	3206630	3560312	6173225
GRASO_160	3944407	1569828	6809523	1394743	5188438	1178814	1611436	1592193	1252883	1880724	7997026	1569731	4473813	3286050	3318098	3452094	8203869	6610296	5077323	2268375	3538935	4010883
GRASO_161	2550153	1117885	5277267	971760	5234759	859422	967126	1085848	861241	1151052	5004551	1061142	3433116	2138041	2215676	2310841	6625285	4257146	3475913	1460350	2632934	2751689
GRASO_162	3728595	1677261	8012551	1456851	5070510	1338749	1378469	1683770	1320071	1971889	7470358	2065291	4926287	3247057	3203895	3514183	7625314	9449728	5594253	2289015	4705920	3866184
GRASO_163	2465419	1115908	6061790	923260	4573055	822512	996004	1024477	802576	1420280	4863576	1238344	3469787	2144731	2103668	2206412	5530210	4829713	4629961	1458491	3624019	2559201
GRASO_164	2328471	954802	4707938	764137	2632032	699240	769666	922989	709230	1227577	4858671	955976	2922435	1741362	1693154	1880483	5190872	5207097	3423062	1121087	2981708	2358789
GRASO_165	3455959	1599648	8203903	1286343	5301527	1178735	1299757	1515082	1170639	1730678	6499554	1875147	4763950	3043708	2881541	2904274	7720447	7347345	5448815	1935860	3893135	3842887
GRASO_166	2673625	1238674	5699115	1022612	3415087	952568	993192	1220067	965564	1281048	5041254	1535798	3584678	2302641	2263949	2318349	5702209	5012837	4073973	1605380	2891262	2810758
GRASO_167	2071465	1008721	5710130	884431	3064370	792200	676121	938978	746188	1334816	4186954	1161115	2804652	1889994	1828128	2089139	6496851	5064536	3705096	1341925	2740669	2543077
GRASO_168	3148993	1291091	13385810	1025154	6696940	968400	898736	1135241	901215	2438924	7421048	1602684	3352942	2331015	2252175	3280237	11640408	9974981	5704745	1744759	2263179	4492061
GRASO_169	4187804	1012066	13161760	471000	32747589	886120	664768	944427	603968	3131959	11908706	1454573	3078640	1825040	1834199	6238491	19336631	8101305	4298103	1919380	284997	3768085
GRASO_170	3466442	1446638	6909279	1154655	3768287	1132158	1026233	1425031	1141308	1681482	6357367	1988938	3843570	2683610	2649426	2703790	7071788	6794181	4590602	1820917	1366039	3838062
GRASO_171	3565317	1558605	5544186	1275554	3092143	1149218	1292794	1335365	1100208	1643349	6384456	1590756	4075060	2977945	2877651	2738061	5797389	5904791	4045242	2037536	1205069	2811618
GRASO_172	2016938	884670	2996903	737096	3241740	631735	741513	788101	624192	957051	3588696	844908	2727244	1672237	1658502	1571511	4047963	3137079	2450834	1139126	1264055	1936155
GRASO_173	1751871	728025	3976482	621176	2113621	566997	585443	617531	496154	996942	3137328	726460	1952179	1417439	1336692	1425581	3952968	3831252	2544434	1001103	1418704	1704809
GRASO_174	1854527	833746	1950426	707482	2483269	595247	774460	691412	589825	774482	4137356	887838	2030403	1679786	1602410	1781132	2510690	2407906	1812191	1101070	397585	1136503
GRASO_175	2180258	982461	7154258	780754	2335160	705162	828806	911191	726149	1362777	4094178	971148	2988102	1840048	1912470	1867793	6813546	7341634	4192275	1217843	1838608	3125567
GRASO_176	3013976	1218052	5567743	688848	3101443	695284	773532	900725	724408	1520145	4675745	1130819	3698637	2083168	1877732	2052448	8306634	5261028	3190731	1433418	617736	2399781
GRASO_177	1744522	801656	3789774	647909	1825404	603669	645237	747998	608775	1066321	3482265	900136	2133363	1505684	1528077	1431068	4494057	3603590	2402880	992059	483342	2029840
GRASO_178	3192889	1329180	4387523	1130664	2991662	1076671	1117948	1225581	1048385	1517883	5868011	1566182	3427433	2554641	2502861	2569136	5553479	4611069	3425308	1841487	1182001	2363880
GRASO_179	5306899	1661039	7332128	1700362	4954370	1523423	1347495	1831980	1417132	2100538	8944778	1541345	4525118	3513561	3223473	3724234	7553217	6910823	4887689	2478771	1530090	3303297
GRASO_180	3458274	1374241	9114063	1104533	2843498	1080977	1040239	1281047	1024117	1971619	6580419	1471014	3561743	2464424	2422799	2452372	7790401	7402155	4726473	1817665	1550101	3446472
HIGADO_01	1343812	875958	2511216	757756	13806172	473035	640753	562658	513205	885087	5742603	628999	1696096	1110376	2364718	2644149	4429403	2455529	2441114	1114565	1557490	1126090
HIGADO_02	1995488	1170467	5175616	1267754	16827869	705274	865575	772266	829227	1500730	7756959	828331	2791092	1629501	3991998	6765583	7285114	4642341	4102097	1495075	1733308	2045239
HIGADO_03	1546456	1068890	2797063	1065033	20818729	580669	836736	629239	575560	1067756	7995559	765753	2311923	1348040	2769587	4007613	6240770	2783717	2903351	1356164	1511098	1246992
HIGADO_04	1712696	942501	3769594	892365	22500668	612439	693668	616980	608085	1184913	6961148	636899	2200057	1306380	2880842	4255103	6554093	3352017	2894868	1297543	1245755	1535137
HIGADO_05	1648687	959051	2472881	1065700	10540309	543995	774218	613844	650689	977285	5454010	688791	2236555	1335346	3662881	4508232	4066422	2534163	2835733	1341518	1040330	1137076
HIGADO_06	1757535	982303	2634222	1085215	20542413	598004	788368	578338	636327	996546	7810643	684245	2458716	1399949	3933953	5650120	6218137	2628012	3053956	1377116	1300713	1142178
HIGADO_07	2154262	1428201	4506660	1466774	34605439	850833	1055819	953579	1037208	1392707	9612687	1004946	3303159	1899511	4967045	7324751	8386383	4115949	4377621	1828577	2505848	1882459
HIGADO_08	1462095	951445	3457124	1149327	29041655	634111	787539	679458	666404	1252818	10410289	730630	2314340	1429946	3594136	8492808	8074429	3107222	3196927	1336337	2005390	1439430
HIGADO_09	1391719	868945	4259045	876223	15822339	498798	642848	511896	539214	1290958	7261135	562046	2081515	1178855	2762913	5242038	8365696	3177804	2805771	1168661	1057275	1437121
HIGADO_10	1834644	1222105	5583875	1035265	26071238	601755	801241	613094	570010	1456438	9261355	821079	2595316	1407915	2550391	4776257	8464334	4714038	3572547	1383188	1558417	1996548
HIGADO_11	2100217	1298944	6669999	1159653	23885480	686839	994071	754610	729956	1817552	11069917	869248	2851482	1666762	4338480	6185570	10689461	5246577	4279624	1640783	2400827	2444561
HIGADO_12	1858988	1164922	7128718	1190286	22271449	684949	844480	681337	702495	1931479	9824307	761132	2969003	1500660	4037623	7229746	11335570	5683807	4319141	1467631	1909962	2478240
HIGADO_13	2367002	1690935	5823319	1704474	38566841	841345	1313281	954936	840739	1894979	12143982	1333730	4051500	2090515	3883899	5454641	11026380	6252737	5006496	2317844	3365833	2471245
HIGADO_14	2800398	1959640	10619675	1530531	21419998	924192	1259933	1003031	949156	3095983	10081026	1151301	4487936	2170292	4410861	4724252	15573373	7973964	6058218	2196001	2482214	3737588
HIGADO_15	3178899	1654315	10374258	1563337	28753862	922966	1249413	894009	943376	2657758	9865350	1192895	4120339	2060025	4599598	5415673	12701947	8143489	6282581	2267024	2259432	3561411
HIGADO_16	1443184	864921	4244578	895231	29375356	531345	636227	587846	622008	1095895	6621952	594733	2156046	1185691	3070130	4772545	7475215	3907679	3201875	1133250	1481279	1622327
HIGADO_17	2242758	1446850	5609702	1380684	24475536	821824	1030548	881471	915185	1721927	8628744	944652	3352966	1863105	5432305	6511949	9672553	4691968	4257663	2067956	2561383	2038182
HIGADO_18	2553469	1510393	6969843	1487492	56250543	1009189	1154803	1063394	1058594	1705763	12926219	1222297	3657151	2055048	5075329	9487259	12563517	5840741	5116862	2033467	4578630	2528769
HIGADO_19	2101740	1384973	4233672	1242333	25257297	765090	1021174	889288	839798	1432066	9573338	996626	2778943	1796897	3845957	4979115	8082107	4158674	3970511	1852346	2273088	1984272
HIGADO_20	1354485	961468	4396443	852594	14626176	561318	731722	608573	522266	1352742	6871735	669499	2311053	1196571	2012979	3123616	7133417	3959685	3147568	1111317	1491230	1665391
HIGADO_21	3329350	2301981	10312950	2094485	34241488	1317732	1533180	1563772	1608814	3282291	13246276	1415239	5430115	2885788	7010416	10893793	15799702	9867969	7839638	2740935	2799353	4369085
HIGADO_22	963412	585460	2074421	521374	13505277	365471	461837	358525	348678	692773	4588485	449540	1328827	756330	1790044	2060878	3912103	1863093	1774963	726429	854948	826236
HIGADO_23	1987944	1406141	5565887	1253639	25862554	761486	1025766	849265	795915	1730462	9245383	1062363	3005945	1767140	2964987	4553481	8975404	4596199	4192407	1772396	2572939	2345868
HIGADO_24	2206509	1504831	10301736	1346234	23217521	855547	1144719	989449	894336	2669581	9299811	1008125	3555692	1889311	3680722	4317343	11609897	8730959	5946972	1761237	2252935	3812822
HIGADO_25	906689	586840	1428620	660323	6514926	342663	464067	357551	383823	563892	3377737	426683	1350907	823740	1865267	3045569	2577492	1587727	1849143	791618	963642	695017
HIGADO_26	1428639	861903	2588577	834249	8161246	518695	714596	588872	555845	966932	5332405	641263	1860033	1168150	2886216	2753214	4207372	2688650	2659715	1234971	1205938	1214294
HIGADO_27	2002620	1221874	3485564	1338973	10199486	760816	1026235	802575	810749	1266885	5823199	936894	2893729	1756510	5070680	4822285	5138637	3641832	3706475	2016916	1792832	1589944
HIGADO_28	1237792	833557	2410582	826928	7482262	445231	673750	470970	443149	843077	4589498	634274	1715102	1090115	2048393	1958842	3276938	2386054	2390459	1074569	1369665	1038095
HIGADO_29	1380485	810508	3572075	851090	11951153	525393	606705	514156	529580	1033369	5040393	556317	1850500	1083355	2769829	2868062	4886684	3184977	2702043	1079279	1213898	1423189
HIGADO_30	1679669	994936	4692043	1114244	12743283	583062	844084	618001	558801	1277347	6317364	815745	2689284	1387635	2798703	2752416	5966535	4405556	3545900	1370094	1487505	1754501
HIGADO_31	1231539	769225	2754016	788530	11605160	495083	568452	513658	497720	861916	4990521	522236	1764969	1046084	2829627	3636728	4386808	2535171	2345461	1043372	1119744	1146275
HIGADO_32	1272332	828343	2455965	862008	8851477	484121	638223	517174	570309	849921	4567725	553605	1812129	1114866	2692364	3299969	3708403	2304853	2464606	1101403	1019543	1038155
HIGADO_33	1503277	1022380	3420500	965968	18207762	517300	759317	544585	518169	1042022	6309550	717756	2151499	1254888	2509449	3142534	5615399	3127641	2889026	1294433	1599732	1383916
HIGADO_34	2951865	1776383	4171332	1763297	36152322	1086962	1259994	1106465	1087436	1593587	10137395	1272926	3971669	2436474	5247310	8721685	7780428	4775966	4881031	2238298	3050604	1946572
HIGADO_35	1581778	849351	3878989	800411	17068903	504223	625341	585720	558274	993295	5739521	566922	2045311	1167949	3006946	3897730	5826533	3402688	2756497	1194423	1391196	1502615
HIGADO_36	1794365	1166650	5031770	1217416	18730333	610945	938230	667767	609214	1262675	6679230	847458	2790772	1454982	2917602	3053091	6763389	4787406	3712765	1484330	1830994	2040928
HIGADO_37	1373255	869738	2862824	891759	10677373	514196	711131	532066	496828	794346	5293128	687415	1994431	1184546	2326315	2622559	3996581	2671381	2571008	1176126	1740954	1201346
HIGADO_38	1361211	862950	3558700	826905	10340547	493878	667444	530792	501134	965840	5039709	598427	1881639	1151401	2461710	2304642	4346191	2944938	2542046	1118938	1339936	1323882
HIGADO_39	1652672	970907	4125039	1019597	13675858	656500	716098	612792	632438	1124824	5859312	691596	2348229	1344988	3243384	4199626	6045131	3656218	3216032	1252782	2280248	1607214
HIGADO_40	1339473	817553	3248302	896842	13444203	543028	622074	544753	552276	934309	5774785	545062	1984900	1130061	3084520	4216006	5146235	2998389	2684646	1082190	1758959	1395860
HIGADO_41	1996575	1358802	4861754	1253948	33660145	802344	976483	916223	813598	1461139	9944245	983322	2863843	1733257	3888652	5157696	9019199	4606269	4244446	1728363	3091321	2088114
HIGADO_42	2033986	1288675	6866995	1383916	19363326	813458	972556	858136	885765	1628587	7554049	921402	3114872	1807265	4837260	7032650	8128150	5562723	4647858	1703285	2028644	2567877
HIGADO_43	1898609	1160513	4576789	1274869	22944432	731170	940061	784111	768320	1243578	6664517	852125	2815523	1617109	4215178	6292294	6304122	4082140	3775256	1561117	2581671	1793572
HIGADO_44	1221775	832852	3144063	860665	17480778	528440	627875	542626	519182	973233	5149185	662915	1880585	1114935	2751306	3474395	4704791	3062692	2810882	1046758	2634346	1410422
HIGADO_45	1616842	1053524	5227738	1082840	31396088	675611	751712	662477	669533	1262983	8817722	802234	2532821	1432523	3561487	6399192	8358943	4371243	3751933	1319114	2760954	1885289
HIGADO_46	1240170	852965	4845060	826966	13258124	498210	634656	507546	466706	1125653	4994594	578059	1965676	1059648	2642204	2901519	5785004	3817367	3040538	1018060	1497593	1711832
HIGADO_47	1026740	688894	3402515	648657	20513888	392281	543427	439522	393560	874774	5430907	518462	1576783	888127	1753092	2695819	5581995	3038440	2305071	820231	1701939	1355321
HIGADO_48	1213390	760789	3637361	764989	37021419	474560	596008	514895	468882	977573	9880806	635690	1946761	1057790	2049625	5380128	8250155	3371290	2611557	930803	1778181	1460829
HIGADO_49	2739658	1817808	8989330	1499126	26330876	933043	1250334	1042645	1053849	2756290	10964014	1181212	4448354	2171136	4275645	5258091	14389600	6862536	5746402	2092374	2386664	3480308
HIGADO_50	1697568	1085754	5795263	947163	15433981	573578	779691	565223	532222	1582688	6604736	749769	2474026	1328113	2131554	3051277	7944951	4893303	3719263	1347419	1469138	2061606
HIGADO_51	1482052	984674	5130944	869152	12645155	552872	691031	556836	551974	1418381	6175830	649612	2413816	1216404	2479572	3053016	7357032	4339668	3242064	1243597	1588699	1948687
HIGADO_52	2145800	1397889	4523933	1146180	33640115	788697	842358	691172	719471	1535843	8368190	738022	3316650	1658171	3914936	4793897	8551677	4448198	3859535	1629725	1379081	1865986
HIGADO_53	1566678	995492	4856458	805838	14339265	497690	661364	491249	482038	1398046	5911811	587587	2289453	1147280	1874887	2778187	7788924	4116302	3077799	1174418	1000258	1763591
HIGADO_54	1688407	1054703	3560994	999473	12406180	552455	808527	600199	581757	1177265	6162348	749807	2247075	1357982	2765312	2785519	5387740	3394931	3115158	1380341	1572178	1517218
HIGADO_55	1279270	801959	4286905	814894	16943415	485331	555284	494786	508318	1303434	5835305	507700	2078844	1033229	2389850	5330384	6913354	3699023	2845036	986831	1176488	1598563
HIGADO_56	1236833	781968	2953448	675267	21882095	405386	515851	419473	458286	998272	6423930	467412	1864447	998537	2409320	4256316	6423728	2677031	2341272	1002873	942494	1196294
HIGADO_57	1577130	1015024	4489926	887842	42863304	528363	638109	513974	519807	1418483	9033608	644227	2410160	1235171	2503548	7151508	9617591	4171142	3185555	1170977	1871464	1684826
HIGADO_58	1617740	976180	2059154	860631	22557958	472784	673470	502977	520042	932666	6070994	652746	2261991	1237848	2653231	3930835	5050070	2367684	2522248	1246848	1720056	1040161
HIGADO_59	1540101	930458	2981604	927236	14927895	508286	657997	519729	545868	1193832	5316027	635391	2246222	1223495	3357572	4587853	5829005	2774553	2893552	1267226	1140005	1261767
HIGADO_60	1498550	966695	2447472	727215	35328988	521312	596006	516607	502128	892544	6461800	552805	2376398	1222972	2580253	3768962	5563968	2475484	2312210	1170442	1222807	1107770
MUSCULO_100	6719558	1499605	7571805	1466786	36296080	1670987	1679234	1616024	1452670	3915287	14404507	1433804	4823735	9022658	3137408	6825535	9590472	7794135	7089685	2680259	10187978	3179996
MUSCULO_101	4296303	806179	2756994	816865	13953925	724690	952007	832634	747080	1887117	7941138	780875	2340325	6328705	1834347	3371296	3639247	3412106	3074227	1472809	3733732	1337292
MUSCULO_102	1897005	430005	2013979	406188	7246630	442064	477517	503179	425791	1007412	3870620	428993	1314220	2403293	951685	1705456	2236704	2080889	1915121	733905	2725632	893976
MUSCULO_103	2098173	463099	2424091	398922	15700353	412012	474000	449392	398744	1301571	5478200	391962	1360146	2946358	990003	2600912	4092800	2231601	1893903	773661	2212928	976136
MUSCULO_104	3361763	758184	3616670	716575	10253705	909411	774222	806187	688877	1856391	6346306	660010	2444747	5695306	1612313	2489510	3922817	3852643	3110975	1311822	2407707	1653875
MUSCULO_105	3289160	709058	3936123	669882	16563521	638894	742161	655736	606049	1927810	7678538	569950	2153802	3485262	1430688	2779660	4643209	3839100	3136612	1276458	1872882	1522320
MUSCULO_106	1988367	546033	2458016	481608	12826840	512834	568210	560616	475939	1245058	8548026	486419	1649492	2239670	1149083	3990464	5425838	2587580	2488100	903615	2692122	1202609
MUSCULO_107	3646880	816437	4103065	714877	10135328	678139	789161	774190	682449	1807899	7060319	688040	2466680	4361577	1605194	2779852	4830259	4159519	3334619	1442570	2441926	1828835
MUSCULO_108	5033461	1071947	4341389	966769	16906329	955205	1171337	1146518	1013667	2386250	10273777	1168112	3279402	6558280	2281926	4588516	6358975	5054991	4355138	1819674	7771213	1900730
MUSCULO_109	2615039	526110	2014108	537242	7858753	505661	623453	537038	494263	1297449	5470172	511396	1545306	3735798	1167798	2182727	2523466	2193665	2059945	978819	2181181	838435
MUSCULO_110	2579782	600840	2192678	547707	13432006	501341	657454	545665	500514	1429304	7622075	490843	1646585	2598405	1264103	3300527	4219200	2425148	2170723	1004545	1436085	972996
MUSCULO_111	2533334	581588	2370257	487142	13452826	463083	565556	506674	466745	1237205	5807269	485635	1746546	2685785	1133225	2358382	3813889	2494840	2229368	969345	1754949	1069189
MUSCULO_112	3485948	748574	3648402	713916	9418276	604078	747712	771786	641753	1676609	7244362	658256	2323653	4035224	1565073	2760849	4176564	3478116	3041332	1269576	2150203	1537855
MUSCULO_113	3564298	835807	2799119	845972	2434614	699045	815372	825772	678548	1320707	6303543	790785	2577503	4464813	1703299	2247630	3044380	3193547	2925110	1539282	2079714	1522992
MUSCULO_114	3184380	625002	2358125	605588	7736961	531312	620741	637099	535631	1087874	5820806	940919	2058721	4117519	1469448	3145122	4280337	2741715	2700390	1258615	6242085	1652237
MUSCULO_115	4295974	912604	4266608	908371	6048703	785749	895565	983138	796616	1661848	7146130	1039806	2893664	5958610	1888491	2998480	4865617	4479833	4039807	1603641	5383384	2076497
MUSCULO_116	6050426	1322273	9648944	1160200	26307592	1110713	1324610	1442626	1199204	2982651	14424925	1531255	4089281	6206879	2720972	7092091	11620188	8439451	6822800	2167639	10919578	3535942
MUSCULO_117	2323093	549775	1882010	505259	4999878	422902	561263	566589	476062	989835	5056916	605650	1656608	2235657	1100901	2165546	2776827	2110766	2276106	919461	3325935	961942
MUSCULO_118	3501120	714109	3647485	676299	12016901	631234	782795	751282	638936	1844692	7533277	635926	2104705	4847125	1578667	3108780	4367945	3653600	3014126	1299452	2019195	1470418
MUSCULO_119	2664868	625693	2178251	557317	16969809	488121	635090	599179	536569	1150354	10824152	692675	1949995	2857751	1253112	5613587	6414431	2701564	2493675	1004354	4032714	1084619
MUSCULO_120	3294289	707617	3564612	720531	7486350	584865	737577	718535	635372	1680679	6551537	606682	2090893	3543920	1478448	2188421	3606482	3524308	2927476	1373138	1143616	1575352
MUSCULO_61	4341115	967446	6014263	899589	22800456	815922	1025564	986816	845191	2626802	10338895	860052	2964443	4984439	1995505	4484862	8311573	5218470	4181314	1624818	3772273	2130947
MUSCULO_62	6723506	1261894	6319266	1223735	6275156	1026540	1274721	1330134	1133858	3269795	10941404	1117451	3974758	9367126	2618808	3826794	6492648	6355151	5288371	2321437	3993103	2613638
MUSCULO_63	4938656	1076244	7298813	966107	14716174	904401	1090139	1053125	908786	3101874	11354137	912499	3253539	5836807	2167533	4321812	8132340	6321230	4901841	1764032	3817463	2761048
MUSCULO_64	2872580	595307	4439434	530778	9749224	585655	617026	638859	530711	1890828	5704182	512225	1925815	4012708	1183394	2632476	5644249	3938276	2779028	1013003	2943471	1631662
MUSCULO_65	2376614	511906	4056588	453026	4044086	439252	505798	521126	455638	1439637	4317078	439894	1581794	3549294	1065735	1986375	3681189	3157021	2337798	864797	2651924	1367104
MUSCULO_66	1886019	525447	2127796	531605	2623895	646321	559660	578667	501875	1100882	3595541	508758	1754759	3449993	1094332	1671237	2215883	2254261	2196661	934568	2298289	1078099
MUSCULO_67	2391147	514673	3143718	482312	7294310	445548	531223	542847	439073	1214066	4757213	547553	1566271	3358349	1037184	2159721	3363951	2869243	2440200	864126	4020449	1223226
MUSCULO_68	2224014	489392	2713375	485996	5640355	438373	539228	503452	429661	1252282	4591773	458875	1408462	3106880	993530	1795843	2835466	2709366	2263458	826687	2000136	1165421
MUSCULO_69	1841893	478675	2547467	478090	6214451	643720	511601	576296	487935	1239590	3832018	493623	1522550	3461920	1033504	1894557	2782703	2504853	2236861	832932	3393502	1217792
MUSCULO_70	2338858	572059	2973273	494850	8190951	461111	544680	545644	451406	1298029	4621073	575800	1827066	3127824	1075810	2172793	3635528	2992097	2523698	882806	3916294	1306492
MUSCULO_71	2467356	612096	2987506	578849	4320236	609926	616074	638301	536092	1406457	4888748	524102	1849998	3229338	1227425	1967812	3160135	2995216	2592898	1038345	2376513	1321381
MUSCULO_72	1665106	361277	2291199	334928	5882213	334203	393777	423225	357336	886887	3327853	381784	1109910	2338926	829669	1498543	2418481	2234979	1726798	600876	2397723	944781
MUSCULO_73	3915919	709842	2925577	697752	20387278	603033	791963	659897	609416	1890017	10512511	610206	2090169	5506143	1527175	4348976	5541092	3026644	2659099	1367572	1367227	1174038
MUSCULO_74	2688137	726540	2593575	809521	7102175	1310130	857286	842701	736386	1880289	5862631	739236	2703316	5667748	1629373	3134903	3255552	2981807	2910360	1402849	4684570	1331236
MUSCULO_75	2792426	659554	2366702	657854	5050782	650093	762985	673410	614846	1631149	5665151	646440	1926539	3632504	1429995	2539449	2619377	2774016	2671477	1210216	3933818	1100354
MUSCULO_76	2749319	650517	1652562	697199	3341788	586680	718349	716958	640237	1424860	5159089	671384	1879058	3159977	1498986	2261195	2003071	2221112	2356426	1205316	3575403	1036951
MUSCULO_77	6924163	1327914	5669467	1252621	8505646	1043357	1318521	1318512	1149372	3201200	11294246	1123851	3938073	9373351	2863018	4160519	6754558	5867513	4862942	2319955	3502034	2479805
MUSCULO_78	5143239	934960	5045233	959652	25795147	894555	1092303	984277	878152	2793915	11419961	831733	2828652	5698981	2047646	4888366	7338311	5131742	3893011	1733434	2862243	2225968
MUSCULO_79	4344423	782372	3310161	758243	11678495	684491	872973	739444	668238	2261908	8331216	656288	2408009	5208745	1694323	2903569	4595547	3261247	3068128	1525657	1771503	1318778
MUSCULO_80	2640861	563953	2815564	534907	12625114	530521	621984	602690	529471	1378059	5597518	520603	1700170	4185468	1264365	2569982	3442533	3030957	2335880	998572	2697843	1234143
MUSCULO_81	2715047	626848	3110740	540297	10485210	514885	628508	631364	548302	1532696	6043977	509700	1835444	2653661	1286802	2511855	3750695	3212080	2482356	1060380	2278476	1266310
MUSCULO_82	4265693	821277	3204016	850115	4216451	705188	898449	763276	677860	2047416	7785158	697345	2301397	7780216	1718854	2837235	3147154	3366325	2965087	1383697	1779571	1354245
MUSCULO_83	5195138	1181995	6813267	929724	19017270	948988	1039297	1146600	946744	3034466	11084826	898085	3692537	5457315	2315180	4650202	9532305	5961817	4648495	1985575	3463822	2535643
MUSCULO_84	3240836	810504	2627864	820805	4517713	894941	943450	973652	859148	1901500	5988784	778690	2440342	3927753	1772532	2702219	2716901	3199705	3568190	1518776	4919845	1306585
MUSCULO_85	3847282	840778	3681883	723952	6636008	670921	819115	879954	775311	2097913	6932259	738928	2490596	5105770	1786805	3030990	4406696	3907908	3275928	1471398	4262008	1658706
MUSCULO_86	3225930	668589	3472600	590818	22448064	538440	663757	642373	546417	1594131	7635965	548440	2051372	4226928	1324838	3319798	4666659	3314336	2641245	1087288	2372433	1309376
MUSCULO_87	3129449	756831	4570272	701544	12199220	936560	777640	864500	717582	1883477	6497355	679841	2495624	4395018	1600348	3010395	5106226	4509280	3298987	1271629	4073673	1848805
MUSCULO_88	4862397	964171	4240333	829839	24506133	752301	905527	827264	751355	2014647	9110058	819381	2955505	6018551	1817024	3717225	6433063	4538717	3869421	1593270	3810447	1885998
MUSCULO_89	2255135	499683	1118260	530446	1906406	457817	584312	587533	500489	933968	3604747	672138	1591131	3347918	1138198	1940216	1566717	1617978	2466730	922069	5899064	764160
MUSCULO_90	9625113	1738141	8419966	1656286	18475372	1522332	1877485	1961357	1624933	4459611	16135794	1637348	5480867	12890918	3689028	6311074	9233245	8341588	6924246	3155427	7446739	3241128
MUSCULO_91	3721514	885021	4087907	896092	10494282	842158	987443	1020312	886823	1997584	8119952	826683	2601505	3376943	1914384	3088510	4591408	4086197	3788862	1599548	2869203	1815370
MUSCULO_92	4666673	1014841	2766098	992681	2981624	834922	1019131	976770	932194	1827427	7429324	928037	2946718	7607351	2090069	2787151	3197589	3154756	3592206	1812154	3201994	1564991
MUSCULO_93	3829664	773326	4791982	747005	7222412	677665	854680	875321	788412	2155145	7228029	727394	2438059	7048558	1710003	3131215	4953916	4390759	3494178	1389502	3981005	1835387
MUSCULO_94	3076955	696085	4282816	589386	11399069	528915	641411	664344	542403	1547517	5973886	610732	2160175	4032286	1282896	2502237	4911710	3979330	3153491	1040936	3166364	1836581
MUSCULO_95	4009785	892997	4725121	847589	13192190	969688	997456	1123078	913832	2074542	7790656	946715	2840635	5394556	1946522	3566035	5058077	5271023	4232730	1547046	6330648	2040136
MUSCULO_96	3702137	890533	4426677	824919	7549075	765938	866690	921464	742795	1788868	7098925	752708	2816810	5569168	1808092	2608855	4925836	4351932	3468637	1518078	1370350	2106012
MUSCULO_97	2264015	646244	5294386	410316	33247770	574820	468937	573803	451133	1754816	7663474	354758	2267193	1946070	1123676	3817725	9225160	4118386	2698943	978377	1260243	1762395
MUSCULO_98	5036315	1135365	3262157	1092440	4516767	916276	1089199	1042284	892299	2351110	9069543	855793	3381864	8431090	2262116	3135582	4019322	4078546	3488016	1902998	1302565	1703845
MUSCULO_99	4098992	1005233	5575579	935485	15669651	955540	1028810	940833	861594	2331280	9067143	844341	3162875	4483895	1961888	3771611	6164157	5127561	4567573	1767578	4335702	2218293
