Sample	2.0	3.0	4.0	5.0	6.0	7.0	8.0	9.0	10.0	11.0	12.0	13.0	14.0	15.0	16.0	17.0	18.0	19.0	20.0	21.0	22.0	23.0	24.0	25.0	26.0	27.0	28.0	29.0	30.0	31.0	32.0	33.0	34.0	35.0	36.0	37.0	38.0	39.0	40.0
GRASO_121	3915070.0	0.0	0.0	0.0	0.0	0.0	0.0	0.0	0.0	0.0	0.0	0.0	2.0	3.0	14.0	178.0	2317.0	14112.0	45856.0	84461.0	103670.0	100490.0	101173.0	105352.0	117004.0	130557.0	151303.0	177027.0	208974.0	241292.0	295831.0	376316.0	520094.0	760564.0	1201939.0	1994156.0	5206297.0	27979338.0	6110845.0
GRASO_122	2300849.0	0.0	0.0	0.0	0.0	0.0	0.0	0.0	0.0	0.0	0.0	0.0	0.0	5.0	17.0	202.0	2079.0	12701.0	44312.0	89662.0	114656.0	114897.0	117127.0	123367.0	136210.0	153254.0	179406.0	210285.0	250693.0	294681.0	366664.0	467045.0	643812.0	944893.0	1498613.0	2522571.0	6636710.0	33845473.0	7050913.0
GRASO_123	9612120.0	0.0	0.0	0.0	0.0	0.0	0.0	0.0	0.0	0.0	0.0	0.0	1.0	3.0	30.0	293.0	3804.0	23344.0	76290.0	140923.0	173272.0	171609.0	170757.0	174324.0	188433.0	205186.0	235095.0	270413.0	306046.0	338964.0	411376.0	520907.0	714966.0	1040273.0	1632096.0	2655731.0	6682105.0	36073523.0	8256071.0
GRASO_124	809456.0	0.0	0.0	0.0	0.0	0.0	0.0	0.0	0.0	0.0	0.0	0.0	2.0	4.0	22.0	147.0	1484.0	9349.0	32058.0	63970.0	82412.0	82692.0	84984.0	88138.0	99804.0	113681.0	127296.0	147370.0	171952.0	199629.0	249154.0	318192.0	436099.0	629096.0	979451.0	1612094.0	3953286.0	17529272.0	3667981.0
GRASO_125	870220.0	0.0	0.0	0.0	0.0	0.0	0.0	0.0	0.0	0.0	0.0	0.0	0.0	3.0	18.0	235.0	2337.0	14433.0	49409.0	96140.0	119148.0	115586.0	115097.0	118207.0	129424.0	144437.0	170189.0	198375.0	237877.0	279917.0	347193.0	442866.0	608629.0	888055.0	1403491.0	2346250.0	6192344.0	33196995.0	6807150.0
GRASO_126	1683480.0	0.0	0.0	0.0	0.0	0.0	0.0	0.0	0.0	0.0	0.0	0.0	2.0	3.0	23.0	213.0	2438.0	13984.0	48396.0	93813.0	118526.0	116670.0	117622.0	120742.0	132059.0	146155.0	169230.0	198348.0	235611.0	273912.0	337416.0	426009.0	586342.0	850851.0	1332929.0	2175213.0	5474072.0	30076413.0	6963702.0
GRASO_127	650083.0	0.0	0.0	0.0	0.0	0.0	0.0	0.0	0.0	0.0	0.0	0.0	1.0	5.0	21.0	257.0	2646.0	15507.0	53549.0	106056.0	134135.0	131694.0	132310.0	137247.0	150842.0	168698.0	197547.0	231607.0	278128.0	326616.0	408693.0	523097.0	722779.0	1058770.0	1677652.0	2825062.0	7467309.0	37526819.0	7150288.0
GRASO_128	272576.0	0.0	0.0	0.0	0.0	0.0	0.0	0.0	0.0	0.0	0.0	0.0	2.0	5.0	17.0	203.0	2283.0	13219.0	46152.0	90685.0	113168.0	111551.0	112548.0	116916.0	127523.0	142979.0	167394.0	196967.0	234580.0	277749.0	344599.0	437962.0	605122.0	882158.0	1392498.0	2312965.0	6006021.0	32099825.0	7153401.0
GRASO_129	2978905.0	0.0	0.0	0.0	0.0	0.0	0.0	0.0	0.0	0.0	0.0	0.0	0.0	3.0	26.0	293.0	3141.0	16912.0	52239.0	98133.0	131362.0	139084.0	136421.0	142011.0	160145.0	171121.0	185146.0	211114.0	242131.0	276795.0	340201.0	432549.0	581907.0	822540.0	1274273.0	2057161.0	4817860.0	20792099.0	4211261.0
GRASO_130	2865287.0	0.0	0.0	0.0	0.0	0.0	0.0	0.0	0.0	0.0	0.0	0.0	0.0	5.0	21.0	200.0	2541.0	15600.0	51895.0	97236.0	116673.0	109801.0	108251.0	110403.0	121081.0	134543.0	155610.0	182589.0	217126.0	252383.0	311831.0	397766.0	549371.0	804808.0	1265752.0	2083602.0	5297039.0	28840600.0	6764383.0
GRASO_131	943219.0	0.0	0.0	0.0	0.0	0.0	0.0	0.0	0.0	0.0	0.0	1.0	0.0	3.0	12.0	183.0	2008.0	12656.0	44274.0	87164.0	108981.0	106121.0	106705.0	110389.0	119675.0	132726.0	154722.0	181335.0	214247.0	250707.0	312194.0	396988.0	548959.0	801034.0	1257190.0	2058482.0	5235848.0	27970988.0	6241129.0
GRASO_132	1159795.0	0.0	0.0	0.0	0.0	0.0	0.0	0.0	0.0	0.0	0.0	0.0	1.0	2.0	11.0	116.0	1554.0	9165.0	32451.0	63519.0	79066.0	75691.0	76614.0	78551.0	85983.0	96547.0	113008.0	132074.0	156555.0	182443.0	227228.0	290883.0	403145.0	589515.0	930620.0	1534286.0	3881879.0	21122767.0	5009997.0
GRASO_133	1813964.0	0.0	0.0	0.0	0.0	0.0	0.0	0.0	0.0	0.0	0.0	0.0	0.0	3.0	12.0	121.0	1573.0	10405.0	36363.0	71602.0	88689.0	85907.0	85436.0	88607.0	96967.0	108207.0	127107.0	150001.0	179092.0	210872.0	263283.0	335038.0	465540.0	683607.0	1083091.0	1800872.0	4691843.0	25770572.0	5740817.0
GRASO_134	4286774.0	0.0	0.0	0.0	0.0	0.0	0.0	0.0	0.0	0.0	0.0	0.0	0.0	1.0	16.0	133.0	1511.0	9529.0	32526.0	61255.0	76578.0	75802.0	77548.0	80740.0	90105.0	103286.0	115341.0	132165.0	152604.0	171444.0	209504.0	266300.0	367753.0	537621.0	851958.0	1399919.0	3543042.0	18184426.0	4167602.0
GRASO_135	308557.0	0.0	0.0	0.0	0.0	0.0	0.0	0.0	0.0	0.0	0.0	0.0	0.0	3.0	19.0	113.0	1289.0	7574.0	27047.0	54350.0	70483.0	70006.0	71563.0	75142.0	83919.0	95359.0	109713.0	128507.0	150554.0	175795.0	218519.0	280102.0	384007.0	560825.0	879156.0	1449103.0	3599422.0	18110610.0	4117723.0
GRASO_136	992711.0	0.0	0.0	0.0	0.0	0.0	0.0	0.0	0.0	0.0	0.0	0.0	1.0	4.0	10.0	151.0	1846.0	11199.0	38812.0	75786.0	92057.0	87483.0	86712.0	88297.0	96935.0	107589.0	124611.0	146713.0	174648.0	204559.0	255853.0	323978.0	448545.0	654544.0	1031248.0	1687007.0	4282158.0	23560918.0	5371524.0
GRASO_137	1193914.0	0.0	0.0	0.0	0.0	0.0	0.0	0.0	0.0	0.0	0.0	0.0	0.0	1.0	15.0	175.0	2024.0	11960.0	39697.0	74522.0	95502.0	97055.0	99296.0	105261.0	120417.0	137448.0	152641.0	172602.0	197268.0	222024.0	281234.0	368851.0	521193.0	786080.0	1281238.0	2043103.0	4285749.0	16448469.0	3919441.0
GRASO_138	3456093.0	0.0	0.0	0.0	0.0	0.0	0.0	0.0	0.0	0.0	0.0	0.0	2.0	2.0	10.0	141.0	1512.0	9062.0	31339.0	61231.0	78561.0	79797.0	83264.0	89969.0	100346.0	114501.0	134920.0	160430.0	186135.0	215090.0	269416.0	343755.0	478377.0	704640.0	1126254.0	1900952.0	5034367.0	27168030.0	5823596.0
GRASO_139	3121979.0	0.0	0.0	0.0	0.0	0.0	0.0	0.0	0.0	0.0	0.0	0.0	1.0	3.0	10.0	119.0	1483.0	8701.0	29589.0	55955.0	70902.0	72347.0	75844.0	80582.0	91217.0	104109.0	118922.0	135815.0	156881.0	180585.0	218873.0	274736.0	371330.0	535354.0	837528.0	1372054.0	3430843.0	18197333.0	4147526.0
GRASO_140	1885864.0	0.0	0.0	0.0	0.0	0.0	0.0	0.0	0.0	0.0	0.0	0.0	1.0	3.0	15.0	206.0	2278.0	14539.0	50200.0	97265.0	121463.0	118165.0	118067.0	121221.0	134018.0	148374.0	174605.0	203534.0	240887.0	279864.0	347220.0	442278.0	607219.0	887704.0	1396290.0	2295422.0	5861687.0	32189581.0	7233387.0
GRASO_141	1620586.0	0.0	0.0	0.0	0.0	0.0	0.0	0.0	0.0	0.0	0.0	0.0	0.0	4.0	15.0	189.0	2191.0	13170.0	44678.0	86587.0	108170.0	106502.0	106741.0	110041.0	120658.0	133118.0	154221.0	180385.0	210931.0	244088.0	301496.0	381348.0	520350.0	753091.0	1182369.0	1939568.0	4878783.0	25428745.0	5543144.0
GRASO_142	1562739.0	0.0	0.0	0.0	0.0	0.0	0.0	0.0	0.0	0.0	0.0	0.0	0.0	1.0	16.0	206.0	2230.0	14458.0	48568.0	93100.0	114515.0	110459.0	110104.0	113534.0	123921.0	137520.0	160355.0	187152.0	220982.0	258812.0	320472.0	406372.0	558453.0	813166.0	1276697.0	2099642.0	5332289.0	28622736.0	6428700.0
GRASO_143	8250935.0	0.0	0.0	0.0	0.0	0.0	0.0	0.0	0.0	0.0	0.0	0.0	0.0	4.0	24.0	334.0	3363.0	18639.0	55597.0	98893.0	122863.0	124932.0	131057.0	137006.0	152174.0	169209.0	187088.0	208428.0	234534.0	258690.0	310553.0	389613.0	526777.0	752019.0	1164891.0	1885057.0	4645417.0	21365129.0	4198162.0
GRASO_144	1282536.0	0.0	0.0	0.0	0.0	0.0	0.0	0.0	0.0	0.0	0.0	0.0	1.0	6.0	41.0	574.0	6234.0	35280.0	111824.0	208443.0	268742.0	275134.0	277783.0	280534.0	299462.0	315082.0	353487.0	381463.0	443300.0	511811.0	637144.0	803219.0	1058995.0	1425906.0	2141529.0	3365522.0	7980932.0	28293440.0	6154088.0
GRASO_145	2135973.0	0.0	0.0	0.0	0.0	0.0	0.0	0.0	0.0	0.0	0.0	0.0	0.0	23.0	112.0	1022.0	10227.0	57766.0	189969.0	365592.0	454881.0	438782.0	435535.0	444299.0	482131.0	530711.0	619754.0	724398.0	860652.0	1015467.0	1266934.0	1618748.0	2225137.0	3243879.0	5129380.0	8638210.0	22756457.0	110813087.0	19867346.0
GRASO_146	1109913.0	0.0	0.0	0.0	0.0	0.0	0.0	0.0	0.0	0.0	0.0	0.0	0.0	1.0	17.0	242.0	2496.0	15211.0	51060.0	98893.0	125301.0	123132.0	122354.0	125832.0	138601.0	152466.0	175273.0	202172.0	238529.0	279623.0	349513.0	444804.0	609896.0	882182.0	1381768.0	2268045.0	5694625.0	29663833.0	6400736.0
GRASO_147	915522.0	0.0	0.0	0.0	0.0	0.0	0.0	0.0	0.0	0.0	0.0	0.0	4.0	1.0	17.0	211.0	2253.0	13385.0	42822.0	80009.0	98259.0	95270.0	93453.0	94389.0	102265.0	110745.0	126188.0	142551.0	168395.0	195468.0	242887.0	308167.0	420177.0	599671.0	934439.0	1545553.0	3965770.0	19689866.0	3869068.0
GRASO_148	1570371.0	0.0	0.0	0.0	0.0	0.0	0.0	0.0	0.0	0.0	0.0	0.0	0.0	4.0	19.0	218.0	2293.0	14571.0	48418.0	93855.0	120314.0	120841.0	120626.0	122457.0	131677.0	141845.0	160848.0	183917.0	215225.0	248469.0	310126.0	395873.0	540104.0	766428.0	1189076.0	1943062.0	4904261.0	25225609.0	5288251.0
GRASO_149	667262.0	0.0	0.0	0.0	0.0	0.0	0.0	0.0	0.0	0.0	0.0	0.0	0.0	3.0	8.0	119.0	1288.0	7671.0	26801.0	52510.0	67586.0	66604.0	66793.0	69651.0	76504.0	83068.0	96963.0	111925.0	132352.0	155497.0	194453.0	246807.0	339652.0	492193.0	774967.0	1294287.0	3360499.0	17206601.0	3635303.0
GRASO_150	1412273.0	0.0	0.0	0.0	0.0	0.0	0.0	0.0	0.0	0.0	0.0	0.0	1.0	2.0	28.0	287.0	3132.0	19098.0	64293.0	124122.0	153893.0	148069.0	146374.0	149721.0	162828.0	179828.0	208140.0	241223.0	286760.0	335969.0	419363.0	534049.0	732147.0	1061282.0	1662130.0	2743028.0	7007242.0	37407092.0	8255725.0
GRASO_151	740638.0	0.0	0.0	0.0	0.0	0.0	0.0	0.0	0.0	0.0	0.0	0.0	1.0	0.0	17.0	170.0	1964.0	12099.0	40791.0	81914.0	105751.0	105727.0	105151.0	108018.0	117036.0	128816.0	148890.0	172609.0	203989.0	238690.0	296067.0	378437.0	518833.0	746678.0	1169329.0	1934477.0	4940495.0	26520321.0	5832972.0
GRASO_152	2149430.0	0.0	0.0	0.0	0.0	0.0	0.0	0.0	0.0	0.0	0.0	0.0	2.0	6.0	24.0	211.0	2591.0	15607.0	54600.0	105528.0	131241.0	125999.0	125800.0	129234.0	140888.0	157274.0	183641.0	213967.0	251699.0	294528.0	365575.0	466870.0	641802.0	936557.0	1470871.0	2429063.0	6200386.0	33692208.0	7563744.0
GRASO_153	841735.0	0.0	0.0	0.0	0.0	0.0	0.0	0.0	0.0	0.0	0.0	0.0	0.0	1.0	19.0	177.0	2050.0	12895.0	45054.0	89647.0	112373.0	110185.0	108934.0	111663.0	123032.0	135689.0	157986.0	186042.0	221226.0	258967.0	320481.0	407231.0	558138.0	811020.0	1269632.0	2079393.0	5272443.0	28346839.0	6448341.0
GRASO_154	334542.0	0.0	0.0	0.0	0.0	0.0	0.0	0.0	0.0	0.0	0.0	0.0	0.0	0.0	2.0	66.0	549.0	3238.0	11621.0	22919.0	29048.0	29287.0	29814.0	31225.0	35378.0	38446.0	44853.0	52673.0	61697.0	72517.0	88867.0	114150.0	153792.0	215840.0	333517.0	549891.0	1375719.0	7049458.0	1594751.0
GRASO_155	794595.0	0.0	0.0	0.0	0.0	0.0	0.0	0.0	0.0	0.0	0.0	0.0	1.0	8.0	34.0	367.0	3648.0	22099.0	74835.0	143754.0	177437.0	170132.0	166635.0	169529.0	183561.0	201852.0	234710.0	273420.0	323765.0	378123.0	467998.0	594916.0	811207.0	1174603.0	1841555.0	3033043.0	7735407.0	41924133.0	9599587.0
GRASO_156	707258.0	0.0	0.0	0.0	0.0	0.0	0.0	0.0	0.0	0.0	0.0	0.0	1.0	6.0	17.0	178.0	2023.0	11560.0	36901.0	68128.0	83816.0	82269.0	83751.0	86657.0	97380.0	110032.0	122012.0	136361.0	160056.0	185267.0	234884.0	304081.0	421781.0	616724.0	970911.0	1583340.0	3672517.0	15301722.0	3451430.0
GRASO_157	1309665.0	0.0	0.0	0.0	0.0	0.0	0.0	0.0	0.0	0.0	0.0	0.0	0.0	3.0	27.0	230.0	2447.0	14690.0	48494.0	93277.0	120014.0	121603.0	123944.0	127860.0	137463.0	147930.0	168568.0	192587.0	225722.0	260607.0	321385.0	401244.0	532135.0	741831.0	1137834.0	1846464.0	4585734.0	21886041.0	4486265.0
GRASO_158	773580.0	0.0	0.0	0.0	0.0	0.0	0.0	0.0	0.0	0.0	0.0	0.0	0.0	3.0	14.0	127.0	1325.0	7988.0	28223.0	56442.0	72865.0	71520.0	72699.0	75481.0	83133.0	94618.0	112180.0	129136.0	147718.0	172323.0	215209.0	275423.0	380446.0	555239.0	878936.0	1486169.0	3945928.0	18888960.0	3034122.0
GRASO_159	766902.0	0.0	0.0	0.0	0.0	0.0	0.0	0.0	0.0	0.0	0.0	0.0	0.0	2.0	26.0	245.0	2665.0	15638.0	55582.0	111406.0	141990.0	139719.0	139595.0	144824.0	157953.0	176682.0	208779.0	246075.0	291712.0	344072.0	431065.0	552157.0	764249.0	1119554.0	1777353.0	2988278.0	7925555.0	42788533.0	9013442.0
GRASO_160	1459688.0	0.0	0.0	0.0	0.0	0.0	0.0	0.0	0.0	0.0	0.0	0.0	0.0	2.0	19.0	171.0	2098.0	12591.0	44772.0	89088.0	111383.0	108284.0	106331.0	110320.0	119993.0	135472.0	162071.0	189933.0	220045.0	255657.0	317399.0	404133.0	558532.0	817366.0	1285836.0	2123444.0	5450410.0	29861853.0	6816229.0
GRASO_161	1710131.0	0.0	0.0	0.0	0.0	0.0	0.0	0.0	0.0	0.0	0.0	0.0	2.0	6.0	20.0	243.0	2656.0	15267.0	50753.0	96621.0	122329.0	121498.0	122131.0	125255.0	136427.0	148272.0	165310.0	184123.0	209724.0	240435.0	298111.0	376269.0	507398.0	714282.0	1093792.0	1757705.0	4255260.0	19978049.0	4386502.0
GRASO_162	588572.0	0.0	0.0	0.0	0.0	0.0	0.0	0.0	0.0	0.0	0.0	0.0	0.0	8.0	24.0	229.0	2293.0	13810.0	48337.0	96794.0	124774.0	124436.0	124627.0	128630.0	140706.0	154620.0	179130.0	208027.0	246784.0	290262.0	360991.0	460508.0	629767.0	912083.0	1433888.0	2390952.0	6233733.0	31350787.0	6254142.0
GRASO_163	675089.0	0.0	0.0	0.0	0.0	0.0	0.0	0.0	0.0	0.0	0.0	0.0	1.0	3.0	19.0	218.0	2189.0	12689.0	42684.0	83195.0	106270.0	107408.0	109016.0	111775.0	120209.0	130028.0	146354.0	165186.0	191885.0	221428.0	275063.0	349267.0	470822.0	665897.0	1028373.0	1688358.0	4268653.0	21264871.0	4530276.0
GRASO_164	639815.0	0.0	0.0	0.0	0.0	0.0	0.0	0.0	0.0	0.0	0.0	0.0	0.0	2.0	7.0	186.0	1984.0	11555.0	38680.0	73639.0	94161.0	94687.0	94128.0	95443.0	102699.0	109353.0	124019.0	139489.0	162417.0	187572.0	234054.0	297395.0	402685.0	567553.0	874674.0	1417177.0	3531165.0	17977671.0	3856473.0
GRASO_165	245839.0	0.0	0.0	0.0	0.0	0.0	0.0	0.0	0.0	0.0	0.0	0.0	0.0	4.0	14.0	207.0	2271.0	13887.0	48317.0	96196.0	125295.0	128270.0	129190.0	132568.0	141841.0	153501.0	175434.0	200457.0	235597.0	275744.0	344016.0	441203.0	601225.0	857051.0	1336087.0	2208313.0	5659472.0	28425163.0	5928954.0
GRASO_166	871369.0	0.0	0.0	0.0	0.0	0.0	0.0	0.0	0.0	0.0	0.0	0.0	0.0	2.0	18.0	180.0	1947.0	11604.0	39227.0	76672.0	99353.0	100709.0	100936.0	103840.0	110797.0	120915.0	137950.0	156468.0	183274.0	212796.0	266505.0	338354.0	461788.0	657346.0	1022351.0	1671390.0	4216746.0	21845508.0	4911776.0
GRASO_167	4172852.0	0.0	0.0	0.0	0.0	0.0	0.0	0.0	0.0	0.0	0.0	1.0	0.0	6.0	14.0	241.0	2760.0	16438.0	51540.0	90616.0	107709.0	103611.0	102963.0	105064.0	115659.0	128531.0	143117.0	159559.0	178480.0	199441.0	246846.0	313384.0	427141.0	619463.0	964925.0	1571066.0	3724224.0	17805102.0	4084938.0
GRASO_168	581808.0	0.0	0.0	0.0	0.0	0.0	0.0	0.0	0.0	0.0	0.0	0.0	1.0	2.0	14.0	166.0	2223.0	13025.0	44773.0	86842.0	106632.0	103322.0	101224.0	102225.0	109696.0	119784.0	138011.0	159586.0	188732.0	219735.0	273403.0	348386.0	474504.0	682000.0	1062114.0	1727342.0	4329805.0	23252300.0	5252384.0
GRASO_169	2936696.0	0.0	0.0	0.0	0.0	0.0	0.0	0.0	0.0	0.0	0.0	0.0	0.0	2.0	17.0	268.0	2544.0	14717.0	47998.0	95103.0	124809.0	129092.0	130903.0	136577.0	151243.0	160737.0	181222.0	205884.0	238897.0	272175.0	334019.0	419364.0	565028.0	807085.0	1253588.0	2021302.0	4829475.0	21967892.0	4591923.0
GRASO_170	148897.0	0.0	0.0	0.0	0.0	0.0	0.0	0.0	0.0	0.0	0.0	0.0	2.0	4.0	7.0	144.0	1785.0	10890.0	37681.0	71974.0	86499.0	80015.0	77700.0	78497.0	86058.0	95804.0	112317.0	132476.0	159121.0	187858.0	236474.0	302918.0	419961.0	616761.0	980995.0	1654831.0	4413889.0	23877038.0	4941389.0
GRASO_171	316027.0	0.0	0.0	0.0	0.0	0.0	0.0	0.0	0.0	0.0	0.0	0.0	0.0	2.0	12.0	156.0	1699.0	10762.0	37678.0	75605.0	94914.0	92906.0	93364.0	97016.0	106968.0	119035.0	138638.0	162810.0	193734.0	228321.0	285437.0	365508.0	503864.0	736586.0	1159262.0	1946938.0	5079392.0	25474632.0	4945188.0
GRASO_172	1097266.0	0.0	0.0	0.0	0.0	0.0	0.0	0.0	0.0	0.0	0.0	0.0	1.0	1.0	16.0	141.0	1566.0	10002.0	34215.0	67590.0	88759.0	91582.0	92721.0	96520.0	105851.0	116751.0	134357.0	148253.0	165842.0	188639.0	241349.0	313796.0	433336.0	626406.0	976884.0	1590581.0	3622451.0	15812896.0	3756751.0
GRASO_173	254129.0	0.0	0.0	0.0	0.0	0.0	0.0	0.0	0.0	0.0	0.0	0.0	0.0	1.0	10.0	144.0	1364.0	7663.0	26534.0	51142.0	64981.0	64155.0	65045.0	66104.0	73091.0	79538.0	90465.0	102778.0	121230.0	140196.0	178520.0	228539.0	313920.0	455675.0	716889.0	1178233.0	2858092.0	13109072.0	2709660.0
GRASO_174	65559.0	0.0	0.0	0.0	0.0	0.0	0.0	0.0	0.0	0.0	0.0	0.0	0.0	4.0	10.0	94.0	921.0	5540.0	19622.0	39125.0	48522.0	46979.0	46586.0	48013.0	52607.0	58654.0	68218.0	80378.0	95719.0	113533.0	140152.0	178470.0	245253.0	357171.0	564580.0	947618.0	2533868.0	14208563.0	2932992.0
GRASO_175	246650.0	0.0	0.0	0.0	0.0	0.0	0.0	0.0	0.0	0.0	0.0	0.0	1.0	1.0	12.0	92.0	1033.0	6470.0	23899.0	50039.0	66056.0	65600.0	65643.0	68258.0	75300.0	84163.0	98042.0	114158.0	136005.0	159480.0	199955.0	256308.0	353169.0	513118.0	806899.0	1335044.0	3385894.0	17276380.0	3737782.0
GRASO_176	89581.0	0.0	0.0	0.0	0.0	0.0	0.0	0.0	0.0	0.0	0.0	0.0	0.0	1.0	9.0	98.0	1286.0	8167.0	28298.0	54369.0	65502.0	61587.0	60225.0	61091.0	66729.0	73141.0	85620.0	100135.0	119076.0	140891.0	175012.0	222614.0	305362.0	446301.0	701343.0	1169735.0	3077735.0	16511367.0	3436410.0
GRASO_177	40616.0	0.0	0.0	0.0	0.0	0.0	0.0	0.0	0.0	0.0	0.0	0.0	0.0	2.0	6.0	63.0	826.0	5077.0	18584.0	37254.0	46431.0	45450.0	45519.0	46555.0	51491.0	56827.0	66772.0	78503.0	96740.0	109949.0	137571.0	176383.0	242563.0	354977.0	560993.0	949577.0	2530677.0	13432370.0	2727122.0
GRASO_178	30033.0	0.0	0.0	0.0	0.0	0.0	0.0	0.0	0.0	0.0	0.0	0.0	0.0	3.0	15.0	109.0	1329.0	7915.0	28346.0	58297.0	74326.0	73314.0	73477.0	76488.0	84603.0	94704.0	112040.0	131951.0	157444.0	187657.0	235909.0	300796.0	415607.0	608421.0	967373.0	1647189.0	4431863.0	22944528.0	4241879.0
GRASO_179	107718.0	0.0	0.0	0.0	0.0	0.0	0.0	0.0	0.0	0.0	0.0	0.0	1.0	7.0	23.0	257.0	2537.0	15368.0	53195.0	104387.0	128741.0	124691.0	123664.0	127883.0	139986.0	156275.0	182119.0	213324.0	253211.0	295846.0	366222.0	466232.0	638371.0	928458.0	1454882.0	2428912.0	6273003.0	30579175.0	5797745.0
GRASO_180	130487.0	0.0	0.0	0.0	0.0	0.0	0.0	0.0	0.0	0.0	0.0	0.0	0.0	3.0	22.0	152.0	1769.0	10329.0	36657.0	72801.0	91759.0	90299.0	89344.0	92281.0	101320.0	112040.0	130957.0	153096.0	181239.0	213998.0	267462.0	340664.0	470120.0	683857.0	1076968.0	1799166.0	4649953.0	23317072.0	4634645.0
HIGADO_01	280880.0	0.0	0.0	0.0	0.0	0.0	0.0	0.0	0.0	0.0	0.0	0.0	0.0	1.0	10.0	122.0	1201.0	6857.0	23264.0	44187.0	55137.0	54648.0	55039.0	57703.0	63185.0	69158.0	80533.0	94581.0	112905.0	134059.0	168479.0	215615.0	299179.0	438154.0	694279.0	1170343.0	3133558.0	16590662.0	3443869.0
HIGADO_02	390679.0	0.0	0.0	0.0	0.0	0.0	0.0	0.0	0.0	0.0	0.0	0.0	0.0	0.0	23.0	169.0	1964.0	11413.0	37993.0	72804.0	90818.0	88935.0	88692.0	92113.0	100881.0	109802.0	127845.0	149759.0	177913.0	209926.0	261565.0	331324.0	456858.0	664736.0	1042295.0	1705164.0	4397550.0	24833833.0	5549465.0
HIGADO_03	352639.0	0.0	0.0	0.0	0.0	0.0	0.0	0.0	0.0	0.0	0.0	0.0	0.0	2.0	17.0	198.0	1891.0	10403.0	34383.0	63645.0	77294.0	75136.0	74437.0	76658.0	83859.0	91021.0	105192.0	123345.0	147320.0	174742.0	218135.0	278215.0	384893.0	563557.0	890734.0	1490485.0	3971574.0	21619709.0	4413873.0
HIGADO_04	349168.0	0.0	0.0	0.0	0.0	0.0	0.0	0.0	0.0	0.0	0.0	0.0	0.0	3.0	19.0	186.0	1917.0	10793.0	34848.0	65067.0	79036.0	77635.0	78420.0	81257.0	87468.0	94227.0	108361.0	125232.0	149172.0	175725.0	217918.0	278553.0	380438.0	552848.0	865174.0	1430702.0	3746458.0	19557413.0	4346404.0
HIGADO_05	169969.0	0.0	0.0	0.0	0.0	0.0	0.0	0.0	0.0	0.0	0.0	0.0	1.0	1.0	2.0	118.0	1058.0	6629.0	22916.0	45447.0	57320.0	56391.0	57089.0	59791.0	66035.0	73599.0	86316.0	102756.0	122571.0	145780.0	183897.0	236533.0	329702.0	486581.0	773776.0	1306220.0	3561480.0	20007720.0	4345737.0
HIGADO_06	311742.0	0.0	0.0	0.0	0.0	0.0	0.0	0.0	0.0	0.0	0.0	0.0	1.0	2.0	13.0	171.0	1835.0	10736.0	35470.0	66106.0	80956.0	78072.0	76900.0	79487.0	86209.0	94461.0	109430.0	129254.0	154764.0	184005.0	231678.0	296469.0	412518.0	604397.0	958125.0	1607478.0	4280033.0	22121489.0	4194683.0
HIGADO_07	332967.0	0.0	0.0	0.0	0.0	0.0	0.0	0.0	0.0	0.0	0.0	0.0	2.0	0.0	19.0	259.0	2723.0	15042.0	50257.0	96962.0	122121.0	121970.0	123519.0	127707.0	137548.0	148821.0	170788.0	196395.0	232863.0	274007.0	340887.0	432243.0	591853.0	859574.0	1349484.0	2228944.0	5802603.0	31174498.0	6526229.0
HIGADO_08	279843.0	0.0	0.0	0.0	0.0	0.0	0.0	0.0	0.0	0.0	0.0	0.0	0.0	4.0	14.0	204.0	2081.0	11667.0	38198.0	72004.0	90975.0	89857.0	88817.0	94296.0	103342.0	105828.0	121417.0	142214.0	169638.0	200654.0	251319.0	322570.0	439666.0	643228.0	1015189.0	1694303.0	4507035.0	24398994.0	5011083.0
HIGADO_09	174137.0	0.0	0.0	0.0	0.0	0.0	0.0	0.0	0.0	0.0	0.0	0.0	0.0	1.0	8.0	123.0	1266.0	7466.0	25559.0	49793.0	63087.0	62394.0	63534.0	66722.0	72874.0	79602.0	92593.0	108673.0	129194.0	154682.0	193178.0	246950.0	344175.0	504079.0	795635.0	1335547.0	3560426.0	18814135.0	3908687.0
HIGADO_10	280980.0	0.0	0.0	0.0	0.0	0.0	0.0	0.0	0.0	0.0	0.0	0.0	0.0	4.0	18.0	201.0	2089.0	11396.0	37548.0	72787.0	92546.0	93147.0	95997.0	101478.0	110964.0	120210.0	137256.0	158686.0	188235.0	221215.0	274896.0	347861.0	474735.0	683339.0	1053211.0	1704545.0	4360034.0	23061413.0	5102667.0
HIGADO_11	585734.0	0.0	0.0	0.0	0.0	0.0	0.0	0.0	0.0	0.0	0.0	0.0	0.0	0.0	14.0	178.0	2135.0	12488.0	42265.0	83464.0	107462.0	107669.0	110967.0	115883.0	126601.0	136617.0	155815.0	179775.0	213178.0	251824.0	314066.0	400880.0	548559.0	792315.0	1238406.0	2052805.0	5359250.0	26995902.0	5088389.0
HIGADO_12	481369.0	0.0	0.0	0.0	0.0	0.0	0.0	0.0	0.0	0.0	0.0	0.0	3.0	5.0	10.0	142.0	1626.0	9655.0	33288.0	66552.0	85375.0	85201.0	86990.0	92033.0	101105.0	109771.0	127038.0	148538.0	177598.0	211663.0	265069.0	338682.0	464742.0	680879.0	1069250.0	1779156.0	4729721.0	25588438.0	5443765.0
HIGADO_13	221631.0	0.0	0.0	0.0	0.0	0.0	0.0	0.0	0.0	0.0	0.0	0.0	0.0	1.0	20.0	296.0	3226.0	17475.0	58201.0	111582.0	139737.0	139837.0	141717.0	146610.0	158259.0	172260.0	197386.0	228680.0	270894.0	320550.0	401456.0	507833.0	697973.0	1014615.0	1588852.0	2635491.0	6895090.0	35836253.0	7010765.0
HIGADO_14	188272.0	0.0	0.0	0.0	0.0	0.0	0.0	0.0	0.0	0.0	0.0	0.0	0.0	2.0	20.0	239.0	2235.0	13675.0	46926.0	94008.0	116758.0	113915.0	113935.0	117428.0	129093.0	141776.0	166404.0	194258.0	232804.0	275825.0	346394.0	443978.0	614742.0	900940.0	1419378.0	2345938.0	6142534.0	33657576.0	7252243.0
HIGADO_15	210789.0	0.0	0.0	0.0	0.0	0.0	0.0	0.0	0.0	0.0	0.0	0.0	0.0	6.0	25.0	282.0	2894.0	16660.0	55759.0	108541.0	137384.0	137191.0	136839.0	141181.0	152295.0	165690.0	188619.0	218697.0	258855.0	306524.0	380727.0	481929.0	653482.0	940367.0	1464198.0	2406058.0	6314296.0	33098801.0	6364565.0
HIGADO_16	78345.0	0.0	0.0	0.0	0.0	0.0	0.0	0.0	0.0	0.0	0.0	0.0	0.0	2.0	14.0	187.0	1933.0	10535.0	34249.0	66191.0	83944.0	83672.0	83782.0	86033.0	93693.0	101075.0	115912.0	134654.0	159883.0	188879.0	233736.0	297937.0	405034.0	585851.0	911499.0	1498547.0	3897215.0	20723765.0	4203889.0
HIGADO_17	89989.0	0.0	0.0	0.0	0.0	0.0	0.0	0.0	0.0	0.0	0.0	0.0	2.0	2.0	14.0	181.0	1933.0	11851.0	40520.0	80242.0	100846.0	100178.0	101018.0	105817.0	115545.0	126414.0	146884.0	172910.0	207211.0	244801.0	306535.0	392035.0	542764.0	793982.0	1252175.0	2074797.0	5395417.0	29598663.0	6853680.0
HIGADO_18	144522.0	0.0	0.0	0.0	0.0	0.0	0.0	0.0	0.0	0.0	0.0	0.0	1.0	6.0	30.0	307.0	3330.0	18190.0	57811.0	110317.0	137257.0	136856.0	137421.0	142820.0	155691.0	169227.0	194394.0	226874.0	269058.0	319556.0	400504.0	510324.0	701408.0	1024195.0	1603940.0	2648532.0	6996406.0	38227758.0	7935299.0
HIGADO_19	266108.0	0.0	0.0	0.0	0.0	0.0	0.0	0.0	0.0	0.0	0.0	0.0	0.0	2.0	18.0	175.0	1887.0	11413.0	38156.0	74178.0	93227.0	92089.0	93241.0	98188.0	107268.0	117845.0	137007.0	161174.0	191352.0	229114.0	285891.0	367876.0	506884.0	740697.0	1168396.0	1954356.0	5246124.0	28395516.0	5709339.0
HIGADO_20	230584.0	0.0	0.0	0.0	0.0	0.0	0.0	0.0	0.0	0.0	0.0	0.0	0.0	4.0	14.0	165.0	1422.0	8272.0	28239.0	55549.0	69703.0	68917.0	69908.0	71776.0	78863.0	86812.0	100027.0	116690.0	140348.0	166035.0	208229.0	266234.0	366440.0	534408.0	840357.0	1413808.0	3789249.0	19114983.0	3412971.0
HIGADO_21	339226.0	0.0	0.0	0.0	0.0	0.0	0.0	0.0	0.0	0.0	0.0	0.0	0.0	5.0	29.0	296.0	3334.0	18973.0	64405.0	127767.0	161935.0	159984.0	160773.0	168383.0	184298.0	201014.0	234732.0	275930.0	329217.0	389584.0	487284.0	624617.0	858409.0	1252974.0	1968879.0	3254677.0	8464011.0	44580014.0	9620727.0
HIGADO_22	74932.0	0.0	0.0	0.0	0.0	0.0	0.0	0.0	0.0	0.0	0.0	0.0	0.0	0.0	11.0	101.0	1187.0	6192.0	20067.0	37957.0	46325.0	46289.0	47202.0	49538.0	53922.0	59169.0	68320.0	79330.0	94542.0	110920.0	139603.0	177936.0	245303.0	357505.0	565156.0	947855.0	2504822.0	12935489.0	2640672.0
HIGADO_23	83841.0	0.0	0.0	0.0	0.0	0.0	0.0	0.0	0.0	0.0	0.0	0.0	1.0	3.0	18.0	226.0	2326.0	13535.0	45891.0	89505.0	111475.0	111291.0	112129.0	116974.0	126235.0	137462.0	156796.0	182403.0	216234.0	254793.0	317468.0	403453.0	548622.0	795974.0	1234314.0	2023068.0	5221777.0	27789578.0	5812222.0
HIGADO_24	107199.0	0.0	0.0	0.0	0.0	0.0	0.0	0.0	0.0	0.0	0.0	0.0	0.0	4.0	20.0	217.0	2557.0	14530.0	48416.0	92996.0	116964.0	114707.0	113295.0	115599.0	125166.0	135912.0	156775.0	183041.0	216596.0	255680.0	317918.0	403234.0	551160.0	797802.0	1246667.0	2036846.0	5227010.0	29275961.0	6606903.0
HIGADO_25	18697.0	0.0	0.0	0.0	0.0	0.0	0.0	0.0	0.0	0.0	0.0	1.0	0.0	0.0	3.0	80.0	900.0	5468.0	17552.0	32936.0	39338.0	37549.0	36331.0	36765.0	40063.0	44480.0	52353.0	61655.0	74299.0	88453.0	111945.0	144378.0	200021.0	296114.0	472800.0	801496.0	2184832.0	12115860.0	2632630.0
HIGADO_26	49083.0	0.0	0.0	0.0	0.0	0.0	0.0	0.0	0.0	0.0	0.0	0.0	0.0	5.0	7.0	99.0	997.0	6271.0	21425.0	42699.0	54550.0	53511.0	54720.0	57144.0	62021.0	69361.0	81110.0	95617.0	113573.0	135686.0	170073.0	218127.0	301060.0	442188.0	700251.0	1174343.0	3122757.0	17012353.0	3490939.0
HIGADO_27	12153.0	0.0	0.0	0.0	0.0	0.0	0.0	0.0	0.0	0.0	0.0	0.0	0.0	3.0	24.0	165.0	1921.0	11349.0	37667.0	71818.0	86163.0	81021.0	79544.0	81119.0	88116.0	98902.0	115952.0	135789.0	163458.0	193533.0	242000.0	309833.0	428274.0	628818.0	996038.0	1661259.0	4424325.0	25125104.0	5512730.0
HIGADO_28	24920.0	0.0	0.0	0.0	0.0	0.0	0.0	0.0	0.0	0.0	0.0	0.0	0.0	0.0	13.0	105.0	1110.0	6703.0	22766.0	42836.0	51924.0	49192.0	47803.0	48878.0	53107.0	59191.0	69209.0	82444.0	99151.0	118392.0	148301.0	192386.0	267129.0	394471.0	626786.0	1061347.0	2866753.0	15614114.0	3292962.0
HIGADO_29	24013.0	0.0	0.0	0.0	0.0	0.0	0.0	0.0	0.0	0.0	0.0	0.0	1.0	0.0	12.0	114.0	1106.0	6657.0	23231.0	45253.0	57018.0	56199.0	56704.0	58833.0	63297.0	70656.0	82357.0	96324.0	114932.0	137631.0	171840.0	221312.0	304700.0	449901.0	711406.0	1191767.0	3155583.0	16657955.0	3338979.0
HIGADO_30	14093.0	0.0	0.0	0.0	0.0	0.0	0.0	0.0	0.0	0.0	0.0	0.0	2.0	2.0	10.0	158.0	1691.0	9896.0	33478.0	62077.0	75283.0	71641.0	69814.0	71498.0	77674.0	85438.0	99374.0	117590.0	140402.0	167010.0	208706.0	265955.0	369537.0	541239.0	854925.0	1433098.0	3843347.0	21183791.0	4376247.0
HIGADO_31	18164.0	0.0	0.0	0.0	0.0	0.0	0.0	0.0	0.0	0.0	0.0	0.0	1.0	1.0	13.0	115.0	1173.0	6634.0	22253.0	43527.0	55254.0	54450.0	55084.0	57087.0	62565.0	68514.0	80526.0	93820.0	113625.0	136075.0	171486.0	220743.0	305064.0	447870.0	713239.0	1222344.0	3337092.0	16122064.0	2583345.0
HIGADO_32	49054.0	0.0	0.0	0.0	0.0	0.0	0.0	0.0	0.0	0.0	0.0	0.0	0.0	0.0	11.0	84.0	995.0	5794.0	20605.0	40594.0	51472.0	50665.0	51409.0	53332.0	58226.0	64767.0	75901.0	88899.0	106673.0	127029.0	159084.0	203001.0	282556.0	414239.0	655867.0	1105844.0	2967530.0	16158347.0	3480854.0
HIGADO_33	31417.0	0.0	0.0	0.0	0.0	0.0	0.0	0.0	0.0	0.0	0.0	0.0	0.0	2.0	8.0	161.0	1440.0	8220.0	27491.0	53833.0	67554.0	67322.0	69304.0	71965.0	78494.0	85600.0	99400.0	115103.0	137547.0	163136.0	204474.0	261440.0	359758.0	525664.0	829178.0	1386426.0	3677484.0	19743131.0	4106259.0
HIGADO_34	36267.0	0.0	0.0	0.0	0.0	0.0	0.0	0.0	0.0	0.0	0.0	0.0	0.0	2.0	21.0	281.0	2921.0	16217.0	54209.0	102496.0	126591.0	124579.0	124790.0	128806.0	139469.0	153360.0	178705.0	208785.0	250399.0	296534.0	372337.0	477295.0	659478.0	969028.0	1529003.0	2562806.0	6790790.0	36109516.0	7294590.0
HIGADO_35	61510.0	0.0	0.0	0.0	0.0	0.0	0.0	0.0	0.0	0.0	0.0	0.0	0.0	2.0	17.0	169.0	1741.0	9316.0	30633.0	58686.0	73027.0	71482.0	71965.0	74685.0	79840.0	87443.0	100802.0	116987.0	138623.0	163278.0	203511.0	258247.0	354854.0	515621.0	806513.0	1331709.0	3441519.0	17812112.0	3783427.0
HIGADO_36	35192.0	0.0	0.0	0.0	0.0	0.0	0.0	0.0	0.0	0.0	0.0	0.0	0.0	1.0	13.0	138.0	1517.0	9231.0	31688.0	62796.0	77561.0	76197.0	76658.0	79665.0	86435.0	96578.0	112804.0	131819.0	157075.0	185958.0	232878.0	298976.0	413118.0	604890.0	955126.0	1581229.0	4141550.0	22930035.0	5001608.0
HIGADO_37	31051.0	0.0	0.0	0.0	0.0	0.0	0.0	0.0	0.0	0.0	0.0	0.0	0.0	3.0	16.0	116.0	1281.0	7560.0	25102.0	49089.0	61469.0	60296.0	60908.0	63077.0	69513.0	76161.0	89573.0	104938.0	125079.0	149076.0	186888.0	239766.0	330463.0	483850.0	763960.0	1292254.0	3439350.0	17169254.0	3347560.0
HIGADO_38	55250.0	0.0	0.0	0.0	0.0	0.0	0.0	0.0	0.0	0.0	0.0	0.0	0.0	0.0	11.0	96.0	975.0	6002.0	21040.0	42506.0	54837.0	54351.0	54940.0	57420.0	63347.0	69837.0	82676.0	97974.0	117567.0	140034.0	177498.0	229153.0	319081.0	468904.0	749894.0	1272317.0	3441110.0	16986535.0	2950425.0
HIGADO_39	43063.0	0.0	0.0	0.0	0.0	0.0	0.0	0.0	0.0	0.0	0.0	0.0	0.0	3.0	17.0	183.0	1658.0	9675.0	31843.0	61216.0	76232.0	75224.0	75631.0	78675.0	85025.0	93543.0	107946.0	125870.0	150297.0	178121.0	221872.0	284023.0	389294.0	565839.0	888986.0	1482635.0	3944996.0	20971100.0	4121791.0
HIGADO_40	56697.0	0.0	0.0	0.0	0.0	0.0	0.0	0.0	0.0	0.0	0.0	0.0	0.0	4.0	12.0	151.0	1547.0	8622.0	28008.0	53979.0	66623.0	65006.0	65131.0	68403.0	73887.0	80265.0	93480.0	109191.0	130860.0	154614.0	192583.0	246173.0	338137.0	492865.0	772927.0	1287161.0	3385293.0	18172338.0	3918325.0
HIGADO_41	153379.0	0.0	0.0	0.0	0.0	0.0	0.0	0.0	0.0	0.0	0.0	0.0	0.0	4.0	24.0	223.0	2474.0	13506.0	44218.0	84946.0	106023.0	106174.0	107192.0	110456.0	119841.0	130741.0	150998.0	175512.0	209320.0	246883.0	308401.0	392577.0	540847.0	790375.0	1236109.0	2044296.0	5315300.0	29185732.0	6315909.0
HIGADO_42	174523.0	0.0	0.0	0.0	0.0	0.0	0.0	0.0	0.0	0.0	0.0	0.0	0.0	1.0	18.0	207.0	2331.0	12934.0	43412.0	83632.0	104061.0	101178.0	99468.0	101881.0	111249.0	121408.0	139913.0	164447.0	196526.0	231965.0	288642.0	366562.0	504688.0	735871.0	1156444.0	1906625.0	4958703.0	27255629.0	6218790.0
HIGADO_43	147019.0	0.0	0.0	0.0	0.0	0.0	0.0	0.0	0.0	0.0	0.0	0.0	0.0	4.0	28.0	279.0	2836.0	15875.0	51197.0	94371.0	113955.0	106879.0	101579.0	101509.0	109574.0	119964.0	139104.0	162458.0	195040.0	231035.0	289422.0	370402.0	511777.0	751139.0	1187391.0	1995506.0	5302643.0	26536244.0	4478883.0
HIGADO_44	130276.0	0.0	0.0	0.0	0.0	0.0	0.0	0.0	0.0	0.0	0.0	0.0	2.0	1.0	7.0	131.0	1427.0	7772.0	25963.0	50723.0	63690.0	62826.0	63291.0	65570.0	71305.0	79085.0	91763.0	107742.0	129735.0	154627.0	194457.0	249953.0	346785.0	507256.0	804016.0	1353747.0	3658683.0	18713935.0	3401646.0
HIGADO_45	50686.0	0.0	0.0	0.0	0.0	0.0	0.0	0.0	0.0	0.0	0.0	0.0	0.0	2.0	26.0	230.0	2351.0	12772.0	40768.0	78887.0	100001.0	99220.0	96855.0	99678.0	108502.0	116966.0	135647.0	158561.0	189436.0	224000.0	281545.0	359177.0	494561.0	721062.0	1134472.0	1888934.0	4938207.0	24639203.0	4764275.0
HIGADO_46	21998.0	0.0	0.0	0.0	0.0	0.0	0.0	0.0	0.0	0.0	0.0	1.0	1.0	0.0	21.0	95.0	1076.0	6551.0	22807.0	45446.0	57429.0	56282.0	56007.0	57562.0	63439.0	70668.0	81647.0	96104.0	114643.0	137070.0	170886.0	218684.0	300492.0	440811.0	694878.0	1152019.0	3072700.0	17499836.0	3717204.0
HIGADO_47	5598.0	0.0	0.0	0.0	0.0	0.0	0.0	0.0	0.0	0.0	0.0	0.0	1.0	3.0	7.0	108.0	1038.0	6491.0	21233.0	42457.0	55401.0	56830.0	57505.0	59248.0	64168.0	70640.0	81879.0	95228.0	113668.0	134521.0	169240.0	216085.0	296638.0	432529.0	682355.0	1145161.0	3063116.0	15923894.0	3000765.0
HIGADO_48	23492.0	0.0	0.0	0.0	0.0	0.0	0.0	0.0	0.0	0.0	0.0	0.0	0.0	2.0	21.0	209.0	2222.0	11759.0	37521.0	71591.0	90873.0	90125.0	86098.0	88906.0	95543.0	101149.0	115271.0	133279.0	158515.0	186876.0	233637.0	297931.0	404950.0	589381.0	922571.0	1519444.0	3916960.0	20529357.0	4162590.0
HIGADO_49	68997.0	0.0	0.0	0.0	0.0	0.0	0.0	0.0	0.0	0.0	0.0	0.0	1.0	5.0	18.0	270.0	2857.0	16462.0	54954.0	105753.0	132026.0	128691.0	128255.0	131730.0	142743.0	153504.0	177783.0	207811.0	245358.0	289242.0	360279.0	455673.0	623756.0	901452.0	1411964.0	2315125.0	5962142.0	32584545.0	7177638.0
HIGADO_50	187440.0	0.0	0.0	0.0	0.0	0.0	0.0	0.0	0.0	0.0	0.0	0.0	0.0	3.0	7.0	99.0	1038.0	6282.0	21927.0	44851.0	57684.0	58081.0	58766.0	62543.0	68323.0	75289.0	88349.0	103967.0	125188.0	149194.0	189467.0	243887.0	339861.0	504928.0	805584.0	1350519.0	3621835.0	19970091.0	4198206.0
HIGADO_51	147030.0	0.0	0.0	0.0	0.0	0.0	0.0	0.0	0.0	0.0	0.0	0.0	1.0	1.0	9.0	138.0	1485.0	8411.0	29429.0	55867.0	68286.0	66276.0	66690.0	68338.0	74648.0	81182.0	94067.0	109379.0	130371.0	154317.0	192221.0	245497.0	336735.0	492792.0	776643.0	1281225.0	3325866.0	18498212.0	4061046.0
HIGADO_52	262719.0	0.0	0.0	0.0	0.0	0.0	0.0	0.0	0.0	0.0	0.0	0.0	0.0	3.0	16.0	211.0	2017.0	11419.0	37278.0	72846.0	93653.0	96821.0	100082.0	106062.0	115370.0	123712.0	141570.0	163595.0	194030.0	229354.0	285211.0	361448.0	491806.0	709515.0	1105261.0	1827225.0	4802605.0	25129782.0	5224602.0
HIGADO_53	135775.0	0.0	0.0	0.0	0.0	0.0	0.0	0.0	0.0	0.0	0.0	0.0	0.0	2.0	15.0	109.0	1250.0	7264.0	24981.0	49109.0	62692.0	63089.0	64286.0	67600.0	73588.0	80862.0	91724.0	105684.0	126609.0	148338.0	184048.0	234081.0	320502.0	466160.0	728126.0	1205156.0	3153305.0	17026025.0	3665167.0
HIGADO_54	128274.0	0.0	0.0	0.0	0.0	0.0	0.0	0.0	0.0	0.0	0.0	0.0	0.0	2.0	14.0	139.0	1557.0	8717.0	29134.0	56657.0	69971.0	67111.0	66815.0	68312.0	74238.0	82302.0	96223.0	113873.0	136113.0	161828.0	203008.0	261355.0	362276.0	532822.0	842411.0	1403696.0	3667146.0	19191318.0	4182847.0
HIGADO_55	168223.0	0.0	0.0	0.0	0.0	0.0	0.0	0.0	0.0	0.0	0.0	0.0	1.0	2.0	8.0	143.0	1434.0	8324.0	28032.0	53918.0	66939.0	66787.0	66748.0	69128.0	74950.0	81319.0	93536.0	108379.0	129587.0	152816.0	188989.0	241225.0	331035.0	480612.0	752878.0	1249809.0	3261086.0	17064783.0	3539940.0
HIGADO_56	210913.0	0.0	0.0	0.0	0.0	0.0	0.0	0.0	0.0	0.0	0.0	0.0	0.0	2.0	9.0	130.0	1303.0	7432.0	24764.0	49246.0	63775.0	65731.0	67151.0	70874.0	76821.0	80553.0	92007.0	106114.0	124498.0	148229.0	184017.0	233797.0	316693.0	457290.0	709376.0	1167718.0	3021358.0	15862345.0	3404703.0
HIGADO_57	216713.0	0.0	0.0	0.0	0.0	0.0	0.0	0.0	0.0	0.0	0.0	1.0	1.0	2.0	25.0	313.0	2854.0	14812.0	46711.0	86127.0	109002.0	111808.0	114143.0	119841.0	129976.0	136227.0	153693.0	174458.0	205767.0	240846.0	298037.0	374368.0	502906.0	718042.0	1105281.0	1797106.0	4617825.0	23483143.0	4802520.0
HIGADO_58	723974.0	0.0	0.0	0.0	0.0	0.0	0.0	0.0	0.0	0.0	0.0	0.0	0.0	1.0	16.0	156.0	1641.0	9117.0	29891.0	56803.0	71854.0	72705.0	75082.0	79336.0	86395.0	92784.0	104018.0	120393.0	142129.0	166164.0	206361.0	262841.0	359147.0	522830.0	819420.0	1353530.0	3562463.0	18910648.0	3832678.0
HIGADO_59	233363.0	0.0	0.0	0.0	0.0	0.0	0.0	0.0	0.0	0.0	0.0	0.0	0.0	2.0	16.0	151.0	1313.0	7933.0	27155.0	53185.0	67641.0	66729.0	66749.0	70097.0	75783.0	83846.0	96507.0	111805.0	133353.0	158564.0	197187.0	251871.0	346581.0	507067.0	803850.0	1334107.0	3484750.0	18661861.0	3974700.0
HIGADO_60	244629.0	0.0	0.0	0.0	0.0	0.0	0.0	0.0	0.0	0.0	0.0	0.0	0.0	4.0	13.0	239.0	2354.0	12339.0	38761.0	73161.0	94439.0	99086.0	102487.0	109642.0	118466.0	123286.0	136675.0	154375.0	180472.0	211909.0	260731.0	328479.0	439683.0	623028.0	953367.0	1541197.0	3966235.0	19449233.0	3676107.0
MUSCULO_100	370189.0	0.0	0.0	0.0	0.0	0.0	0.0	0.0	0.0	0.0	0.0	0.0	0.0	9.0	41.0	505.0	5258.0	29061.0	93755.0	175468.0	213568.0	202566.0	196459.0	197359.0	210834.0	229854.0	265953.0	310314.0	367212.0	432248.0	538666.0	685605.0	943117.0	1368025.0	2149522.0	3539533.0	9006574.0	47262800.0	10409368.0
MUSCULO_101	71650.0	0.0	0.0	0.0	0.0	0.0	0.0	0.0	0.0	0.0	0.0	0.0	0.0	3.0	10.0	166.0	1818.0	10730.0	36716.0	72242.0	91004.0	88418.0	88037.0	90979.0	99026.0	109744.0	128109.0	150742.0	179328.0	213831.0	268643.0	344281.0	478311.0	702055.0	1112516.0	1886044.0	5025739.0	25457122.0	4920712.0
MUSCULO_102	30966.0	0.0	0.0	0.0	0.0	0.0	0.0	0.0	0.0	0.0	0.0	0.0	0.0	2.0	12.0	104.0	1085.0	6184.0	20479.0	39437.0	47991.0	46433.0	45949.0	46930.0	51148.0	56462.0	65815.0	76590.0	91874.0	108924.0	135742.0	173914.0	239822.0	351158.0	554179.0	925064.0	2419095.0	12691188.0	2825458.0
MUSCULO_103	84294.0	0.0	0.0	0.0	0.0	0.0	0.0	0.0	0.0	0.0	0.0	0.0	1.0	1.0	12.0	163.0	1643.0	8595.0	27741.0	51580.0	64360.0	64134.0	63800.0	66345.0	71700.0	76407.0	87800.0	101230.0	120373.0	141487.0	175649.0	225352.0	308801.0	448059.0	702910.0	1164865.0	2977195.0	14911951.0	3053182.0
MUSCULO_104	20168.0	0.0	0.0	0.0	0.0	0.0	0.0	0.0	0.0	0.0	0.0	0.0	0.0	3.0	15.0	130.0	1357.0	8099.0	28280.0	55176.0	69781.0	70083.0	69965.0	72055.0	78137.0	86706.0	101826.0	119973.0	144115.0	172331.0	215695.0	276156.0	381440.0	562700.0	899668.0	1521099.0	4035570.0	21598326.0	4528776.0
MUSCULO_105	52815.0	0.0	0.0	0.0	0.0	0.0	0.0	0.0	0.0	0.0	0.0	0.0	0.0	3.0	18.0	166.0	1620.0	8924.0	30151.0	60726.0	77630.0	77221.0	77396.0	79741.0	86489.0	96131.0	112021.0	130499.0	157997.0	187392.0	234496.0	299697.0	416274.0	610105.0	969122.0	1619207.0	4148159.0	20064426.0	4170169.0
MUSCULO_106	134690.0	0.0	0.0	0.0	0.0	0.0	0.0	0.0	0.0	0.0	0.0	0.0	1.0	2.0	13.0	110.0	1295.0	7306.0	24213.0	46501.0	58989.0	58334.0	57048.0	59201.0	65236.0	70997.0	82456.0	96661.0	115223.0	137100.0	170934.0	220493.0	305295.0	448625.0	712412.0	1191070.0	3079055.0	15960813.0	3340442.0
MUSCULO_107	375191.0	0.0	0.0	0.0	0.0	0.0	0.0	0.0	0.0	0.0	0.0	0.0	0.0	3.0	17.0	151.0	1519.0	8797.0	31020.0	60271.0	77928.0	75708.0	76874.0	79132.0	86784.0	95911.0	111847.0	131324.0	155991.0	183735.0	230151.0	295521.0	407899.0	596809.0	948117.0	1590413.0	4145242.0	21178433.0	4485592.0
MUSCULO_108	294561.0	0.0	0.0	0.0	0.0	0.0	0.0	0.0	0.0	0.0	0.0	0.0	1.0	3.0	22.0	233.0	2437.0	14050.0	46985.0	90829.0	113768.0	111952.0	111925.0	115586.0	126503.0	139819.0	164172.0	192695.0	230772.0	274045.0	345917.0	443466.0	618871.0	907882.0	1447742.0	2425259.0	6327742.0	32636063.0	6732877.0
MUSCULO_109	109288.0	0.0	0.0	0.0	0.0	0.0	0.0	0.0	0.0	0.0	0.0	0.0	0.0	1.0	15.0	100.0	1113.0	6233.0	21096.0	41300.0	51365.0	50523.0	51479.0	53738.0	58934.0	64921.0	76254.0	89553.0	107069.0	126995.0	160524.0	205456.0	286645.0	422595.0	679221.0	1150241.0	3093250.0	16469533.0	3385179.0
MUSCULO_110	157668.0	0.0	0.0	0.0	0.0	0.0	0.0	0.0	0.0	0.0	0.0	0.0	0.0	2.0	10.0	121.0	1164.0	6751.0	22801.0	45412.0	57982.0	58577.0	59842.0	63228.0	68736.0	73459.0	85457.0	99888.0	119156.0	141258.0	177458.0	229503.0	316806.0	465559.0	739369.0	1241664.0	3247412.0	16321772.0	3318883.0
MUSCULO_111	210356.0	0.0	0.0	0.0	0.0	0.0	0.0	0.0	0.0	0.0	0.0	0.0	1.0	3.0	18.0	135.0	1341.0	7454.0	24827.0	47460.0	59628.0	59253.0	59987.0	61712.0	67978.0	74470.0	86487.0	100437.0	118888.0	140056.0	174948.0	223649.0	307001.0	451761.0	715266.0	1186077.0	3021339.0	15414360.0	3265863.0
MUSCULO_112	311934.0	0.0	0.0	0.0	0.0	0.0	0.0	0.0	0.0	0.0	0.0	0.0	1.0	2.0	8.0	191.0	1837.0	10425.0	33917.0	64008.0	78432.0	75043.0	73555.0	74502.0	80732.0	89733.0	104607.0	123799.0	147631.0	174892.0	218757.0	280436.0	389424.0	571980.0	909960.0	1524436.0	3955080.0	20364080.0	4288636.0
MUSCULO_113	203191.0	0.0	0.0	0.0	0.0	0.0	0.0	0.0	0.0	0.0	0.0	0.0	1.0	4.0	14.0	177.0	1902.0	11615.0	38553.0	73657.0	90826.0	86666.0	86513.0	88343.0	96298.0	107452.0	122566.0	143612.0	169503.0	196102.0	245971.0	313073.0	430753.0	624769.0	981825.0	1627316.0	4151117.0	20670540.0	4360048.0
MUSCULO_114	160069.0	0.0	0.0	0.0	0.0	0.0	0.0	0.0	0.0	0.0	0.0	0.0	0.0	2.0	10.0	126.0	1446.0	9054.0	31014.0	63066.0	82444.0	82296.0	81904.0	83273.0	91454.0	101672.0	116633.0	135412.0	160241.0	188811.0	236268.0	299947.0	412621.0	596477.0	937073.0	1536239.0	3854452.0	19772837.0	4784561.0
MUSCULO_115	365969.0	0.0	0.0	0.0	0.0	0.0	0.0	0.0	0.0	0.0	0.0	0.0	0.0	1.0	13.0	156.0	1727.0	10582.0	36281.0	72844.0	92074.0	89903.0	89974.0	92261.0	100219.0	113217.0	132967.0	155718.0	186186.0	219870.0	275214.0	353032.0	487063.0	713250.0	1133170.0	1882722.0	4854028.0	25870990.0	5836614.0
MUSCULO_116	681666.0	0.0	0.0	0.0	0.0	0.0	0.0	0.0	0.0	0.0	0.0	0.0	0.0	4.0	27.0	243.0	2798.0	15996.0	54639.0	107388.0	136448.0	134992.0	134223.0	137022.0	150390.0	166097.0	196003.0	230957.0	278381.0	330806.0	415836.0	534146.0	743668.0	1094882.0	1747722.0	2924510.0	7625584.0	40449371.0	8756766.0
MUSCULO_117	113333.0	0.0	0.0	0.0	0.0	0.0	0.0	0.0	0.0	0.0	0.0	0.0	0.0	2.0	10.0	104.0	977.0	5654.0	19627.0	38845.0	49287.0	48746.0	48913.0	50585.0	55394.0	62232.0	73195.0	85711.0	101999.0	119653.0	151017.0	193677.0	269032.0	396422.0	629652.0	1057035.0	2754695.0	14509272.0	3114578.0
MUSCULO_118	127719.0	0.0	0.0	0.0	0.0	0.0	0.0	0.0	0.0	0.0	0.0	0.0	1.0	1.0	14.0	149.0	1540.0	8885.0	30285.0	58976.0	73553.0	71513.0	71656.0	73811.0	80309.0	88167.0	103996.0	121497.0	145800.0	173228.0	216948.0	278057.0	385114.0	564386.0	899232.0	1513399.0	4015654.0	21372077.0	4410599.0
MUSCULO_119	60860.0	0.0	0.0	0.0	0.0	0.0	0.0	0.0	0.0	0.0	0.0	0.0	0.0	1.0	7.0	116.0	1308.0	7364.0	26256.0	53022.0	67924.0	68055.0	67874.0	68986.0	75601.0	83363.0	97695.0	114476.0	138257.0	163296.0	205145.0	261736.0	361517.0	531363.0	841931.0	1403186.0	3610760.0	18834817.0	4215716.0
MUSCULO_120	46714.0	0.0	0.0	0.0	0.0	0.0	0.0	0.0	0.0	0.0	0.0	0.0	0.0	0.0	11.0	123.0	1176.0	7345.0	25278.0	50214.0	63321.0	61931.0	61542.0	62967.0	68588.0	76063.0	89457.0	105107.0	126327.0	149936.0	189271.0	241796.0	334610.0	492964.0	787550.0	1320618.0	3467346.0	18742160.0	4064922.0
MUSCULO_61	538383.0	0.0	0.0	0.0	0.0	0.0	0.0	0.0	0.0	0.0	0.0	0.0	0.0	0.0	17.0	272.0	2951.0	16241.0	52285.0	98968.0	121928.0	118133.0	117769.0	120785.0	130515.0	141143.0	162654.0	187697.0	223526.0	260682.0	323619.0	411903.0	566259.0	821025.0	1290106.0	2132805.0	5475255.0	28148596.0	5899747.0
MUSCULO_62	275385.0	0.0	0.0	0.0	0.0	0.0	0.0	0.0	0.0	0.0	0.0	0.0	0.0	2.0	15.0	142.0	1600.0	10405.0	38580.0	79476.0	102687.0	100721.0	101037.0	106217.0	116947.0	131860.0	156415.0	185991.0	224634.0	270223.0	340748.0	442791.0	621046.0	921659.0	1481053.0	2499699.0	6590752.0	35430076.0	7898338.0
MUSCULO_63	340075.0	0.0	0.0	0.0	0.0	0.0	0.0	0.0	0.0	0.0	0.0	0.0	0.0	4.0	14.0	231.0	2443.0	13983.0	48153.0	95225.0	120277.0	117316.0	116067.0	119721.0	129294.0	142059.0	165182.0	192335.0	230630.0	273597.0	343525.0	437944.0	604668.0	883559.0	1399251.0	2346959.0	6148608.0	30284985.0	5458022.0
MUSCULO_64	70064.0	0.0	0.0	0.0	0.0	0.0	0.0	0.0	0.0	0.0	0.0	0.0	1.0	0.0	17.0	147.0	1373.0	7792.0	26981.0	53221.0	67575.0	66359.0	66206.0	69163.0	74542.0	81772.0	94489.0	110205.0	131338.0	155998.0	194008.0	246672.0	339791.0	494041.0	777913.0	1295096.0	3379060.0	18032002.0	3754006.0
MUSCULO_65	79687.0	0.0	0.0	0.0	0.0	0.0	0.0	0.0	0.0	0.0	0.0	0.0	0.0	1.0	7.0	96.0	1106.0	6464.0	22337.0	44301.0	55098.0	53771.0	52679.0	54474.0	58805.0	64580.0	74927.0	87780.0	104910.0	123358.0	154488.0	196601.0	269469.0	393967.0	618606.0	1021381.0	2628522.0	14296340.0	3149201.0
MUSCULO_66	182904.0	0.0	0.0	0.0	0.0	0.0	0.0	0.0	0.0	0.0	0.0	0.0	0.0	2.0	11.0	109.0	1123.0	6816.0	22439.0	44026.0	54110.0	51886.0	50946.0	52135.0	56854.0	62619.0	72955.0	84890.0	102008.0	119262.0	149121.0	191874.0	263839.0	387904.0	609450.0	1020048.0	2673416.0	14263273.0	3131782.0
MUSCULO_67	40216.0	0.0	0.0	0.0	0.0	0.0	0.0	0.0	0.0	0.0	0.0	0.0	0.0	3.0	13.0	91.0	1365.0	7652.0	25672.0	49963.0	63073.0	62327.0	61560.0	63740.0	69593.0	76516.0	88326.0	103510.0	122909.0	145910.0	182832.0	231969.0	320041.0	465381.0	730912.0	1213407.0	3136602.0	16000413.0	3216971.0
MUSCULO_68	65010.0	0.0	0.0	0.0	0.0	0.0	0.0	0.0	0.0	0.0	0.0	0.0	0.0	3.0	10.0	122.0	1111.0	6345.0	21051.0	41080.0	51498.0	50122.0	50464.0	51424.0	56532.0	62096.0	73561.0	86743.0	104625.0	124647.0	156717.0	201989.0	282169.0	415511.0	661621.0	1129741.0	3030899.0	14384204.0	2401883.0
MUSCULO_69	30165.0	0.0	0.0	0.0	0.0	0.0	0.0	0.0	0.0	0.0	0.0	0.0	0.0	1.0	11.0	75.0	911.0	5547.0	19135.0	37592.0	47391.0	46361.0	46637.0	47744.0	52645.0	58962.0	68806.0	82354.0	98118.0	116201.0	146105.0	187956.0	261206.0	383965.0	611827.0	1028886.0	2752621.0	14945101.0	3086937.0
MUSCULO_70	103681.0	0.0	0.0	0.0	0.0	0.0	0.0	0.0	0.0	0.0	0.0	0.0	0.0	4.0	18.0	164.0	1755.0	9515.0	31255.0	58381.0	72421.0	69840.0	68391.0	68882.0	74335.0	80897.0	92736.0	107842.0	126776.0	149479.0	187377.0	237702.0	326936.0	471878.0	739543.0	1219590.0	3109639.0	16034689.0	3497162.0
MUSCULO_71	62000.0	0.0	0.0	0.0	0.0	0.0	0.0	0.0	0.0	0.0	0.0	0.0	1.0	0.0	5.0	106.0	1094.0	6192.0	21350.0	42325.0	54584.0	52808.0	52972.0	54227.0	59422.0	66092.0	77834.0	90719.0	109276.0	128926.0	161398.0	206967.0	285134.0	418439.0	664948.0	1121337.0	2976726.0	16087404.0	3389293.0
MUSCULO_72	19236.0	0.0	0.0	0.0	0.0	0.0	0.0	0.0	0.0	0.0	0.0	0.0	0.0	1.0	6.0	72.0	768.0	4389.0	14513.0	28954.0	36695.0	35387.0	35638.0	36967.0	40263.0	44393.0	51995.0	61784.0	73434.0	87966.0	110746.0	141642.0	196911.0	290708.0	461637.0	781773.0	2107216.0	11249894.0	2237627.0
MUSCULO_73	473458.0	0.0	0.0	0.0	0.0	0.0	0.0	0.0	0.0	0.0	0.0	0.0	0.0	4.0	10.0	146.0	1667.0	9884.0	33514.0	65804.0	82522.0	81039.0	80377.0	82695.0	90341.0	98613.0	115288.0	134481.0	160287.0	190188.0	237584.0	305184.0	421372.0	618975.0	983576.0	1647149.0	4310247.0	22785639.0	4962920.0
MUSCULO_74	1654984.0	0.0	0.0	0.0	0.0	0.0	0.0	0.0	0.0	0.0	0.0	0.0	0.0	2.0	12.0	132.0	1532.0	9503.0	32252.0	62438.0	77840.0	76160.0	76289.0	78674.0	86577.0	97094.0	113606.0	133418.0	159812.0	187452.0	235512.0	304207.0	424603.0	626533.0	1001720.0	1695733.0	4527739.0	23012145.0	4377227.0
MUSCULO_75	866425.0	0.0	0.0	0.0	0.0	0.0	0.0	0.0	0.0	0.0	0.0	0.0	1.0	5.0	13.0	150.0	1577.0	9203.0	30300.0	57736.0	70767.0	68070.0	67602.0	69207.0	75030.0	83215.0	97290.0	113727.0	135647.0	161176.0	201548.0	259183.0	359857.0	528186.0	838937.0	1424122.0	3792664.0	18982085.0	3587736.0
MUSCULO_76	2057578.0	0.0	0.0	0.0	0.0	0.0	0.0	0.0	0.0	0.0	0.0	0.0	1.0	2.0	13.0	78.0	1157.0	7167.0	25129.0	48684.0	61207.0	59673.0	60687.0	63134.0	69801.0	78433.0	91599.0	106993.0	126827.0	147673.0	184985.0	236475.0	329181.0	486031.0	771209.0	1287352.0	3359220.0	18036449.0	3890494.0
MUSCULO_77	1197656.0	0.0	0.0	0.0	0.0	0.0	0.0	0.0	0.0	0.0	0.0	0.0	0.0	10.0	22.0	241.0	2939.0	17496.0	59993.0	115902.0	142568.0	136606.0	134932.0	137647.0	149350.0	163617.0	191177.0	224495.0	266454.0	315126.0	394487.0	504842.0	699952.0	1025167.0	1626215.0	2741111.0	7177650.0	35227299.0	6556368.0
MUSCULO_78	968583.0	0.0	0.0	0.0	0.0	0.0	0.0	0.0	0.0	0.0	0.0	0.0	0.0	0.0	15.0	224.0	2615.0	14637.0	48758.0	93882.0	120505.0	120461.0	122343.0	126824.0	137682.0	149486.0	171680.0	200212.0	238394.0	280579.0	349514.0	442732.0	607178.0	880876.0	1382896.0	2306795.0	6031781.0	31068656.0	6187438.0
MUSCULO_79	696953.0	0.0	0.0	0.0	0.0	0.0	0.0	0.0	0.0	0.0	0.0	0.0	0.0	2.0	13.0	135.0	1483.0	8976.0	30501.0	60890.0	76667.0	75581.0	75874.0	78553.0	86338.0	95534.0	111195.0	130950.0	156739.0	185158.0	232461.0	298320.0	413387.0	609261.0	973543.0	1645717.0	4391247.0	23411061.0	4857953.0
MUSCULO_80	763249.0	0.0	0.0	0.0	0.0	0.0	0.0	0.0	0.0	0.0	0.0	0.0	0.0	2.0	9.0	114.0	1129.0	6612.0	22333.0	44479.0	57355.0	57198.0	57172.0	59563.0	65992.0	72976.0	85555.0	100257.0	121052.0	144298.0	180674.0	233172.0	325924.0	481201.0	766668.0	1308526.0	3521380.0	17534570.0	3434216.0
MUSCULO_81	2095603.0	0.0	0.0	0.0	0.0	0.0	0.0	0.0	0.0	0.0	0.0	0.0	0.0	0.0	8.0	151.0	1423.0	8250.0	27209.0	52398.0	64760.0	64673.0	65436.0	68174.0	73376.0	80941.0	93777.0	108540.0	125781.0	144487.0	180431.0	230928.0	316695.0	463936.0	732054.0	1214075.0	3122414.0	16503758.0	3497436.0
MUSCULO_82	309114.0	0.0	0.0	0.0	0.0	0.0	0.0	0.0	0.0	0.0	0.0	0.0	0.0	3.0	16.0	140.0	1624.0	9873.0	33903.0	65863.0	81785.0	79453.0	79594.0	82221.0	91394.0	100638.0	117892.0	137932.0	165458.0	195941.0	246055.0	316674.0	441517.0	649032.0	1034903.0	1739407.0	4572873.0	24327287.0	5163429.0
MUSCULO_83	1897992.0	0.0	0.0	0.0	0.0	0.0	0.0	0.0	0.0	0.0	0.0	0.0	0.0	4.0	23.0	286.0	2752.0	15875.0	52980.0	99816.0	124406.0	122333.0	122617.0	126141.0	135692.0	147760.0	171006.0	198470.0	233938.0	274006.0	339415.0	430651.0	590864.0	863640.0	1355383.0	2236852.0	5700030.0	30360264.0	6534232.0
MUSCULO_84	2143731.0	0.0	0.0	0.0	0.0	0.0	0.0	0.0	0.0	0.0	0.0	0.0	0.0	2.0	17.0	158.0	1613.0	9964.0	34396.0	65600.0	79636.0	77241.0	76909.0	78701.0	86173.0	95855.0	112145.0	131688.0	155883.0	181471.0	226284.0	290438.0	404642.0	598452.0	946122.0	1584835.0	4122715.0	22397054.0	5018983.0
MUSCULO_85	3636403.0	0.0	0.0	0.0	0.0	0.0	0.0	0.0	0.0	0.0	0.0	0.0	0.0	4.0	13.0	118.0	1659.0	10348.0	34495.0	65184.0	79068.0	77529.0	77866.0	80422.0	87799.0	98117.0	114045.0	133503.0	157627.0	183090.0	224815.0	288379.0	401179.0	591970.0	944258.0	1577610.0	4114062.0	22869607.0	5148230.0
MUSCULO_86	1986899.0	0.0	0.0	0.0	0.0	0.0	0.0	0.0	0.0	0.0	0.0	0.0	2.0	2.0	17.0	244.0	2245.0	12294.0	39262.0	73876.0	93347.0	92543.0	92890.0	96148.0	102978.0	111460.0	127815.0	147552.0	172084.0	200380.0	249564.0	316033.0	435679.0	633996.0	994403.0	1654515.0	4260594.0	20179076.0	3769695.0
MUSCULO_87	536036.0	0.0	0.0	0.0	0.0	0.0	0.0	0.0	0.0	0.0	0.0	0.0	0.0	4.0	11.0	149.0	1593.0	9163.0	31048.0	60046.0	75237.0	73633.0	73113.0	75942.0	82673.0	91277.0	105904.0	125526.0	147666.0	176448.0	220567.0	283723.0	392442.0	577457.0	913458.0	1518955.0	3993405.0	21771809.0	4729524.0
MUSCULO_88	2144393.0	0.0	0.0	0.0	0.0	0.0	0.0	0.0	0.0	0.0	0.0	0.0	0.0	3.0	22.0	301.0	2809.0	15680.0	50965.0	96320.0	121861.0	119895.0	117707.0	119936.0	129821.0	141975.0	164451.0	191853.0	225263.0	265097.0	330073.0	421371.0	581756.0	853266.0	1341591.0	2212687.0	5558035.0	27192636.0	5589144.0
MUSCULO_89	938886.0	0.0	0.0	0.0	0.0	0.0	0.0	0.0	0.0	0.0	0.0	0.0	1.0	2.0	5.0	90.0	1137.0	6821.0	23539.0	45336.0	56164.0	54399.0	54547.0	55669.0	61085.0	67877.0	80357.0	94042.0	111911.0	130997.0	164364.0	210890.0	296323.0	435716.0	693422.0	1162044.0	3052411.0	16298042.0	3484571.0
MUSCULO_90	1514510.0	0.0	0.0	0.0	0.0	0.0	0.0	0.0	0.0	0.0	0.0	0.0	0.0	6.0	31.0	317.0	4056.0	23617.0	79089.0	151907.0	186320.0	178267.0	176931.0	180487.0	195269.0	216516.0	253721.0	297795.0	356401.0	421699.0	526550.0	672154.0	931413.0	1366762.0	2171147.0	3657232.0	9709501.0	52611581.0	10976997.0
MUSCULO_91	1577843.0	0.0	0.0	0.0	0.0	0.0	0.0	0.0	0.0	0.0	0.0	0.0	0.0	3.0	20.0	173.0	1804.0	9804.0	33573.0	64813.0	81547.0	79889.0	79328.0	81559.0	88291.0	98816.0	116458.0	136597.0	164136.0	193014.0	240607.0	307824.0	426401.0	626443.0	996379.0	1679655.0	4468667.0	24026102.0	4979917.0
MUSCULO_92	2788320.0	0.0	0.0	0.0	0.0	0.0	0.0	0.0	0.0	0.0	0.0	0.0	0.0	3.0	33.0	197.0	1805.0	10853.0	38502.0	77815.0	100163.0	99581.0	99998.0	103878.0	112722.0	125671.0	146505.0	171062.0	206176.0	245852.0	308849.0	397836.0	555846.0	820830.0	1310889.0	2233754.0	5905827.0	26663283.0	4106558.0
MUSCULO_93	1650999.0	0.0	0.0	0.0	0.0	0.0	0.0	0.0	0.0	0.0	0.0	0.0	1.0	2.0	23.0	170.0	2005.0	12606.0	42027.0	78678.0	95721.0	91237.0	90235.0	91268.0	99306.0	110123.0	129006.0	150980.0	180830.0	212882.0	265039.0	339309.0	474409.0	696186.0	1104880.0	1848629.0	4809693.0	24296591.0	4745750.0
MUSCULO_94	2314344.0	0.0	0.0	0.0	0.0	0.0	0.0	0.0	0.0	0.0	0.0	0.0	0.0	3.0	16.0	168.0	1725.0	9996.0	31999.0	59341.0	72733.0	70426.0	69800.0	71683.0	77548.0	85681.0	99831.0	115851.0	136173.0	157672.0	194884.0	249571.0	345768.0	507997.0	806457.0	1352080.0	3550819.0	18967998.0	4066203.0
MUSCULO_95	968472.0	0.0	0.0	0.0	0.0	0.0	0.0	0.0	0.0	0.0	0.0	0.0	2.0	6.0	24.0	229.0	2659.0	15341.0	49473.0	92049.0	111129.0	105507.0	103380.0	104396.0	111447.0	121888.0	143043.0	165674.0	196120.0	231001.0	287193.0	365348.0	503819.0	733011.0	1157660.0	1925069.0	5031004.0	27288238.0	5705577.0
MUSCULO_96	1694442.0	0.0	0.0	0.0	0.0	0.0	0.0	0.0	0.0	0.0	0.0	0.0	1.0	3.0	17.0	177.0	1942.0	12209.0	40637.0	74981.0	90234.0	85385.0	83859.0	83711.0	91029.0	100531.0	116537.0	135595.0	160282.0	187721.0	232845.0	295100.0	406752.0	595335.0	941055.0	1584103.0	4201892.0	22584395.0	4659494.0
MUSCULO_97	3655196.0	0.0	0.0	0.0	0.0	0.0	0.0	0.0	0.0	0.0	0.0	0.0	0.0	1.0	24.0	244.0	2061.0	11904.0	37692.0	67582.0	83937.0	86922.0	90832.0	96032.0	104276.0	110922.0	124914.0	140865.0	165038.0	189952.0	232695.0	293594.0	401117.0	578710.0	906101.0	1476611.0	3690995.0	17965665.0	3665944.0
MUSCULO_98	372045.0	0.0	0.0	0.0	0.0	0.0	0.0	0.0	0.0	0.0	0.0	0.0	1.0	3.0	22.0	198.0	2445.0	13855.0	47383.0	91386.0	113912.0	110006.0	109376.0	111949.0	122539.0	136242.0	156993.0	182807.0	216240.0	254136.0	317921.0	406100.0	559032.0	815327.0	1284298.0	2127161.0	5408141.0	28359357.0	6288163.0
MUSCULO_99	671465.0	0.0	0.0	0.0	0.0	0.0	0.0	0.0	0.0	0.0	0.0	0.0	0.0	1.0	10.0	185.0	2266.0	13272.0	42616.0	79352.0	95744.0	92643.0	90490.0	91351.0	98915.0	109681.0	127393.0	150575.0	179770.0	213185.0	269635.0	348078.0	487038.0	719430.0	1151696.0	1943342.0	5066875.0	27152512.0	5942870.0
