Sample	34	36	38	40	42	44	46	48	50	52	54	56	58	60	62	64	66	68	70	72	74	76	78	80	82	84	86	88	90	92	94	96	98	100
GRASO_121	3957607.0	13842.0	13218.0	11736.0	13071.0	16609.0	16581.0	19884.0	27793.0	29785.0	30061.0	37324.0	37734.0	46628.0	58728.0	68804.0	76099.0	89255.0	105652.0	126354.0	147117.0	169460.0	190635.0	208852.0	245197.0	294660.0	338576.0	374575.0	408285.0	469015.0	601272.0	1770198.0	13773148.0	26156480.0
GRASO_122	2342889.0	16288.0	13360.0	12366.0	11928.0	16287.0	15068.0	16363.0	26004.0	28108.0	23164.0	26139.0	26370.0	32785.0	41481.0	48342.0	55671.0	66891.0	79192.0	97684.0	114572.0	134521.0	156614.0	175738.0	207708.0	252673.0	295967.0	342329.0	385007.0	446652.0	596535.0	2053782.0	17099308.0	32863311.0
GRASO_123	9757242.0	64197.0	49137.0	42128.0	45139.0	65923.0	62744.0	69688.0	102056.0	112095.0	96223.0	132453.0	112909.0	117780.0	141418.0	151512.0	154506.0	163811.0	180331.0	212634.0	235483.0	274436.0	300369.0	324984.0	340506.0	411003.0	457770.0	536207.0	550164.0	614005.0	804787.0	2261660.0	19372776.0	31759879.0
GRASO_124	1291551.0	148924.0	84898.0	93172.0	89203.0	166857.0	116797.0	117560.0	173577.0	148471.0	111043.0	111986.0	94396.0	90447.0	88931.0	95496.0	107911.0	128207.0	136238.0	133199.0	151162.0	180505.0	207528.0	217164.0	244039.0	268453.0	285926.0	309772.0	329129.0	364596.0	436525.0	1056206.0	8374913.0	15534293.0
GRASO_125	890399.0	7490.0	6317.0	5999.0	6724.0	9916.0	9383.0	10520.0	17441.0	18947.0	16143.0	21710.0	20807.0	26815.0	35415.0	41524.0	47014.0	54304.0	65907.0	82071.0	98943.0	115174.0	133236.0	153314.0	182102.0	223045.0	258955.0	294967.0	333155.0	395572.0	536884.0	1918811.0	16821828.0	32033193.0
GRASO_126	1715776.0	12639.0	9725.0	9493.0	9611.0	14099.0	12978.0	14479.0	23991.0	27059.0	24597.0	30800.0	29362.0	37367.0	48106.0	57071.0	65704.0	76206.0	91000.0	108914.0	129944.0	155806.0	181362.0	202083.0	236447.0	286825.0	323895.0	374231.0	412372.0	483797.0	626826.0	1826969.0	16260831.0	27773809.0
GRASO_127	676436.0	9883.0	9192.0	8463.0	9539.0	13348.0	13302.0	14905.0	24048.0	26369.0	24765.0	30380.0	31747.0	40150.0	51392.0	60297.0	68848.0	82540.0	97703.0	118776.0	140212.0	162005.0	183920.0	206489.0	244460.0	299106.0	344811.0	389103.0	438628.0	514337.0	685821.0	2298626.0	19132597.0	35625220.0
GRASO_128	295780.0	9188.0	8398.0	8230.0	9634.0	12448.0	13153.0	15393.0	22703.0	27047.0	28105.0	40894.0	38089.0	46051.0	62375.0	74666.0	83018.0	98133.0	114985.0	137857.0	158507.0	182864.0	202633.0	223621.0	256500.0	312764.0	354025.0	402693.0	432923.0	499119.0	642557.0	2090217.0	16823619.0	29532879.0
GRASO_129	3878397.0	298362.0	223764.0	204228.0	228065.0	289966.0	278474.0	253825.0	300073.0	277685.0	286173.0	299633.0	262400.0	271105.0	276608.0	284758.0	294606.0	320561.0	351488.0	344815.0	372141.0	405629.0	425511.0	429670.0	430122.0	498618.0	553823.0	602824.0	649295.0	684679.0	822000.0	1298010.0	9359250.0	14518275.0
GRASO_130	2912407.0	20002.0	19388.0	18678.0	19742.0	31525.0	28901.0	31556.0	49861.0	54757.0	45136.0	50228.0	52972.0	59391.0	69277.0	80052.0	89302.0	101987.0	115183.0	140159.0	163173.0	188679.0	206151.0	228096.0	262004.0	309383.0	348173.0	396655.0	430121.0	490555.0	617662.0	1880921.0	14623116.0	26721204.0
GRASO_131	957751.0	5540.0	6045.0	6831.0	8506.0	11265.0	11221.0	13080.0	19745.0	24138.0	25553.0	31144.0	31838.0	39517.0	51268.0	61931.0	68530.0	78379.0	90619.0	113329.0	134131.0	156954.0	174689.0	198398.0	229409.0	277217.0	317529.0	361134.0	390460.0	458209.0	592274.0	1930181.0	14426151.0	26094974.0
GRASO_132	1201691.0	19226.0	17916.0	17936.0	17953.0	36486.0	29807.0	29800.0	49682.0	52952.0	37167.0	39214.0	39473.0	42524.0	46049.0	52692.0	58270.0	64867.0	73357.0	89461.0	106037.0	123852.0	133399.0	147879.0	173587.0	206439.0	235155.0	265434.0	288859.0	338124.0	431920.0	1334052.0	10855606.0	19676600.0
GRASO_133	1827483.0	4932.0	5669.0	6669.0	7703.0	9764.0	9876.0	12110.0	17034.0	20636.0	21015.0	24613.0	26777.0	33768.0	43156.0	52130.0	58863.0	68571.0	79615.0	100867.0	120162.0	141882.0	154084.0	172876.0	203298.0	244929.0	277042.0	311811.0	338183.0	394675.0	505257.0	1658602.0	13257537.0	23778002.0
GRASO_134	4436420.0	56678.0	58403.0	53208.0	62786.0	113980.0	85921.0	87729.0	149248.0	121850.0	76031.0	76881.0	76249.0	73245.0	69801.0	77570.0	88493.0	101979.0	113517.0	132945.0	156204.0	181476.0	192700.0	215469.0	250394.0	295747.0	335786.0	370689.0	384147.0	435795.0	521143.0	1222246.0	8497582.0	15823171.0
GRASO_135	605622.0	82681.0	45408.0	39654.0	36636.0	53905.0	40200.0	43213.0	61096.0	56618.0	49196.0	48508.0	45469.0	47066.0	50576.0	56612.0	65425.0	75549.0	81914.0	91507.0	106489.0	122861.0	138557.0	153218.0	174616.0	203397.0	230029.0	260339.0	282045.0	317020.0	394939.0	1103046.0	8813595.0	17052454.0
GRASO_136	1018654.0	11865.0	11956.0	12819.0	15855.0	21938.0	20984.0	24485.0	34497.0	41651.0	41183.0	51183.0	51968.0	58730.0	72923.0	87267.0	96236.0	111644.0	128409.0	156643.0	181217.0	211606.0	226902.0	256225.0	291011.0	349316.0	386717.0	432540.0	450131.0	511618.0	621951.0	1742977.0	12007721.0	20205077.0
GRASO_137	4013183.0	810097.0	314180.0	183834.0	143815.0	256766.0	161992.0	183875.0	293231.0	243635.0	192662.0	189721.0	161572.0	128314.0	98652.0	96373.0	100058.0	116506.0	114508.0	117748.0	135085.0	157888.0	173467.0	189956.0	215973.0	247095.0	278434.0	309019.0	325459.0	358978.0	429173.0	978471.0	7150025.0	13787435.0
GRASO_138	3470440.0	7815.0	8732.0	7121.0	8501.0	11536.0	13144.0	15883.0	20929.0	27846.0	32231.0	45622.0	46517.0	56567.0	70981.0	86776.0	101138.0	123319.0	145799.0	173030.0	197900.0	212807.0	232206.0	252463.0	301848.0	354302.0	391439.0	403160.0	432549.0	488367.0	614971.0	1823204.0	13450851.0	24021798.0
GRASO_139	3170581.0	26652.0	26122.0	16643.0	15324.0	20606.0	23501.0	25497.0	37059.0	44276.0	33186.0	41139.0	38777.0	42202.0	49974.0	60334.0	69439.0	81637.0	97785.0	115243.0	137286.0	157912.0	170634.0	186477.0	216722.0	258999.0	286987.0	303318.0	323730.0	367798.0	465498.0	1179152.0	9143240.0	16456891.0
GRASO_140	1906173.0	13176.0	15424.0	12346.0	13069.0	18275.0	19057.0	24856.0	26623.0	37732.0	39785.0	50205.0	54183.0	57565.0	69657.0	88492.0	106466.0	127849.0	150437.0	174205.0	214076.0	262878.0	273097.0	288482.0	328954.0	389284.0	462269.0	491801.0	512208.0	559782.0	721167.0	1935702.0	16985678.0	28540404.0
GRASO_141	1639722.0	11318.0	10941.0	8820.0	9518.0	13596.0	15167.0	17250.0	23916.0	32489.0	30778.0	40586.0	41874.0	49728.0	64290.0	81389.0	94669.0	114829.0	137717.0	169226.0	208699.0	245723.0	263632.0	287632.0	345520.0	414712.0	452448.0	467590.0	499668.0	561953.0	705419.0	1689783.0	13551110.0	21869457.0
GRASO_142	1586859.0	17477.0	18100.0	12094.0	12589.0	17287.0	17288.0	22748.0	25151.0	37404.0	33603.0	42759.0	44919.0	49045.0	60263.0	77137.0	93556.0	110396.0	133995.0	158826.0	194306.0	231848.0	251332.0	275950.0	323353.0	383154.0	444829.0	468743.0	494380.0	550931.0	701280.0	1822609.0	14908244.0	25494744.0
GRASO_143	8398393.0	74832.0	78475.0	61508.0	64696.0	80133.0	78006.0	96057.0	98753.0	132054.0	121001.0	151778.0	155968.0	153049.0	176006.0	213742.0	229834.0	269905.0	278290.0	312341.0	366626.0	419776.0	414627.0	393369.0	432486.0	517478.0	621829.0	651328.0	704423.0	791431.0	915614.0	1427603.0	10072328.0	16437649.0
GRASO_144	2839277.0	963068.0	1077239.0	734383.0	853705.0	1066120.0	1192773.0	1310322.0	1479310.0	1372463.0	1437969.0	1326482.0	1195345.0	1119167.0	1105798.0	1018737.0	1126415.0	1202298.0	1168158.0	1166932.0	1088860.0	1032067.0	991646.0	1025976.0	994913.0	978122.0	998998.0	985246.0	908838.0	783649.0	874680.0	1277953.0	7242392.0	12973211.0
GRASO_145	2298733.0	47486.0	35912.0	33278.0	33118.0	44392.0	47802.0	57449.0	77332.0	75198.0	92928.0	105817.0	105811.0	118788.0	136433.0	159351.0	192690.0	223869.0	253892.0	298018.0	355315.0	417003.0	482192.0	532526.0	620974.0	742937.0	854727.0	974608.0	1095270.0	1268197.0	1721387.0	6196458.0	56770295.0	107856286.0
GRASO_146	1476476.0	101179.0	72079.0	68018.0	66501.0	89913.0	89229.0	105745.0	139289.0	127463.0	142119.0	150011.0	135493.0	129893.0	130358.0	139303.0	161032.0	164865.0	183472.0	187098.0	230789.0	262762.0	248987.0	284937.0	314193.0	370013.0	406601.0	441866.0	476395.0	518097.0	637530.0	1584915.0	13276503.0	27743394.0
GRASO_147	1217514.0	107506.0	67448.0	62352.0	53177.0	78811.0	79680.0	99293.0	132880.0	119710.0	114448.0	110500.0	88437.0	79493.0	74595.0	66882.0	67897.0	81386.0	88738.0	84321.0	98972.0	104377.0	115295.0	127760.0	145691.0	168997.0	192073.0	213328.0	233563.0	264891.0	340072.0	1081231.0	9241442.0	18654045.0
GRASO_148	1930496.0	118386.0	77837.0	71633.0	64563.0	93537.0	93268.0	112997.0	158643.0	135791.0	149421.0	160081.0	114752.0	98074.0	92052.0	77497.0	70923.0	82627.0	100736.0	85985.0	97188.0	106591.0	118257.0	131847.0	148234.0	169787.0	193152.0	211825.0	236455.0	265745.0	354825.0	1333344.0	12275175.0	24327034.0
GRASO_149	838785.0	52060.0	30672.0	25352.0	21701.0	30601.0	30345.0	36985.0	49116.0	43985.0	43052.0	45673.0	37042.0	35124.0	34754.0	34469.0	37211.0	44049.0	49548.0	51692.0	60998.0	68850.0	77692.0	85009.0	100243.0	118142.0	135326.0	149212.0	167549.0	189490.0	253125.0	933198.0	8419334.0	16896983.0
GRASO_150	1626372.0	68393.0	44868.0	41096.0	34975.0	50188.0	50736.0	59353.0	81055.0	71225.0	81347.0	86163.0	73232.0	71762.0	75732.0	79186.0	88326.0	105070.0	116532.0	128254.0	151180.0	176551.0	196096.0	218087.0	254849.0	297400.0	341559.0	370497.0	419084.0	464855.0	599753.0	2024019.0	18301857.0	36608447.0
GRASO_151	989631.0	69422.0	41677.0	38234.0	33841.0	47620.0	46472.0	54998.0	76138.0	64353.0	70319.0	76196.0	62571.0	57915.0	59627.0	60904.0	69467.0	81877.0	89432.0	98581.0	116127.0	136307.0	152139.0	166778.0	198048.0	235622.0	267827.0	289664.0	325753.0	362209.0	457311.0	1430505.0	12573626.0	25748689.0
GRASO_152	2229610.0	27391.0	21855.0	22069.0	23826.0	32314.0	34661.0	38220.0	49314.0	47307.0	56177.0	62820.0	64475.0	71575.0	83206.0	95099.0	114827.0	134480.0	150645.0	170295.0	196438.0	226602.0	257500.0	285523.0	326294.0	369963.0	414487.0	456729.0	497801.0	556574.0	698321.0	2041591.0	16079856.0	31911501.0
GRASO_153	886260.0	14728.0	12058.0	13627.0	15394.0	21269.0	22455.0	25876.0	32756.0	33531.0	41954.0	46800.0	47355.0	54103.0	61788.0	71155.0	84600.0	96621.0	109159.0	122011.0	141555.0	165259.0	187259.0	204432.0	228311.0	262742.0	295652.0	330193.0	361748.0	405731.0	517611.0	1591526.0	14582456.0	26943218.0
GRASO_154	504527.0	40084.0	45511.0	39665.0	43361.0	76333.0	115469.0	46913.0	42833.0	28523.0	72167.0	30589.0	21147.0	18484.0	20110.0	26604.0	26997.0	26812.0	28736.0	33399.0	38758.0	42649.0	51050.0	58795.0	60268.0	62805.0	86846.0	87579.0	87647.0	92667.0	119745.0	375525.0	3353215.0	6468047.0
GRASO_155	886361.0	28397.0	18821.0	19086.0	16409.0	23797.0	24044.0	31040.0	45690.0	41133.0	55428.0	58913.0	51622.0	54605.0	62152.0	71378.0	84925.0	96852.0	110537.0	125850.0	148255.0	177064.0	205196.0	226820.0	259959.0	304607.0	345678.0	391713.0	436992.0	498979.0	660973.0	2270652.0	21922806.0	40744220.0
GRASO_156	2209543.0	411295.0	228901.0	182189.0	174944.0	278615.0	183435.0	197251.0	319036.0	272241.0	190716.0	159836.0	129251.0	119259.0	102276.0	100377.0	101153.0	111154.0	105146.0	98775.0	109148.0	127293.0	134238.0	145542.0	161975.0	186217.0	199789.0	225664.0	237776.0	268578.0	329753.0	876055.0	7224415.0	12629227.0
GRASO_157	1752014.0	178694.0	114525.0	110017.0	98043.0	144580.0	148516.0	173820.0	236478.0	208244.0	199340.0	213162.0	151134.0	134938.0	131681.0	113045.0	102268.0	118692.0	156112.0	108305.0	120232.0	119619.0	131307.0	144194.0	154059.0	170284.0	196067.0	214316.0	233043.0	261544.0	343795.0	1184977.0	10358818.0	20808201.0
GRASO_158	793940.0	8346.0	6158.0	5932.0	5636.0	7787.0	8118.0	9342.0	12100.0	11412.0	14025.0	13747.0	13048.0	12873.0	13432.0	14858.0	18073.0	22905.0	25446.0	29498.0	35507.0	44236.0	52666.0	60161.0	70094.0	83257.0	93774.0	106760.0	117605.0	139495.0	206315.0	954367.0	10027465.0	18521429.0
GRASO_159	781593.0	5550.0	5173.0	5963.0	6867.0	9039.0	10223.0	12000.0	15889.0	16707.0	19887.0	24769.0	26068.0	31602.0	38945.0	46147.0	56758.0	67254.0	77113.0	91659.0	110664.0	134307.0	159104.0	178253.0	209581.0	251845.0	292679.0	339552.0	386537.0	450376.0	617323.0	2379427.0	21693930.0	41751269.0
GRASO_160	1492192.0	14051.0	13393.0	13564.0	15867.0	21776.0	23528.0	23700.0	27398.0	27557.0	31535.0	35964.0	36902.0	43242.0	49713.0	58095.0	68710.0	80714.0	92089.0	102905.0	119778.0	142131.0	165703.0	182743.0	210278.0	245841.0	281730.0	320083.0	359598.0	409571.0	531466.0	1760718.0	14998154.0	28762431.0
GRASO_161	2039257.0	120521.0	80078.0	78375.0	82266.0	116287.0	112831.0	125464.0	152159.0	132601.0	152285.0	156254.0	135917.0	118732.0	108268.0	105152.0	113838.0	135740.0	157456.0	157518.0	181874.0	210352.0	240467.0	267428.0	304353.0	344241.0	383465.0	422440.0	451097.0	493782.0	586239.0	1311395.0	9411278.0	17829161.0
GRASO_162	721225.0	41784.0	26301.0	26574.0	27269.0	39135.0	39376.0	48253.0	61995.0	55969.0	60723.0	66489.0	57516.0	53324.0	50987.0	51278.0	55572.0	65986.0	77697.0	83617.0	99517.0	116231.0	135295.0	155836.0	184292.0	219511.0	253595.0	288950.0	326618.0	380414.0	507977.0	1753326.0	15533224.0	30833058.0
GRASO_163	1008327.0	108132.0	67278.0	62691.0	52360.0	75481.0	78855.0	99959.0	133599.0	130816.0	119935.0	118845.0	94503.0	85212.0	76064.0	66464.0	61133.0	72502.0	90009.0	73531.0	84400.0	90211.0	101960.0	114299.0	131456.0	156377.0	180483.0	202955.0	228699.0	263275.0	345371.0	1163024.0	10465682.0	20563338.0
GRASO_164	930061.0	92432.0	61867.0	58705.0	56028.0	83988.0	85497.0	105986.0	146954.0	133435.0	131394.0	138165.0	108302.0	95895.0	85091.0	69081.0	62744.0	75045.0	99617.0	70655.0	79815.0	85362.0	94750.0	107098.0	119540.0	139513.0	159322.0	176054.0	195258.0	226249.0	294247.0	970267.0	8587715.0	17202551.0
GRASO_165	548187.0	138681.0	88493.0	79374.0	68884.0	102441.0	110260.0	135570.0	187905.0	178043.0	166933.0	168740.0	136514.0	125591.0	117817.0	103738.0	101252.0	119290.0	150010.0	128152.0	151259.0	161914.0	184576.0	207290.0	236585.0	278087.0	316467.0	351811.0	386125.0	435229.0	550426.0	1646394.0	13585911.0	26458167.0
GRASO_166	1158845.0	101058.0	68494.0	60953.0	53459.0	81587.0	84194.0	103295.0	143986.0	130987.0	126816.0	127474.0	100001.0	86723.0	77364.0	66165.0	63629.0	75121.0	88933.0	78729.0	91625.0	98063.0	111473.0	125794.0	144725.0	168907.0	194417.0	220090.0	243637.0	282811.0	370568.0	1240084.0	10504085.0	21045729.0
GRASO_167	5050479.0	257976.0	109963.0	90973.0	80861.0	122012.0	84897.0	95719.0	143607.0	129451.0	106418.0	92831.0	83975.0	75715.0	65569.0	70576.0	77399.0	87574.0	93642.0	99044.0	114485.0	133436.0	150241.0	164997.0	191169.0	224029.0	256776.0	292428.0	310022.0	345408.0	425272.0	1102538.0	8289890.0	16416319.0
GRASO_168	669330.0	35470.0	25298.0	21623.0	18244.0	27665.0	28679.0	35918.0	52851.0	46921.0	61366.0	60193.0	52210.0	47709.0	48204.0	51002.0	57742.0	68025.0	76838.0	86150.0	102241.0	121498.0	139648.0	156612.0	181265.0	213166.0	244701.0	276111.0	304299.0	350459.0	444281.0	1343237.0	12026028.0	22005055.0
GRASO_169	3394275.0	161943.0	112555.0	111056.0	104226.0	164228.0	134615.0	140758.0	201009.0	185315.0	154500.0	171477.0	145082.0	149470.0	153338.0	159727.0	173914.0	191206.0	213766.0	208051.0	230219.0	269258.0	291340.0	302954.0	321589.0	375753.0	424499.0	482554.0	525916.0	569720.0	700683.0	1315174.0	11759002.0	17619388.0
GRASO_170	206396.0	18884.0	11770.0	10971.0	10179.0	17103.0	13264.0	14821.0	21787.0	20698.0	17918.0	19283.0	18124.0	20721.0	23149.0	26403.0	30988.0	36124.0	41519.0	47946.0	57200.0	68589.0	79798.0	91945.0	107358.0	128856.0	153370.0	178638.0	204159.0	239195.0	331511.0	1337425.0	12027292.0	23178601.0
GRASO_171	582688.0	87729.0	54267.0	32692.0	24072.0	38615.0	32358.0	36492.0	56607.0	50206.0	43105.0	43964.0	41146.0	39166.0	36059.0	39052.0	44534.0	51385.0	58221.0	64931.0	78064.0	92511.0	107364.0	121400.0	142441.0	169975.0	201340.0	233189.0	260461.0	300187.0	402758.0	1484917.0	12603041.0	24611517.0
GRASO_172	2760319.0	452372.0	214719.0	165224.0	118075.0	229790.0	152120.0	173474.0	282478.0	239611.0	176018.0	162673.0	145117.0	111556.0	79729.0	73762.0	74154.0	85306.0	82653.0	78541.0	89209.0	97769.0	108495.0	118279.0	134641.0	156897.0	181404.0	205153.0	221885.0	251132.0	315028.0	900175.0	7132370.0	14044395.0
GRASO_173	889563.0	193371.0	137995.0	79296.0	54912.0	82746.0	72255.0	85120.0	130516.0	111551.0	91443.0	89287.0	73913.0	60784.0	44178.0	39878.0	40082.0	45253.0	47667.0	44925.0	50990.0	57695.0	64317.0	72127.0	83200.0	99172.0	115528.0	133724.0	148355.0	170347.0	221815.0	750611.0	6321911.0	12252643.0
GRASO_174	68468.0	1143.0	812.0	841.0	995.0	1131.0	1061.0	1335.0	1618.0	2166.0	2790.0	2877.0	3221.0	4236.0	5827.0	7155.0	7895.0	9140.0	11157.0	13711.0	16640.0	19623.0	23645.0	26234.0	31413.0	37633.0	45472.0	52516.0	60553.0	73451.0	122255.0	762512.0	7244834.0	14234391.0
GRASO_175	412709.0	52215.0	29285.0	29023.0	27501.0	48868.0	37948.0	42745.0	64308.0	58913.0	53942.0	51959.0	46149.0	44273.0	43063.0	47261.0	54497.0	64445.0	70055.0	76305.0	88770.0	105643.0	121003.0	135845.0	155265.0	178487.0	201303.0	227852.0	251461.0	284331.0	355617.0	1001047.0	8558873.0	16104490.0
GRASO_176	97328.0	3145.0	2049.0	1904.0	2140.0	2653.0	2151.0	2751.0	3566.0	4538.0	5259.0	6734.0	6899.0	8147.0	11414.0	15338.0	16931.0	18507.0	22505.0	27722.0	32701.0	38781.0	47754.0	53783.0	62250.0	72446.0	86186.0	102064.0	112410.0	131875.0	196621.0	932642.0	8897202.0	16033289.0
GRASO_177	60430.0	7174.0	3881.0	3238.0	3081.0	4863.0	3719.0	4411.0	5639.0	7363.0	6078.0	6491.0	5757.0	7341.0	9286.0	11485.0	12337.0	14417.0	17297.0	21439.0	25458.0	29809.0	34047.0	39458.0	45826.0	55523.0	65675.0	74917.0	84688.0	100207.0	150542.0	738018.0	7078435.0	13120568.0
GRASO_178	62326.0	10299.0	5855.0	5206.0	4683.0	7218.0	6458.0	7517.0	10727.0	10923.0	11302.0	12640.0	13140.0	15337.0	18491.0	21812.0	25916.0	30598.0	36447.0	44069.0	53979.0	65553.0	77417.0	90408.0	107615.0	130557.0	153142.0	179533.0	205873.0	240485.0	333451.0	1298027.0	11387196.0	22301416.0
GRASO_179	203707.0	34177.0	18725.0	12879.0	10357.0	17208.0	13890.0	15762.0	24223.0	24508.0	23445.0	26761.0	27201.0	31388.0	36934.0	43751.0	51921.0	62282.0	72802.0	87476.0	106751.0	130180.0	152708.0	176237.0	208002.0	249802.0	294516.0	343664.0	385509.0	444556.0	578905.0	1862418.0	15292784.0	29896804.0
GRASO_180	360291.0	73758.0	43416.0	28270.0	22632.0	36439.0	29411.0	33216.0	48422.0	45558.0	37042.0	37850.0	35141.0	35671.0	36518.0	41295.0	46675.0	53638.0	59563.0	67500.0	80337.0	95588.0	108953.0	122715.0	143897.0	172958.0	200427.0	230680.0	258099.0	301394.0	395384.0	1365742.0	11730486.0	22369494.0
HIGADO_01	289453.0	3116.0	3721.0	4293.0	5556.0	7177.0	8165.0	9239.0	11640.0	13552.0	16650.0	20101.0	23099.0	27562.0	31763.0	37024.0	42690.0	50452.0	54182.0	64336.0	75446.0	82494.0	91610.0	91649.0	104523.0	124481.0	143808.0	161320.0	177092.0	207626.0	281635.0	961044.0	8220533.0	15840576.0
HIGADO_02	408765.0	6359.0	6067.0	6461.0	6850.0	9527.0	10389.0	11927.0	16471.0	18369.0	21853.0	25339.0	29507.0	35714.0	39375.0	44435.0	51934.0	59396.0	65410.0	73620.0	84808.0	98613.0	110650.0	112750.0	125155.0	148345.0	168663.0	191947.0	209445.0	236192.0	343748.0	1319736.0	12398353.0	24498346.0
HIGADO_03	365290.0	4439.0	4072.0	4196.0	4562.0	6159.0	6790.0	7538.0	9584.0	11137.0	13309.0	15839.0	18524.0	23053.0	26238.0	29430.0	34830.0	41060.0	45814.0	51829.0	60082.0	69242.0	79750.0	78937.0	88402.0	105109.0	122333.0	142972.0	159768.0	181388.0	272310.0	1122679.0	10862666.0	21254026.0
HIGADO_04	360466.0	4028.0	3930.0	4271.0	4934.0	6681.0	7508.0	8500.0	11302.0	13399.0	15871.0	19508.0	22532.0	27582.0	30830.0	35455.0	41535.0	47940.0	53210.0	62001.0	72911.0	83439.0	94328.0	94341.0	105606.0	128620.0	148369.0	173927.0	194840.0	220133.0	311320.0	1037470.0	9862090.0	19585565.0
HIGADO_05	178931.0	3531.0	3067.0	3061.0	2878.0	3958.0	4144.0	4684.0	6508.0	7370.0	8489.0	10203.0	11609.0	13914.0	16058.0	18396.0	21962.0	25402.0	28764.0	33585.0	39806.0	46503.0	53761.0	55476.0	62968.0	75580.0	88361.0	102528.0	116712.0	133858.0	215436.0	1055771.0	10002895.0	19849266.0
HIGADO_06	324307.0	4487.0	4854.0	5913.0	6692.0	8968.0	10469.0	11354.0	14420.0	17018.0	20611.0	25287.0	30489.0	36757.0	40513.0	45921.0	54406.0	63813.0	71067.0	80032.0	92587.0	106641.0	123094.0	116708.0	129366.0	152601.0	174428.0	198827.0	216840.0	239596.0	332602.0	1206317.0	10929567.0	21309932.0
HIGADO_07	354071.0	8470.0	8126.0	9190.0	9363.0	12714.0	14282.0	15909.0	21284.0	24341.0	28436.0	33614.0	39406.0	48119.0	53466.0	59102.0	69653.0	78019.0	86544.0	97934.0	113999.0	129712.0	148772.0	145370.0	161356.0	192731.0	220776.0	253694.0	280985.0	312653.0	446913.0	1641289.0	15394921.0	30945071.0
HIGADO_08	293420.0	5122.0	5060.0	5193.0	5923.0	7858.0	8980.0	10231.0	13209.0	15641.0	19155.0	22246.0	25839.0	32160.0	37250.0	41584.0	46303.0	52802.0	59525.0	67601.0	78442.0	87429.0	98512.0	101430.0	112579.0	134413.0	153346.0	171290.0	193269.0	221105.0	326679.0	1264229.0	12062782.0	24113833.0
HIGADO_09	184969.0	3822.0	4545.0	5608.0	7101.0	8978.0	10170.0	11444.0	14618.0	16901.0	19686.0	24387.0	27581.0	32692.0	36933.0	41446.0	47137.0	55247.0	60610.0	68359.0	78592.0	86270.0	96347.0	99014.0	109089.0	127249.0	141996.0	158935.0	173955.0	200586.0	277107.0	1060324.0	9647123.0	17915699.0
HIGADO_10	290839.0	3918.0	4718.0	5812.0	7254.0	9804.0	11825.0	13879.0	19242.0	22125.0	26447.0	32623.0	37746.0	47887.0	52546.0	57912.0	67903.0	77926.0	85988.0	93627.0	106348.0	123143.0	143032.0	144066.0	156026.0	186062.0	207719.0	238218.0	267596.0	299868.0	414826.0	1226694.0	11609278.0	22694561.0
HIGADO_11	592777.0	2438.0	2860.0	3732.0	4603.0	6297.0	7552.0	9028.0	12833.0	15049.0	18532.0	21939.0	26026.0	32708.0	37140.0	42789.0	48559.0	55612.0	61952.0	69968.0	82003.0	94396.0	107295.0	110830.0	123657.0	145724.0	166168.0	185811.0	206152.0	239573.0	354955.0	1397031.0	13926086.0	26810566.0
HIGADO_12	487375.0	2097.0	2650.0	3365.0	4736.0	5952.0	6989.0	8213.0	11353.0	12954.0	15813.0	19286.0	23245.0	28383.0	32226.0	36382.0	43536.0	49856.0	55265.0	61841.0	72024.0	84199.0	96889.0	99706.0	110434.0	129939.0	147218.0	167952.0	187146.0	216849.0	326624.0	1320475.0	13148277.0	25158415.0
HIGADO_13	232313.0	3838.0	4393.0	5596.0	6586.0	9016.0	10930.0	12675.0	17379.0	20591.0	25918.0	31773.0	38754.0	48749.0	54214.0	60293.0	72278.0	82509.0	94552.0	104209.0	122817.0	146634.0	179268.0	171011.0	185193.0	221532.0	254660.0	301773.0	341908.0	374055.0	528407.0	1895316.0	17755583.0	35501967.0
HIGADO_14	197173.0	3199.0	3760.0	4687.0	6167.0	8221.0	10091.0	12147.0	17037.0	19458.0	23925.0	30032.0	36172.0	43601.0	48111.0	53645.0	64777.0	73861.0	83353.0	92874.0	107435.0	129954.0	153639.0	146640.0	161029.0	184952.0	207520.0	240782.0	263291.0	303136.0	446909.0	1859328.0	17302688.0	32731702.0
HIGADO_15	223662.0	4676.0	5874.0	6979.0	8979.0	11726.0	14265.0	16156.0	23891.0	25850.0	30817.0	36392.0	44271.0	53889.0	58245.0	62980.0	74043.0	83434.0	91181.0	99028.0	110874.0	132649.0	153156.0	152086.0	164276.0	192004.0	215704.0	251527.0	282831.0	316513.0	454510.0	1707532.0	16711955.0	32520699.0
HIGADO_16	85735.0	2528.0	3038.0	3872.0	4978.0	6276.0	8089.0	8631.0	11295.0	13408.0	16453.0	19719.0	23215.0	28606.0	32952.0	36313.0	41809.0	47193.0	53676.0	58268.0	66454.0	78637.0	92652.0	96037.0	103805.0	123496.0	141111.0	167740.0	198138.0	216876.0	296658.0	1015380.0	10185373.0	20792045.0
HIGADO_17	105984.0	5924.0	6949.0	8470.0	11579.0	14534.0	17789.0	19414.0	24980.0	29134.0	36328.0	43531.0	52048.0	60688.0	66335.0	72802.0	84630.0	95981.0	106499.0	117313.0	135676.0	155324.0	178190.0	162541.0	175910.0	206372.0	230383.0	262753.0	283717.0	310103.0	436412.0	1624153.0	14625930.0	29088030.0
HIGADO_18	155810.0	4441.0	4950.0	6119.0	7631.0	10177.0	13036.0	14216.0	18266.0	22116.0	26748.0	32625.0	39820.0	50059.0	55773.0	62532.0	72010.0	82949.0	95695.0	102805.0	118249.0	139673.0	166940.0	165272.0	177583.0	212476.0	244538.0	290169.0	337130.0	362878.0	509162.0	1832205.0	18454844.0	38383137.0
HIGADO_19	272565.0	2685.0	3006.0	3751.0	4807.0	6555.0	7957.0	9266.0	12286.0	14861.0	18297.0	22621.0	26767.0	33238.0	36161.0	40728.0	47696.0	55326.0	61270.0	67937.0	77437.0	90209.0	105339.0	103767.0	112796.0	134236.0	152667.0	178666.0	199396.0	223919.0	335275.0	1421728.0	14226405.0	27977901.0
HIGADO_20	235330.0	1810.0	2086.0	2470.0	2965.0	4150.0	4900.0	5898.0	8436.0	9236.0	11597.0	14362.0	16641.0	20343.0	22460.0	25885.0	31184.0	35220.0	38121.0	43426.0	51255.0	59564.0	67382.0	66392.0	72343.0	87307.0	99885.0	115120.0	127767.0	149448.0	223289.0	999619.0	9843626.0	18740490.0
HIGADO_21	351750.0	4973.0	6383.0	7829.0	10617.0	14588.0	18838.0	22817.0	32896.0	37664.0	46814.0	58095.0	70166.0	85992.0	94061.0	106830.0	127209.0	143942.0	156775.0	173602.0	199407.0	233552.0	264893.0	256160.0	280093.0	327063.0	367345.0	412883.0	447318.0	497029.0	695089.0	2438749.0	22576153.0	43363902.0
HIGADO_22	82840.0	2940.0	3884.0	4215.0	5385.0	7675.0	8390.0	9167.0	11429.0	12787.0	16482.0	20133.0	21743.0	26053.0	29607.0	36072.0	40388.0	47876.0	46352.0	54094.0	65433.0	70687.0	78136.0	69417.0	80696.0	98333.0	122584.0	134385.0	143369.0	166644.0	233129.0	759901.0	6492581.0	12307538.0
HIGADO_23	89350.0	2227.0	2571.0	3186.0	4195.0	5551.0	7068.0	8298.0	11868.0	13413.0	16448.0	20317.0	24557.0	30339.0	33753.0	38070.0	45514.0	52290.0	58785.0	66699.0	77257.0	92062.0	109256.0	108785.0	120563.0	144954.0	167326.0	194748.0	220246.0	248254.0	367078.0	1430452.0	14143599.0	27948535.0
HIGADO_24	113875.0	2809.0	3480.0	4565.0	6103.0	8205.0	9566.0	11751.0	18747.0	18472.0	21484.0	25823.0	30934.0	39256.0	44060.0	48906.0	59101.0	68435.0	76071.0	85223.0	96215.0	114825.0	131173.0	137358.0	150535.0	177712.0	200541.0	232126.0	260618.0	296143.0	421636.0	1537671.0	15115946.0	28693810.0
HIGADO_25	22130.0	1218.0	1190.0	1269.0	1594.0	2067.0	2359.0	2617.0	3553.0	4139.0	5084.0	6005.0	7007.0	8958.0	10676.0	12366.0	13841.0	16920.0	19085.0	22488.0	27098.0	30071.0	34859.0	38160.0	44169.0	53474.0	62298.0	70780.0	82786.0	98148.0	150346.0	657279.0	6087358.0	11945607.0
HIGADO_26	64309.0	5165.0	3928.0	3196.0	3065.0	4222.0	4259.0	4906.0	7439.0	8016.0	8915.0	9927.0	11008.0	12971.0	15225.0	17022.0	18698.0	21534.0	24568.0	28809.0	34426.0	37756.0	41884.0	45176.0	53708.0	64992.0	73997.0	82012.0	94134.0	114694.0	187962.0	896808.0	8659423.0	16865816.0
HIGADO_27	17539.0	2165.0	2062.0	2377.0	3027.0	3819.0	4538.0	5408.0	7470.0	9489.0	11646.0	13613.0	15459.0	19901.0	24035.0	27727.0	30292.0	34250.0	39306.0	47368.0	56488.0	61452.0	66462.0	72591.0	86232.0	105047.0	119460.0	129223.0	147939.0	178791.0	287128.0	1353567.0	12663093.0	24938114.0
HIGADO_28	45256.0	7418.0	5611.0	3797.0	3089.0	4510.0	4104.0	4711.0	7276.0	7593.0	7434.0	8286.0	8784.0	10430.0	12163.0	13689.0	15017.0	17384.0	19705.0	23836.0	27930.0	31213.0	34580.0	37497.0	44747.0	55528.0	63639.0	70108.0	80032.0	99582.0	165874.0	823822.0	7958600.0	15518748.0
HIGADO_29	44184.0	7647.0	5832.0	4987.0	4207.0	6027.0	5816.0	6516.0	10065.0	11043.0	11087.0	12824.0	13868.0	16963.0	20064.0	22317.0	25007.0	27989.0	31382.0	37641.0	44476.0	48419.0	53663.0	56091.0	65168.0	80991.0	92995.0	102550.0	117073.0	142199.0	216014.0	884916.0	8461492.0	16406268.0
HIGADO_30	23079.0	3541.0	2862.0	2845.0	2830.0	3952.0	4080.0	4715.0	6831.0	7869.0	9041.0	10376.0	11652.0	15160.0	18336.0	21776.0	25000.0	29678.0	34736.0	41825.0	50856.0	58701.0	67307.0	71767.0	83711.0	103332.0	119132.0	135388.0	152473.0	181298.0	275162.0	1138978.0	10719535.0	20736152.0
HIGADO_31	21447.0	1101.0	1264.0	1628.0	2075.0	2810.0	3144.0	3640.0	5158.0	6162.0	7692.0	8998.0	10397.0	13081.0	15997.0	18970.0	20476.0	23806.0	26804.0	32463.0	38284.0	42103.0	46592.0	48810.0	57959.0	70759.0	81575.0	91214.0	104384.0	125089.0	194711.0	838150.0	8032879.0	15992506.0
HIGADO_32	59380.0	3392.0	2560.0	2623.0	2511.0	3396.0	3549.0	4132.0	5717.0	6520.0	7113.0	8168.0	9046.0	11289.0	13100.0	15242.0	16782.0	19436.0	22122.0	25996.0	30461.0	34486.0	38710.0	41924.0	48339.0	58064.0	67050.0	75017.0	86372.0	101093.0	165658.0	850880.0	8274024.0	16158680.0
HIGADO_33	36199.0	1723.0	2015.0	2423.0	2886.0	4053.0	4762.0	5194.0	7157.0	8860.0	11015.0	13762.0	15486.0	21151.0	26881.0	30887.0	34859.0	42717.0	48954.0	59877.0	71800.0	80049.0	92963.0	98128.0	113906.0	142328.0	164054.0	185743.0	215363.0	251136.0	359933.0	1129963.0	9781534.0	19104050.0
HIGADO_34	56529.0	6455.0	5895.0	5941.0	6277.0	8751.0	9669.0	11163.0	16105.0	20245.0	24745.0	30738.0	34341.0	46447.0	58696.0	68808.0	76451.0	90200.0	104005.0	126975.0	154760.0	167925.0	187325.0	196428.0	234953.0	295040.0	339984.0	373647.0	423298.0	501511.0	699381.0	2082377.0	17426882.0	34817328.0
HIGADO_35	69265.0	3084.0	3199.0	3554.0	4470.0	5658.0	6727.0	8021.0	11511.0	14558.0	19171.0	24280.0	26299.0	35092.0	46344.0	53676.0	58932.0	68662.0	77845.0	95908.0	116368.0	126369.0	137409.0	141535.0	169356.0	212532.0	242187.0	259201.0	279533.0	324565.0	450258.0	1034987.0	8674473.0	16842690.0
HIGADO_36	38823.0	1208.0	1374.0	1754.0	2168.0	2836.0	3595.0	4481.0	6782.0	8748.0	12072.0	15306.0	17670.0	23258.0	30537.0	36198.0	41881.0	48621.0	58878.0	70465.0	85404.0	99480.0	116454.0	118140.0	137804.0	168089.0	195249.0	217310.0	238853.0	264531.0	392201.0	1227822.0	11296992.0	22395752.0
HIGADO_37	69987.0	13705.0	9675.0	6655.0	5249.0	7847.0	7215.0	8634.0	13969.0	15409.0	16234.0	19219.0	20399.0	24779.0	30859.0	36094.0	39108.0	43473.0	50373.0	60887.0	72892.0	76770.0	81134.0	83624.0	99535.0	120671.0	132260.0	138841.0	148587.0	177560.0	267623.0	921287.0	8487379.0	16919720.0
HIGADO_38	60401.0	2081.0	2005.0	2293.0	2826.0	3761.0	4383.0	5555.0	8050.0	10291.0	13614.0	16416.0	18829.0	24768.0	32490.0	38189.0	40954.0	46359.0	53536.0	65278.0	76535.0	81505.0	84347.0	87989.0	104133.0	124575.0	136988.0	142383.0	153590.0	181744.0	262909.0	898907.0	8299342.0	16426754.0
HIGADO_39	60997.0	6661.0	5159.0	4542.0	3968.0	5994.0	5865.0	7168.0	10822.0	12789.0	14399.0	17229.0	18796.0	23694.0	29039.0	33021.0	35954.0	40295.0	44835.0	52882.0	62674.0	67415.0	73502.0	74274.0	87479.0	107201.0	121158.0	132349.0	146321.0	173290.0	264242.0	1067944.0	10357409.0	20895391.0
HIGADO_40	72254.0	4953.0	4839.0	4126.0	4198.0	5825.0	6193.0	6904.0	10191.0	11454.0	12862.0	15169.0	16356.0	20772.0	25493.0	28972.0	31200.0	35218.0	40070.0	47395.0	56603.0	59919.0	64040.0	66131.0	79572.0	99074.0	113480.0	121900.0	137157.0	168921.0	252598.0	945008.0	9092410.0	18201025.0
HIGADO_41	165349.0	4606.0	4353.0	4739.0	4864.0	6898.0	7473.0	8309.0	12188.0	14222.0	15975.0	19302.0	22082.0	28433.0	34775.0	40861.0	46814.0	55088.0	64500.0	75582.0	90869.0	102990.0	116015.0	120952.0	136453.0	166313.0	191043.0	214559.0	242172.0	276069.0	402602.0	1484649.0	14475196.0	29235165.0
HIGADO_42	185726.0	5671.0	5062.0	5355.0	5112.0	7920.0	8169.0	10520.0	15844.0	17876.0	23281.0	25692.0	28779.0	36742.0	42704.0	49578.0	57885.0	67300.0	77031.0	88362.0	103109.0	119618.0	135721.0	145090.0	161817.0	195610.0	224492.0	253925.0	282996.0	319358.0	452196.0	1501511.0	13722399.0	26698657.0
HIGADO_43	157541.0	4277.0	5706.0	6489.0	7824.0	11719.0	12736.0	16373.0	25692.0	25253.0	37714.0	38596.0	35445.0	39481.0	44520.0	49373.0	58191.0	69002.0	79650.0	91523.0	105576.0	126834.0	145360.0	152822.0	166259.0	200311.0	227970.0	263073.0	288173.0	315964.0	439304.0	1406538.0	12880924.0	25579900.0
HIGADO_44	145322.0	6997.0	6072.0	5459.0	6315.0	9525.0	9750.0	12020.0	16941.0	17256.0	22246.0	24813.0	25268.0	28886.0	33194.0	37962.0	41629.0	49288.0	56619.0	66833.0	77254.0	85779.0	92383.0	96110.0	109011.0	132235.0	148603.0	160866.0	176582.0	204984.0	292367.0	960961.0	9090048.0	18086836.0
HIGADO_45	86535.0	17608.0	12784.0	9727.0	8080.0	11957.0	12775.0	14903.0	22208.0	23559.0	29211.0	31994.0	34133.0	39218.0	44511.0	50947.0	58565.0	70477.0	82756.0	96377.0	113726.0	127183.0	142767.0	150841.0	167404.0	202621.0	228855.0	248649.0	271124.0	309868.0	431058.0	1279558.0	12157576.0	24146469.0
HIGADO_46	24140.0	807.0	951.0	1426.0	2042.0	2859.0	3310.0	3915.0	6383.0	7280.0	10822.0	11185.0	12193.0	15034.0	17813.0	20478.0	24077.0	28069.0	32823.0	36629.0	43042.0	53061.0	62850.0	63593.0	70692.0	84402.0	98408.0	113452.0	126239.0	137642.0	214539.0	876265.0	8808961.0	17140975.0
HIGADO_47	9242.0	1398.0	1322.0	1855.0	2356.0	2893.0	3703.0	4308.0	6201.0	7792.0	10155.0	12166.0	14597.0	18866.0	23323.0	27346.0	32048.0	37566.0	45565.0	52137.0	62606.0	74470.0	89232.0	90257.0	102699.0	125558.0	145953.0	168598.0	191402.0	207464.0	284918.0	830858.0	7586684.0	15520269.0
HIGADO_48	27389.0	1383.0	1546.0	2089.0	2836.0	3474.0	4140.0	5050.0	6786.0	8475.0	10330.0	12589.0	15120.0	20232.0	24634.0	29720.0	35274.0	43115.0	52110.0	60137.0	73681.0	85235.0	99167.0	106185.0	120142.0	147974.0	173933.0	192868.0	213034.0	240507.0	334753.0	1033781.0	10308568.0	20374016.0
HIGADO_49	77155.0	2841.0	3394.0	4043.0	5097.0	6708.0	7652.0	9144.0	12787.0	13410.0	16452.0	19858.0	23026.0	27879.0	32263.0	37096.0	44695.0	51663.0	61165.0	71198.0	86704.0	107693.0	129977.0	135073.0	156290.0	191562.0	228431.0	268768.0	304051.0	356566.0	515921.0	1852675.0	17012702.0	31905095.0
HIGADO_50	194088.0	2597.0	2929.0	3293.0	3786.0	5013.0	5480.0	6085.0	8302.0	9174.0	11014.0	13001.0	15222.0	18171.0	20963.0	24905.0	29046.0	34618.0	40762.0	50652.0	63040.0	74904.0	85851.0	89969.0	107895.0	134248.0	158761.0	180020.0	204518.0	248459.0	347074.0	1181781.0	10029184.0	18928604.0
HIGADO_51	155703.0	3138.0	3372.0	3746.0	4090.0	5769.0	5820.0	6491.0	9162.0	9812.0	10681.0	12430.0	14526.0	17022.0	20066.0	23660.0	27531.0	32648.0	39158.0	48371.0	60344.0	70612.0	81597.0	88376.0	105816.0	131363.0	153570.0	175934.0	199159.0	241107.0	336665.0	1103621.0	9233890.0	17930912.0
HIGADO_52	277104.0	5006.0	5317.0	5640.0	5923.0	7942.0	8318.0	9218.0	12265.0	13587.0	14917.0	18066.0	20221.0	24586.0	28361.0	32683.0	38845.0	45868.0	52760.0	63706.0	78774.0	92013.0	111385.0	117271.0	138612.0	178487.0	215909.0	257168.0	298733.0	360369.0	505210.0	1438375.0	12519470.0	24686104.0
HIGADO_53	146167.0	3920.0	3944.0	3963.0	3985.0	5400.0	5414.0	6189.0	8651.0	9016.0	9626.0	11267.0	12310.0	14886.0	16800.0	19563.0	22600.0	26991.0	30708.0	37398.0	46380.0	55405.0	65986.0	70747.0	83814.0	105160.0	125276.0	145001.0	168183.0	205436.0	292237.0	977874.0	8828268.0	16516982.0
HIGADO_54	150451.0	9077.0	10031.0	9617.0	9092.0	13117.0	12439.0	13319.0	18571.0	18657.0	18423.0	20723.0	23801.0	27045.0	30505.0	35161.0	40103.0	47252.0	55149.0	68207.0	83167.0	94793.0	106502.0	110857.0	132968.0	165144.0	188835.0	209991.0	236236.0	282556.0	385852.0	1206032.0	9650339.0	18324147.0
HIGADO_55	175625.0	2376.0	2618.0	2699.0	2963.0	3962.0	4255.0	4729.0	6580.0	7202.0	8164.0	9263.0	10593.0	12880.0	14689.0	17576.0	20405.0	24048.0	27917.0	34373.0	42368.0	49916.0	58342.0	64866.0	77265.0	98092.0	116600.0	136687.0	158058.0	195533.0	280780.0	954062.0	8801621.0	16853524.0
HIGADO_56	223055.0	3586.0	3748.0	4185.0	4543.0	5845.0	6215.0	7229.0	9674.0	10292.0	11717.0	13895.0	14970.0	18545.0	21276.0	24154.0	27555.0	31722.0	36538.0	43001.0	51738.0	60784.0	70954.0	75671.0	88267.0	111636.0	133092.0	154570.0	175985.0	209841.0	295247.0	885043.0	7966779.0	15745497.0
HIGADO_57	231069.0	4407.0	4986.0	5925.0	6878.0	8538.0	9073.0	9772.0	12398.0	14056.0	16657.0	19297.0	22092.0	27463.0	30387.0	34287.0	39535.0	46617.0	55415.0	63313.0	78818.0	96008.0	117220.0	114719.0	133679.0	175700.0	213004.0	257322.0	296078.0	346970.0	491531.0	1293840.0	11614478.0	23671016.0
HIGADO_58	736538.0	3965.0	4439.0	5369.0	6501.0	8142.0	8835.0	9162.0	11669.0	12753.0	15168.0	17990.0	20166.0	24419.0	27206.0	30678.0	35425.0	42959.0	48899.0	59362.0	72333.0	86690.0	101614.0	97463.0	114404.0	149847.0	177048.0	204629.0	232987.0	280097.0	400352.0	1112373.0	9135047.0	18367848.0
HIGADO_59	259815.0	9302.0	9638.0	9150.0	8231.0	11281.0	10517.0	10740.0	14964.0	14576.0	14590.0	16260.0	18189.0	20847.0	23305.0	26841.0	31053.0	36866.0	42434.0	53280.0	65703.0	75862.0	87879.0	92705.0	111733.0	143024.0	169018.0	191177.0	218262.0	268400.0	376951.0	1154999.0	9337865.0	17880709.0
HIGADO_60	258452.0	4196.0	4555.0	5265.0	5747.0	7076.0	7735.0	8363.0	10322.0	11217.0	12936.0	15425.0	17483.0	21257.0	24143.0	27413.0	31625.0	37905.0	43292.0	51018.0	63964.0	75847.0	93510.0	94138.0	109073.0	147420.0	181365.0	222577.0	262705.0	314849.0	448956.0	1103994.0	9370478.0	19846096.0
MUSCULO_100	463262.0	37367.0	32539.0	41710.0	37199.0	50599.0	50028.0	55346.0	76935.0	87492.0	90041.0	101357.0	113677.0	139218.0	163923.0	182514.0	209566.0	236950.0	273348.0	313278.0	364633.0	425571.0	488449.0	517082.0	585346.0	690911.0	772840.0	882176.0	976733.0	1071430.0	1283614.0	2966876.0	22277170.0	43144683.0
MUSCULO_101	89653.0	6261.0	5313.0	6477.0	6708.0	8145.0	8555.0	10060.0	13748.0	16337.0	18068.0	21085.0	23691.0	30211.0	37627.0	42601.0	49677.0	59147.0	69538.0	83016.0	100532.0	117892.0	139275.0	151639.0	177367.0	214857.0	250721.0	297101.0	335778.0	376735.0	492755.0	1541291.0	12595187.0	24230928.0
MUSCULO_102	55072.0	9006.0	7053.0	6876.0	5611.0	7631.0	7229.0	7978.0	12175.0	13041.0	11722.0	13330.0	14953.0	18201.0	22627.0	25577.0	29679.0	36029.0	41322.0	49501.0	60301.0	70291.0	83077.0	88723.0	104421.0	126831.0	146257.0	169709.0	191491.0	219419.0	280577.0	792131.0	6255112.0	12069052.0
MUSCULO_103	133643.0	18747.0	16049.0	15916.0	13937.0	20111.0	17851.0	19418.0	29633.0	31846.0	27429.0	31455.0	34810.0	41349.0	49170.0	54700.0	62077.0	72941.0	81139.0	95221.0	113268.0	129053.0	148253.0	148810.0	170266.0	208387.0	238952.0	276467.0	302856.0	336805.0	421843.0	939325.0	7099083.0	13598820.0
MUSCULO_104	111713.0	30429.0	21113.0	20121.0	16556.0	23469.0	19411.0	21626.0	33307.0	33688.0	28644.0	32904.0	34062.0	40685.0	49340.0	55071.0	62922.0	73892.0	84212.0	98951.0	118530.0	137574.0	158091.0	170296.0	198102.0	240753.0	277627.0	316434.0	350810.0	397035.0	506930.0	1378046.0	10464856.0	19510430.0
MUSCULO_105	171804.0	42495.0	34163.0	31867.0	27460.0	37378.0	33527.0	36454.0	52479.0	53888.0	49743.0	55383.0	57343.0	69083.0	80152.0	89138.0	100040.0	115785.0	129704.0	149895.0	175358.0	198134.0	221124.0	231401.0	263633.0	319540.0	360982.0	407358.0	444890.0	497774.0	617232.0	1369691.0	9747298.0	17496399.0
MUSCULO_106	236464.0	32180.0	32474.0	35777.0	41664.0	47780.0	46668.0	43657.0	48999.0	51102.0	56014.0	64477.0	64993.0	75850.0	87298.0	95062.0	103602.0	119686.0	131602.0	140611.0	159469.0	172936.0	188453.0	193355.0	211418.0	246306.0	278268.0	304026.0	325601.0	366525.0	443483.0	1014634.0	7450027.0	13534054.0
MUSCULO_107	529214.0	49988.0	31722.0	31559.0	26767.0	35129.0	34678.0	36277.0	48384.0	50094.0	50549.0	58815.0	60427.0	71447.0	81797.0	90039.0	102128.0	116802.0	130588.0	145283.0	165056.0	185671.0	205804.0	216517.0	239290.0	278090.0	306185.0	343075.0	372740.0	405732.0	500128.0	1313626.0	10185137.0	18931642.0
MUSCULO_108	398527.0	37890.0	30193.0	26716.0	25282.0	32041.0	33750.0	37531.0	51602.0	57253.0	63615.0	75190.0	81498.0	100356.0	122570.0	138123.0	152642.0	174821.0	192718.0	218477.0	253143.0	274512.0	303251.0	312704.0	356704.0	417716.0	455486.0	491642.0	534648.0	604103.0	751844.0	2002466.0	15311644.0	29795519.0
MUSCULO_109	161231.0	18097.0	13318.0	9799.0	8643.0	11468.0	11006.0	12600.0	18438.0	19555.0	18996.0	22406.0	24966.0	31371.0	38329.0	43054.0	48643.0	56454.0	63713.0	75124.0	89169.0	98152.0	108574.0	115276.0	132389.0	157689.0	176356.0	195323.0	214694.0	246799.0	326805.0	998461.0	8019697.0	15176026.0
MUSCULO_110	251874.0	31308.0	22567.0	16888.0	13496.0	18255.0	16538.0	18047.0	26758.0	28172.0	27809.0	31930.0	34733.0	43359.0	53302.0	58850.0	63793.0	73632.0	80519.0	91924.0	105650.0	116004.0	126122.0	128397.0	144728.0	172816.0	194663.0	213541.0	229907.0	263336.0	345184.0	1001063.0	8110005.0	14964768.0
MUSCULO_111	402492.0	64353.0	40931.0	32805.0	24661.0	31816.0	30582.0	31404.0	41904.0	42430.0	40110.0	45362.0	46881.0	56643.0	66288.0	73395.0	81334.0	94500.0	104901.0	116032.0	133068.0	145238.0	159253.0	164807.0	186347.0	224241.0	248309.0	270092.0	292317.0	325611.0	411545.0	983755.0	7294823.0	13572525.0
MUSCULO_112	414702.0	40431.0	26610.0	26130.0	21386.0	26903.0	28417.0	30419.0	39571.0	44437.0	47336.0	56297.0	61203.0	75631.0	90586.0	101228.0	111076.0	132676.0	150169.0	170021.0	190765.0	206420.0	225057.0	233033.0	261504.0	305793.0	333276.0	360298.0	390763.0	428297.0	528264.0	1304833.0	9764451.0	17720055.0
MUSCULO_113	499549.0	80631.0	42033.0	37952.0	31372.0	48184.0	36830.0	41082.0	59726.0	56943.0	51274.0	50928.0	48207.0	48092.0	50577.0	56319.0	66150.0	76768.0	87522.0	96930.0	114222.0	134082.0	153037.0	172903.0	198944.0	234594.0	270895.0	308607.0	340663.0	385538.0	476281.0	1335244.0	10042872.0	19187456.0
MUSCULO_114	312088.0	53124.0	43887.0	54624.0	62206.0	75837.0	81844.0	89972.0	100816.0	110764.0	125470.0	140343.0	140811.0	145298.0	157370.0	167694.0	192693.0	219541.0	244834.0	254573.0	277152.0	305004.0	337618.0	352648.0	392543.0	437063.0	456256.0	483455.0	520352.0	550495.0	630421.0	1296397.0	8307623.0	16698586.0
MUSCULO_115	457572.0	30515.0	23211.0	28107.0	27249.0	33934.0	38542.0	42545.0	52831.0	59090.0	68284.0	82141.0	89696.0	104262.0	121410.0	137228.0	161008.0	181586.0	203612.0	221052.0	247309.0	276362.0	307896.0	323326.0	359061.0	402582.0	430656.0	469887.0	506141.0	547357.0	653107.0	1622444.0	11844606.0	23011436.0
MUSCULO_116	789881.0	38543.0	34001.0	34771.0	30235.0	38690.0	43443.0	48467.0	66154.0	74954.0	84144.0	103669.0	113791.0	142714.0	170619.0	195067.0	219907.0	262264.0	294176.0	318130.0	355740.0	392457.0	435699.0	451270.0	509261.0	596796.0	649228.0	710905.0	773604.0	845082.0	1016920.0	2439592.0	18606950.0	36163441.0
MUSCULO_117	190930.0	27203.0	19351.0	16989.0	13639.0	17072.0	18724.0	20642.0	27783.0	30080.0	32462.0	40386.0	44451.0	53964.0	62989.0	72910.0	84747.0	103179.0	116217.0	123367.0	137820.0	151916.0	165321.0	175266.0	194285.0	221765.0	241434.0	264173.0	281548.0	307546.0	371305.0	919623.0	6594946.0	12805614.0
MUSCULO_118	134510.0	3320.0	3732.0	4391.0	4629.0	6926.0	7873.0	9257.0	13980.0	17767.0	21169.0	26294.0	30192.0	40191.0	50858.0	58806.0	66922.0	79657.0	90627.0	105804.0	124877.0	139973.0	158769.0	167608.0	185253.0	219713.0	246098.0	278487.0	310940.0	345909.0	444372.0	1304043.0	10617461.0	19566158.0
MUSCULO_119	91534.0	18387.0	17956.0	18026.0	15567.0	20742.0	26186.0	29064.0	36923.0	44135.0	50318.0	62158.0	71321.0	84135.0	93414.0	110527.0	124807.0	154876.0	182162.0	193125.0	203667.0	222582.0	236900.0	248223.0	265668.0	312379.0	342345.0	367751.0	393643.0	424644.0	497158.0	1220698.0	8636357.0	16543254.0
MUSCULO_120	53927.0	3790.0	3859.0	5042.0	6256.0	8278.0	10101.0	12036.0	15873.0	20331.0	25574.0	32984.0	35854.0	46408.0	57662.0	64750.0	72859.0	86808.0	100403.0	115738.0	134037.0	151413.0	168781.0	179014.0	199938.0	236639.0	263010.0	294581.0	324456.0	353490.0	441751.0	1195249.0	9267482.0	16648963.0
MUSCULO_61	576488.0	15048.0	14049.0	12819.0	11168.0	14917.0	14026.0	15280.0	21427.0	21950.0	21657.0	25529.0	28349.0	34154.0	40477.0	47394.0	56293.0	67313.0	78793.0	97066.0	119331.0	139695.0	163788.0	181378.0	218801.0	276163.0	322340.0	372732.0	428151.0	516640.0	672467.0	1769597.0	14234904.0	26733080.0
MUSCULO_62	331428.0	22377.0	19328.0	19416.0	16254.0	23046.0	21747.0	23132.0	30098.0	30343.0	31733.0	35262.0	40101.0	46008.0	54145.0	63609.0	76210.0	89992.0	104257.0	123669.0	150508.0	178794.0	206265.0	230835.0	272266.0	329050.0	375499.0	422564.0	477591.0	557978.0	713898.0	2246452.0	17598802.0	33165842.0
MUSCULO_63	371074.0	10219.0	8570.0	9057.0	8082.0	10928.0	10678.0	11471.0	15436.0	16484.0	17739.0	20527.0	22850.0	27737.0	31630.0	37479.0	45430.0	54373.0	63443.0	76039.0	94293.0	115777.0	135047.0	151962.0	179152.0	222428.0	262523.0	306251.0	346646.0	410556.0	541561.0	1793112.0	15635797.0	28949776.0
MUSCULO_64	78560.0	3389.0	3170.0	3357.0	3322.0	4582.0	4551.0	5011.0	7160.0	7333.0	8028.0	9448.0	10471.0	13042.0	15469.0	18212.0	21556.0	25624.0	30353.0	36246.0	45381.0	54121.0	63478.0	72203.0	86651.0	109291.0	129132.0	149772.0	173963.0	210853.0	289747.0	1023162.0	9229335.0	17643859.0
MUSCULO_65	94619.0	5453.0	4020.0	3671.0	3581.0	4624.0	4707.0	5717.0	7650.0	7545.0	9633.0	10480.0	11175.0	12436.0	13192.0	15398.0	18598.0	21823.0	26057.0	31055.0	38340.0	46206.0	53105.0	60805.0	72861.0	90678.0	106553.0	122220.0	140442.0	169689.0	227806.0	814951.0	7267522.0	14090344.0
MUSCULO_66	254237.0	21548.0	16175.0	13945.0	13849.0	18420.0	17772.0	21818.0	28238.0	24320.0	26455.0	28492.0	25561.0	24480.0	24346.0	25652.0	28907.0	35090.0	40776.0	46162.0	56492.0	66124.0	75339.0	86869.0	103262.0	123217.0	141479.0	162190.0	182739.0	214935.0	290579.0	875728.0	6971034.0	13569572.0
MUSCULO_67	104870.0	24608.0	16018.0	13103.0	11089.0	15297.0	14612.0	17887.0	24499.0	23423.0	23906.0	24806.0	23633.0	24662.0	26134.0	27600.0	31507.0	37005.0	43151.0	48999.0	59251.0	68654.0	79464.0	89417.0	107273.0	131764.0	151560.0	176533.0	202380.0	239350.0	312138.0	932034.0	7805703.0	15548637.0
MUSCULO_68	120525.0	21502.0	15963.0	10638.0	9118.0	12030.0	11064.0	12756.0	18439.0	17399.0	15748.0	16548.0	16266.0	17546.0	19598.0	21648.0	25042.0	29880.0	34984.0	41522.0	50439.0	57564.0	65381.0	74511.0	90089.0	110837.0	128143.0	145608.0	168723.0	205657.0	273978.0	861253.0	7186299.0	13604480.0
MUSCULO_69	34796.0	1895.0	1895.0	2027.0	2307.0	3075.0	3357.0	4070.0	5258.0	5903.0	7178.0	8780.0	9826.0	12337.0	15127.0	18157.0	21324.0	26385.0	30888.0	38102.0	46502.0	54013.0	63173.0	71251.0	86932.0	108520.0	124783.0	144872.0	167004.0	200508.0	269061.0	867917.0	7254131.0	14451906.0
MUSCULO_70	239513.0	54059.0	39423.0	29203.0	22763.0	31060.0	29518.0	34205.0	46961.0	47509.0	48542.0	49087.0	44840.0	47385.0	50259.0	53922.0	59027.0	66686.0	73994.0	84900.0	99244.0	110996.0	120658.0	131145.0	154158.0	187899.0	208708.0	230766.0	256860.0	302086.0	382033.0	977774.0	7668383.0	14957322.0
MUSCULO_71	113728.0	21125.0	15673.0	11484.0	9316.0	13500.0	12084.0	14094.0	19519.0	19345.0	17151.0	17296.0	16094.0	17118.0	18871.0	20425.0	23078.0	26620.0	30664.0	35622.0	43147.0	49608.0	56047.0	65120.0	78223.0	96068.0	110645.0	127570.0	147325.0	180358.0	247904.0	919408.0	8100119.0	15497230.0
MUSCULO_72	24175.0	1925.0	1736.0	1765.0	1764.0	2235.0	2413.0	2585.0	3712.0	4114.0	4523.0	5424.0	5953.0	7448.0	9485.0	10908.0	12834.0	15873.0	18772.0	22939.0	28189.0	33111.0	38495.0	44498.0	54039.0	68527.0	79953.0	92649.0	109278.0	132597.0	182437.0	625770.0	5541862.0	10958627.0
MUSCULO_73	494131.0	7645.0	7677.0	7874.0	7959.0	10264.0	11191.0	12904.0	16360.0	18484.0	21212.0	25096.0	28729.0	36131.0	41797.0	49611.0	57989.0	69534.0	82529.0	93840.0	110973.0	127984.0	145640.0	158701.0	179344.0	216489.0	250580.0	285895.0	313785.0	356879.0	462263.0	1399753.0	11669655.0	21194066.0
MUSCULO_74	1700843.0	16302.0	16860.0	13002.0	11916.0	15624.0	15577.0	17446.0	23390.0	24269.0	25269.0	29544.0	32868.0	40013.0	47781.0	55884.0	65072.0	77547.0	89736.0	109312.0	129495.0	147909.0	168506.0	184565.0	223088.0	267473.0	295492.0	326589.0	361834.0	428200.0	538731.0	1453776.0	10910949.0	21188334.0
MUSCULO_75	906723.0	13109.0	12870.0	10101.0	8775.0	11663.0	10971.0	12201.0	16904.0	17332.0	16946.0	18733.0	20458.0	25059.0	29460.0	34049.0	39269.0	46638.0	53343.0	65061.0	77983.0	89111.0	100069.0	111388.0	134197.0	163517.0	183915.0	206179.0	232528.0	279482.0	362971.0	1153065.0	9310969.0	18106420.0
MUSCULO_76	2149874.0	26960.0	24378.0	18525.0	15368.0	20694.0	18396.0	19687.0	26899.0	25708.0	24898.0	26136.0	29027.0	32563.0	38238.0	44290.0	52724.0	61599.0	71054.0	84634.0	102608.0	120086.0	135532.0	151294.0	180552.0	214942.0	242611.0	272529.0	301177.0	354335.0	438799.0	1159914.0	8437357.0	16663844.0
MUSCULO_77	1237348.0	13976.0	14844.0	13676.0	12993.0	16879.0	18050.0	19935.0	26392.0	28736.0	31984.0	37903.0	43607.0	53254.0	64833.0	76220.0	90535.0	106131.0	123606.0	147897.0	177841.0	207991.0	236613.0	257544.0	303627.0	364580.0	413501.0	460412.0	509317.0	592152.0	756435.0	2274288.0	17630931.0	32845291.0
MUSCULO_78	988700.0	7097.0	7160.0	7544.0	7675.0	10134.0	10823.0	12504.0	17182.0	20240.0	22485.0	26670.0	30891.0	40120.0	49989.0	59122.0	69695.0	83512.0	97140.0	116774.0	143022.0	170573.0	200604.0	219288.0	255197.0	316106.0	373176.0	431373.0	488625.0	559440.0	724123.0	1894855.0	15563359.0	29029548.0
MUSCULO_79	705503.0	2968.0	3438.0	4151.0	4952.0	6406.0	7279.0	8074.0	10513.0	12416.0	14652.0	17739.0	20095.0	26096.0	31407.0	36649.0	42985.0	51466.0	59440.0	70667.0	85280.0	99203.0	114944.0	125597.0	147312.0	183286.0	213358.0	246267.0	279579.0	330401.0	442119.0	1420905.0	11899741.0	21979604.0
MUSCULO_80	769929.0	2291.0	2347.0	2848.0	3289.0	4203.0	4575.0	5343.0	7142.0	8419.0	10258.0	12530.0	13830.0	18457.0	22902.0	26270.0	31747.0	38769.0	44930.0	54624.0	66649.0	79137.0	93911.0	103835.0	121341.0	152347.0	178490.0	211225.0	243226.0	283483.0	374054.0	1055532.0	8639243.0	16758500.0
MUSCULO_81	2129833.0	13643.0	11747.0	11070.0	9310.0	12608.0	12236.0	12415.0	17101.0	18333.0	18830.0	21665.0	23586.0	28874.0	33568.0	38892.0	45304.0	53784.0	61781.0	73529.0	86984.0	102272.0	118580.0	126219.0	146155.0	180406.0	207955.0	237213.0	265120.0	305135.0	393793.0	1043896.0	8229783.0	15245094.0
MUSCULO_82	548748.0	55445.0	40751.0	21981.0	17290.0	22060.0	20826.0	24255.0	33971.0	30623.0	29932.0	32421.0	30007.0	28856.0	29588.0	32233.0	38408.0	44612.0	52247.0	60277.0	73598.0	88713.0	102128.0	117131.0	139306.0	169927.0	201640.0	235715.0	264135.0	309664.0	408227.0	1491108.0	12312474.0	22935724.0
MUSCULO_83	1947482.0	18784.0	17407.0	16453.0	14050.0	18854.0	18054.0	19035.0	26362.0	28364.0	29544.0	34359.0	36926.0	46869.0	56658.0	65845.0	75792.0	88719.0	101522.0	121018.0	144269.0	167177.0	189856.0	205031.0	242398.0	305445.0	349898.0	394503.0	444030.0	523017.0	690992.0	1867730.0	15382466.0	28448519.0
MUSCULO_84	2201381.0	21089.0	18301.0	13694.0	10081.0	13534.0	12034.0	12417.0	15977.0	16284.0	15301.0	16867.0	18938.0	22551.0	26738.0	31352.0	36637.0	44036.0	51751.0	62907.0	78345.0	92632.0	107800.0	120839.0	145832.0	178823.0	203467.0	231171.0	261066.0	311645.0	415414.0	1373933.0	11022280.0	21715591.0
MUSCULO_85	3681976.0	16425.0	15900.0	13825.0	12482.0	15702.0	15795.0	16468.0	20809.0	21768.0	22462.0	26578.0	29031.0	34744.0	41135.0	47795.0	55662.0	66009.0	75519.0	89856.0	109917.0	128479.0	148932.0	158607.0	190396.0	233505.0	264809.0	298942.0	330983.0	389776.0	503500.0	1441407.0	11082797.0	21395409.0
MUSCULO_86	2018220.0	11818.0	9592.0	9276.0	8857.0	11153.0	11239.0	11601.0	15668.0	17925.0	19606.0	23166.0	24293.0	30487.0	38200.0	44360.0	49655.0	58635.0	66768.0	79614.0	94781.0	112157.0	131128.0	142625.0	165444.0	208790.0	247827.0	289341.0	336547.0	386421.0	512596.0	1242593.0	10184762.0	19230448.0
MUSCULO_87	549600.0	5575.0	4707.0	5208.0	4611.0	6537.0	6841.0	7478.0	10040.0	11811.0	13042.0	15608.0	17458.0	21825.0	26776.0	31159.0	36995.0	43913.0	51906.0	61942.0	75074.0	89647.0	107024.0	116539.0	135559.0	170982.0	196493.0	230680.0	266277.0	303457.0	405613.0	1256011.0	10817238.0	20963183.0
MUSCULO_88	2207382.0	24034.0	20098.0	23699.0	22401.0	28897.0	31172.0	34440.0	43563.0	50731.0	58175.0	69768.0	74270.0	92697.0	112257.0	128314.0	146213.0	171360.0	197922.0	229216.0	268908.0	314224.0	362912.0	394998.0	448677.0	538236.0	616473.0	703416.0	792973.0	879161.0	1073754.0	2032021.0	12731746.0	23064803.0
MUSCULO_89	1000068.0	23309.0	19569.0	17068.0	13406.0	18244.0	18585.0	20078.0	26871.0	29557.0	31442.0	36584.0	41085.0	49023.0	59000.0	70066.0	82370.0	95437.0	107542.0	122419.0	141215.0	157956.0	171534.0	181270.0	207488.0	236683.0	255544.0	270033.0	285961.0	324405.0	393700.0	1017931.0	7149984.0	14905221.0
MUSCULO_90	1562448.0	19814.0	18704.0	19500.0	16645.0	21864.0	23221.0	25203.0	33758.0	38531.0	42771.0	51834.0	59108.0	75777.0	90737.0	106766.0	126414.0	149134.0	170844.0	196704.0	233582.0	267695.0	306764.0	318429.0	364120.0	434084.0	485996.0	541952.0	596373.0	682465.0	891121.0	3089330.0	26244121.0	49554467.0
MUSCULO_91	1615027.0	14757.0	13515.0	12997.0	10279.0	13663.0	13928.0	14665.0	19442.0	21792.0	23356.0	27026.0	30415.0	38048.0	45431.0	53914.0	62529.0	74360.0	86705.0	102390.0	122175.0	141214.0	158934.0	168482.0	194303.0	233785.0	264489.0	293099.0	324730.0	372296.0	477284.0	1443338.0	11874213.0	22197082.0
MUSCULO_92	2868250.0	29439.0	28512.0	22145.0	17683.0	23559.0	23455.0	24423.0	31618.0	32848.0	34157.0	39830.0	44831.0	54194.0	67243.0	81275.0	99040.0	116470.0	134616.0	156297.0	184755.0	210897.0	235252.0	258896.0	296319.0	341681.0	379782.0	417280.0	448583.0	509839.0	624694.0	1738590.0	12662631.0	24393724.0
MUSCULO_93	1673389.0	8509.0	8716.0	8924.0	7843.0	10117.0	10554.0	11790.0	15915.0	17172.0	18391.0	21703.0	25482.0	31815.0	39202.0	46262.0	54738.0	65469.0	77690.0	94095.0	115220.0	136026.0	155399.0	167239.0	199618.0	240202.0	271421.0	302059.0	336190.0	394507.0	500921.0	1485090.0	12053788.0	23013129.0
MUSCULO_94	2357723.0	15479.0	12459.0	11139.0	9365.0	12665.0	11778.0	12856.0	17892.0	19916.0	19986.0	23471.0	24597.0	31418.0	39439.0	45118.0	51583.0	61360.0	71449.0	84698.0	100612.0	114447.0	128592.0	141782.0	165390.0	203400.0	230478.0	258473.0	292082.0	339899.0	436614.0	1144954.0	9295900.0	17629753.0
MUSCULO_95	996133.0	10321.0	8338.0	7931.0	6377.0	8718.0	8654.0	9538.0	12525.0	14407.0	14903.0	17723.0	19620.0	24415.0	30075.0	35300.0	41850.0	50536.0	59060.0	71243.0	86734.0	101360.0	117629.0	130536.0	154873.0	191283.0	216432.0	245420.0	283217.0	331493.0	447645.0	1548094.0	13606819.0	26609557.0
MUSCULO_96	1737042.0	14545.0	11078.0	10368.0	8837.0	11240.0	11287.0	12131.0	15602.0	16508.0	17114.0	19805.0	19937.0	23974.0	28268.0	32723.0	37980.0	44561.0	52476.0	60688.0	71729.0	83773.0	96467.0	107836.0	125056.0	152711.0	177936.0	206719.0	236672.0	275198.0	378520.0	1290825.0	11469027.0	21601631.0
MUSCULO_97	3735820.0	28161.0	28719.0	28364.0	25318.0	32889.0	31039.0	31646.0	42606.0	44175.0	45736.0	52940.0	56855.0	67673.0	76516.0	88225.0	100485.0	117409.0	128835.0	151273.0	177698.0	208610.0	236478.0	231356.0	264937.0	333064.0	386642.0	437773.0	470262.0	527586.0	679784.0	1222355.0	8723671.0	15364926.0
MUSCULO_98	711352.0	91967.0	54465.0	39463.0	32026.0	46809.0	39325.0	45571.0	65215.0	60821.0	66035.0	65324.0	63198.0	62027.0	60934.0	66909.0	77611.0	90214.0	103781.0	118224.0	141150.0	167761.0	191442.0	217591.0	251526.0	298615.0	350240.0	401019.0	441567.0	498940.0	624627.0	1838296.0	14044088.0	26178905.0
MUSCULO_99	771503.0	40352.0	30331.0	32979.0	31467.0	39622.0	40634.0	42649.0	54642.0	61660.0	64850.0	76190.0	76828.0	92043.0	111142.0	120977.0	131257.0	149237.0	168556.0	190950.0	219796.0	246489.0	278851.0	291562.0	325297.0	387007.0	431147.0	484221.0	538941.0	582870.0	714224.0	1697079.0	12856823.0	23758214.0
