Sample	Uniquely mapped	Mapped to multiple loci	Mapped to too many loci	Unmapped: too short	Unmapped: other
GRASO_121	35757170.0	8680659.0	70124.0	1357749.0	115063.0
GRASO_122	44192135.0	9960924.0	123340.0	1406040.0	106011.0
GRASO_123	29986772.0	24921685.0	444254.0	3775758.0	1218376.0
GRASO_124	21473432.0	6394435.0	34549.0	2738552.0	24534.0
GRASO_125	41793620.0	10632353.0	111564.0	1318428.0	151295.0
GRASO_126	32552439.0	15550194.0	87631.0	1509269.0	289860.0
GRASO_127	47678234.0	11635839.0	199752.0	1660007.0	239779.0
GRASO_128	37414369.0	13760919.0	119762.0	1531027.0	153632.0
GRASO_129	10393344.0	18578860.0	371812.0	6970109.0	946236.0
GRASO_130	37084180.0	9263550.0	56393.0	1471926.0	76713.0
GRASO_131	32985960.0	11962748.0	137550.0	1260185.0	92661.0
GRASO_132	26364402.0	7535936.0	79000.0	1146125.0	31642.0
GRASO_133	31455943.0	9601840.0	66101.0	954806.0	71822.0
GRASO_134	23839951.0	4867001.0	36534.0	1889160.0	24495.0
GRASO_135	24139099.0	5080336.0	36900.0	1429587.0	27610.0
GRASO_136	25696803.0	11733215.0	64635.0	1364219.0	77955.0
GRASO_137	19807673.0	4881214.0	39112.0	6683368.0	34596.0
GRASO_138	33901309.0	8901073.0	55841.0	1177650.0	119088.0
GRASO_139	23578978.0	5471237.0	57557.0	1383754.0	39710.0
GRASO_140	39185155.0	12390720.0	71259.0	1304326.0	106476.0
GRASO_141	29715502.0	11072146.0	168857.0	1373635.0	195626.0
GRASO_142	36158010.0	10021132.0	61953.0	1207075.0	80788.0
GRASO_143	11726146.0	18968462.0	186102.0	4761106.0	1404249.0
GRASO_144	13514066.0	15115041.0	735075.0	24204318.0	2041127.0
GRASO_145	140576051.0	35653266.0	188333.0	4777814.0	948269.0
GRASO_146	35109865.0	11198727.0	63646.0	3028107.0	128856.0
GRASO_147	25105227.0	5590476.0	32703.0	2150449.0	46105.0
GRASO_148	32175038.0	7551337.0	43013.0	2453675.0	42232.0
GRASO_149	22311557.0	4913723.0	40846.0	1243111.0	40008.0
GRASO_150	48748258.0	11151887.0	70015.0	1946577.0	105388.0
GRASO_151	33561897.0	8445801.0	47380.0	1775450.0	65757.0
GRASO_152	45613221.0	8550599.0	84334.0	1355355.0	61353.0
GRASO_153	34926973.0	10759287.0	80370.0	1284265.0	122761.0
GRASO_154	8357967.0	2463731.0	14451.0	1085934.0	10740.0
GRASO_155	52347168.0	15201511.0	112833.0	1831748.0	195015.0
GRASO_156	16880306.0	5765201.0	33468.0	5107736.0	25038.0
GRASO_157	27885676.0	6003000.0	49492.0	3714359.0	49022.0
GRASO_158	23821034.0	6012310.0	45585.0	863815.0	30741.0
GRASO_159	54752128.0	13203348.0	101883.0	1329485.0	132252.0
GRASO_160	40058291.0	8083679.0	49959.0	1025137.0	64071.0
GRASO_161	26691657.0	5790781.0	39976.0	2526220.0	31578.0
GRASO_162	41452563.0	8629942.0	78075.0	1647249.0	88060.0
GRASO_163	27219536.0	6429894.0	56755.0	2326540.0	46892.0
GRASO_164	22831911.0	5105821.0	28003.0	2483893.0	27429.0
GRASO_165	36572398.0	7938592.0	52125.0	3036075.0	52428.0
GRASO_166	28543542.0	6019753.0	53652.0	2175754.0	40496.0
GRASO_167	22473484.0	5574878.0	47136.0	3071901.0	37462.0
GRASO_168	28216413.0	9297424.0	66786.0	1256082.0	50554.0
GRASO_169	16055279.0	17117889.0	152503.0	4646008.0	676415.0
GRASO_170	31050291.0	6654887.0	54430.0	854584.0	42536.0
GRASO_171	34564059.0	5724249.0	52917.0	1558460.0	41894.0
GRASO_172	20005197.0	4036215.0	23718.0	4612390.0	22961.0
GRASO_173	16700804.0	3552985.0	28242.0	2395167.0	20433.0
GRASO_174	19451074.0	2921187.0	17673.0	416961.0	25063.0
GRASO_175	21997747.0	5621364.0	27788.0	1205454.0	20235.0
GRASO_176	19826593.0	5960419.0	28700.0	1117262.0	37782.0
GRASO_177	17590013.0	3726197.0	24172.0	452867.0	21772.0
GRASO_178	30770148.0	5358320.0	49752.0	735315.0	36950.0
GRASO_179	42185529.0	7048814.0	72774.0	1472279.0	65999.0
GRASO_180	30499354.0	6605327.0	57806.0	1410968.0	38551.0
HIGADO_01	20251650.0	5619261.0	57928.0	853495.0	218776.0
HIGADO_02	29935652.0	9155624.0	114181.0	993953.0	397581.0
HIGADO_03	25708990.0	7821361.0	40342.0	976843.0	416647.0
HIGADO_04	22268060.0	8477362.0	202112.0	1194082.0	396943.0
HIGADO_05	25523332.0	5599699.0	72263.0	698734.0	237185.0
HIGADO_06	26171170.0	8105347.0	100384.0	1067528.0	444206.0
HIGADO_07	36574618.0	12040611.0	40378.0	1702448.0	761756.0
HIGADO_08	26856100.0	10986097.0	50513.0	1141503.0	574715.0
HIGADO_09	21256593.0	8365123.0	76150.0	803737.0	174859.0
HIGADO_10	25748893.0	10692487.0	107608.0	1336058.0	616050.0
HIGADO_11	31074281.0	11802763.0	75105.0	1172693.0	302057.0
HIGADO_12	28734082.0	11691536.0	103848.0	883926.0	275185.0
HIGADO_13	41953803.0	13754329.0	98898.0	2030654.0	850997.0
HIGADO_14	39380660.0	13630643.0	147924.0	1394330.0	323880.0
HIGADO_15	38150507.0	13673105.0	150093.0	1669343.0	482375.0
HIGADO_16	22125361.0	9608183.0	84269.0	1391690.0	789418.0
HIGADO_17	35220541.0	11455595.0	59452.0	1432360.0	594381.0
HIGADO_18	40672827.0	17650349.0	242680.0	2157576.0	1399004.0
HIGADO_19	34097232.0	9966936.0	89877.0	1139530.0	521713.0
HIGADO_20	22541888.0	7368163.0	132472.0	791377.0	170689.0
HIGADO_21	52930591.0	17828957.0	90863.0	1864210.0	869474.0
HIGADO_22	15075900.0	4853410.0	89955.0	931716.0	282274.0
HIGADO_23	33196398.0	10815548.0	112753.0	1269063.0	426075.0
HIGADO_24	34110481.0	12260758.0	49929.0	1268845.0	461398.0
HIGADO_25	15562784.0	3445357.0	18684.0	406160.0	93729.0
HIGADO_26	21807185.0	4923467.0	90569.0	610610.0	46758.0
HIGADO_27	33035756.0	6565964.0	27484.0	743521.0	199085.0
HIGADO_28	20690445.0	3903629.0	28632.0	529354.0	63018.0
HIGADO_29	20316733.0	5749977.0	18489.0	791444.0	195151.0
HIGADO_30	26550926.0	6537489.0	80348.0	784136.0	204557.0
HIGADO_31	19542613.0	5554117.0	24249.0	705401.0	145765.0
HIGADO_32	20970695.0	4630401.0	57819.0	486607.0	75869.0
HIGADO_33	23766007.0	6826237.0	111929.0	1032033.0	401882.0
HIGADO_34	43421652.0	12393189.0	73511.0	2082321.0	698017.0
HIGADO_35	20261213.0	7409031.0	62841.0	1373823.0	476693.0
HIGADO_36	28170114.0	7779667.0	34736.0	1092424.0	265624.0
HIGADO_37	22053922.0	5043121.0	21590.0	929228.0	146424.0
HIGADO_38	21591612.0	4951930.0	53984.0	757037.0	101487.0
HIGADO_39	25265123.0	7235876.0	76752.0	1063893.0	377291.0
HIGADO_40	21968027.0	6515488.0	24001.0	971014.0	324664.0
HIGADO_41	33366372.0	11748803.0	224879.0	1587717.0	805779.0
HIGADO_42	32946486.0	10307521.0	74464.0	1163976.0	408965.0
HIGADO_43	31574040.0	9076729.0	37955.0	1674439.0	601081.0
HIGADO_44	22089166.0	6601214.0	34677.0	1051569.0	426067.0
HIGADO_45	26401445.0	11512969.0	103273.0	1847039.0	817742.0
HIGADO_46	20990293.0	6301611.0	38930.0	669311.0	132175.0
HIGADO_47	17151613.0	6927604.0	110885.0	1057108.0	541446.0
HIGADO_48	20609470.0	10988258.0	93127.0	1506984.0	646818.0
HIGADO_49	37753368.0	13912734.0	77812.0	1429813.0	532149.0
HIGADO_50	23245467.0	7693876.0	102429.0	858951.0	241279.0
HIGADO_51	22004947.0	7042689.0	81994.0	910768.0	174916.0
HIGADO_52	27920307.0	11228088.0	84490.0	1503817.0	683553.0
HIGADO_53	19812314.0	7056092.0	37132.0	826141.0	214908.0
HIGADO_54	24694526.0	6002838.0	52568.0	815193.0	111019.0
HIGADO_55	18963223.0	7942777.0	41341.0	835224.0	326215.0
HIGADO_56	17357418.0	7681438.0	80774.0	917049.0	295142.0
HIGADO_57	22142143.0	13278112.0	307973.0	2215812.0	1397181.0
HIGADO_58	21329117.0	7412615.0	214635.0	1340944.0	630305.0
HIGADO_59	22338544.0	6880388.0	48219.0	977822.0	333070.0
HIGADO_60	19564982.0	9435714.0	269321.0	2050722.0	1370418.0
MUSCULO_100	58441353.0	15502455.0	158983.0	3963515.0	756456.0
MUSCULO_101	33568483.0	6373208.0	29776.0	1247953.0	332788.0
MUSCULO_102	16335219.0	3732262.0	82321.0	778775.0	90506.0
MUSCULO_103	16907892.0	5894196.0	63807.0	1489019.0	557759.0
MUSCULO_104	28116524.0	5515105.0	25153.0	1276136.0	161714.0
MUSCULO_105	24798357.0	6652742.0	48818.0	1731295.0	481664.0
MUSCULO_106	18247091.0	6567899.0	76426.0	1320216.0	94677.0
MUSCULO_107	27432309.0	6003368.0	32097.0	1417917.0	161446.0
MUSCULO_108	41302939.0	9966492.0	28126.0	1839695.0	477355.0
MUSCULO_109	21268833.0	4215997.0	18763.0	978982.0	167597.0
MUSCULO_110	19896738.0	5697568.0	42583.0	1144017.0	177659.0
MUSCULO_111	18745599.0	5219568.0	27527.0	1514002.0	159098.0
MUSCULO_112	26419073.0	5502550.0	71302.0	1391038.0	245280.0
MUSCULO_113	29183011.0	3999189.0	18568.0	1496745.0	13891.0
MUSCULO_114	25898034.0	6094850.0	25974.0	1610808.0	23540.0
MUSCULO_115	35273109.0	6309081.0	25658.0	1165623.0	17142.0
MUSCULO_116	47820805.0	15206632.0	160118.0	2657851.0	511636.0
MUSCULO_117	19042388.0	3966123.0	20375.0	791749.0	11888.0
MUSCULO_118	27150353.0	6339218.0	30863.0	959599.0	274668.0
MUSCULO_119	21899660.0	8037461.0	20614.0	1263576.0	75064.0
MUSCULO_120	24889883.0	4647103.0	116341.0	884931.0	48824.0
MUSCULO_61	33855782.0	10082300.0	98916.0	2154863.0	623036.0
MUSCULO_62	48594003.0	7968036.0	23707.0	1235889.0	23101.0
MUSCULO_63	38026210.0	9959638.0	34979.0	1327229.0	318137.0
MUSCULO_64	22251213.0	6088064.0	16152.0	952202.0	209308.0
MUSCULO_65	18536000.0	4311154.0	50400.0	592909.0	39998.0
MUSCULO_66	19355890.0	3202149.0	13005.0	878360.0	18738.0
MUSCULO_67	20372216.0	4747240.0	30990.0	1073584.0	214188.0
MUSCULO_68	18676118.0	3780857.0	44083.0	836801.0	105479.0
MUSCULO_69	19245085.0	4097935.0	65231.0	652648.0	70099.0
MUSCULO_70	20312371.0	4950681.0	57031.0	1368898.0	144658.0
MUSCULO_71	21214636.0	4029928.0	37850.0	812571.0	31353.0
MUSCULO_72	14025678.0	3496147.0	33330.0	482268.0	92465.0
MUSCULO_73	28152181.0	7657395.0	71638.0	1320658.0	288894.0
MUSCULO_74	30567920.0	5529269.0	54075.0	1107681.0	115616.0
MUSCULO_75	25487453.0	4432422.0	25615.0	919547.0	136689.0
MUSCULO_76	24674430.0	3790305.0	19776.0	1003846.0	14762.0
MUSCULO_77	47870092.0	8399330.0	51488.0	1507529.0	162349.0
MUSCULO_78	36887350.0	10814915.0	381864.0	2122076.0	864171.0
MUSCULO_79	29952841.0	6293702.0	80752.0	1237203.0	432641.0
MUSCULO_80	21945922.0	5532897.0	40219.0	870134.0	281430.0
MUSCULO_81	20715221.0	5270846.0	18480.0	1000646.0	209374.0
MUSCULO_82	33738156.0	4660618.0	26776.0	1282832.0	19858.0
MUSCULO_83	36168524.0	11113912.0	141021.0	2101321.0	688711.0
MUSCULO_84	30662329.0	5118498.0	9416.0	935820.0	22019.0
MUSCULO_85	29971349.0	6086555.0	72730.0	1108775.0	74665.0
MUSCULO_86	23411329.0	7884610.0	145750.0	1624619.0	764925.0
MUSCULO_87	27100692.0	6874948.0	82152.0	1176004.0	287783.0
MUSCULO_88	33565311.0	8904239.0	106620.0	2340556.0	897747.0
MUSCULO_89	22188043.0	3663009.0	16635.0	751417.0	7994.0
MUSCULO_90	68911426.0	13339437.0	73393.0	2457831.0	537650.0
MUSCULO_91	31089586.0	6381998.0	90478.0	1210523.0	186833.0
MUSCULO_92	37678546.0	4919583.0	14604.0	1162480.0	26320.0
MUSCULO_93	32286735.0	6378901.0	32645.0	1116448.0	127594.0
MUSCULO_94	23355038.0	6075440.0	70575.0	1285716.0	282609.0
MUSCULO_95	34802543.0	8044822.0	76220.0	1373835.0	236407.0
MUSCULO_96	29931627.0	5530453.0	42649.0	1123387.0	110136.0
MUSCULO_97	14772912.0	11013606.0	507875.0	2989347.0	1194520.0
MUSCULO_98	40108319.0	5304153.0	44210.0	1736013.0	33022.0
MUSCULO_99	33924693.0	8215977.0	75989.0	1858219.0	382313.0
