Sample	10	11	12	13	14	15	16	17	18	19	1	20	2	3	4	5	6	7	8	9	MT	X
GRASO_121	0.06140449361065525	0.019940727484069883	0.06867665116766318	0.016632924564058984	0.0985311346454308	0.017315779125425895	0.014353978167405825	0.02047242249335183	0.015602507489168608	0.02231534575774826	0.10754905854883533	0.024785296110940717	0.05479188302276869	0.04060002602345532	0.03731797220373297	0.04903606556667332	0.10424053827852313	0.06962819746469022	0.057524635288094865	0.02980254479893533	0.03516604715078088	0.03398059431515995
GRASO_122	0.04833860049047367	0.019735800695783137	0.11586565701864115	0.015572611335407983	0.07252866976893146	0.016452798076480632	0.014122004318629693	0.02009752395202195	0.016067969881637428	0.023399379966657734	0.08396968999544821	0.02654153433290276	0.052681117013925555	0.036904460922492235	0.03784985754104733	0.03675022275154642	0.1034723399677086	0.09575417627629472	0.06274089390779065	0.027725144432255166	0.025414044604729038	0.04791454081358392
GRASO_123	0.07075560561006425	0.01936073774334652	0.12356256896673926	0.0053363418058247755	0.11587247631315598	0.012900499974315275	0.004296067505961132	0.013087422352473765	0.009246501187674713	0.024613837629618454	0.05230650265723116	0.006864118698545204	0.0700864398304418	0.027635313311385357	0.02001709627350396	0.022078407989185107	0.19341820780438512	0.09486950273721144	0.0436702757499127	0.023803641248758844	0.00519498348049489	0.04087056523952795
GRASO_124	0.040479115832565624	0.01674884638832333	0.14278039796747558	0.01193554006269951	0.040095663127715765	0.011273192488518175	0.011938726255079619	0.014949519537248199	0.011738614351564753	0.022360698123600583	0.06980389524858348	0.01646118552702071	0.05306029577408013	0.029637216489709083	0.030219100817515145	0.0355046452386405	0.1294414749008171	0.12857616211651182	0.07058682673040403	0.019085054581298416	0.03835584357114275	0.05472875096202006
GRASO_125	0.06169144043474176	0.01964013407476686	0.08770442129386838	0.01688017118123301	0.061628585731378416	0.01971437821656006	0.012733159106675274	0.023971940801144245	0.017384062635183085	0.02665036382720029	0.09000104480871575	0.019492730017080812	0.060216558822837093	0.04026125953144762	0.03734554302749979	0.039883807056792696	0.1200914851575402	0.08402247119989487	0.05798499899496312	0.029086822084335932	0.021921365635010185	0.051307261807653236
GRASO_126	0.043266919968023045	0.01356370032771254	0.1332868057758452	0.010117808515554117	0.09419284743323529	0.012468023067390439	0.008481355817935765	0.015541956998207655	0.011036356073821986	0.029987605865517474	0.0705967192496439	0.012455124321700105	0.04432221298622016	0.026982317473562493	0.026023121389550073	0.031754981258156616	0.16873386330042311	0.08749880763329868	0.06799244288662606	0.020586074161206204	0.0265058652591569	0.04440207779099679
GRASO_127	0.0493599887853581	0.019363167155374596	0.0856168239743105	0.016346361310476162	0.09519737013570208	0.016272151183460138	0.015774643114492642	0.020386553890540494	0.015572568281901213	0.02536721675791135	0.09462927331886245	0.02539637542728756	0.05214721232706953	0.03830525985806483	0.03820387062384711	0.0406078284122262	0.10900523848442244	0.07939427198767725	0.06313718799309041	0.028444328885547963	0.025119133522932234	0.04609416152435519
GRASO_128	0.05953071869037495	0.015456525993892094	0.11756475294124204	0.012217892120624511	0.07516798740996844	0.015358693266975804	0.01101961759165136	0.021222110885711336	0.01495316299502065	0.026613448759102373	0.08292230490082396	0.014131403810594984	0.05172066646207675	0.03436707860778788	0.03574656917460542	0.03371338988621612	0.14401301576243747	0.09001277978507771	0.05546804837614463	0.02792958694210028	0.01809855437611726	0.04253808939283911
GRASO_129	0.02364231235588858	0.005841395119492613	0.05422765422824706	0.0024019370321822706	0.3830666626862444	0.004348626992317589	0.0038724348693803187	0.0045838922176307	0.0029831445506729435	0.014139140490234481	0.1278312997931631	0.005304014590678461	0.019152018089372384	0.011027479114761306	0.010075118393840966	0.07327516662940706	0.13525511664029088	0.06281901455237199	0.022594589312288662	0.010914237826888943	0.002410617740282451	0.01992768287928878
GRASO_130	0.06159096719577978	0.01985191295164147	0.10145497202391823	0.014940437930748528	0.05036345310658126	0.01429703093519697	0.015165465391037546	0.019951397298132927	0.01562283361631532	0.029075300722211657	0.09666629031425575	0.029845046519112104	0.052862696004025524	0.03947380199322306	0.03807714801617366	0.03728054776441578	0.1176298255802572	0.09505524534727262	0.06123341095304401	0.0289885473765415	0.017604622177068773	0.042780878378444
GRASO_131	0.08954037563448126	0.018607589746023154	0.08859524120287571	0.010985232427153544	0.0749321666537619	0.011531758510525202	0.011969628734335241	0.016814695374027418	0.012497633602148764	0.026044957822947124	0.08844512340707249	0.018678873649963543	0.05796423269303136	0.03728139453374865	0.036454336485787664	0.03364048797035419	0.13886729614957496	0.08810584885352561	0.051040554551749606	0.0415242260649367	0.008441991373571822	0.03789927236434113
GRASO_132	0.06625658636885445	0.02016230032742056	0.10382357193157292	0.013142456408658031	0.04184767042883605	0.013418284895432918	0.013192883071360023	0.018795466881165537	0.014736686121961766	0.03148033258199888	0.09393268269741387	0.029190786465275356	0.053416749472019597	0.03504298820901685	0.03498165164555909	0.03352704782446532	0.13023453652174116	0.10225540393208005	0.06293670208048235	0.02746967148056239	0.013682221143866927	0.046315267346373826
GRASO_133	0.0673884313066898	0.018640674274082874	0.12132362378291342	0.011870433424754794	0.04717033069309013	0.012065318328644723	0.013179683565685113	0.017647477663579405	0.014179291343120288	0.03062999356139133	0.09477443511244592	0.023319891172384113	0.0488419574740012	0.03208700410079122	0.03295076313649926	0.033241171999199286	0.13190655403638693	0.09936551060779782	0.06355191858905952	0.02453829216372537	0.016511438311059667	0.04476639808329422
GRASO_134	0.06415960493568258	0.020646303033609283	0.08245560401678007	0.01725822639593522	0.04035937891187808	0.0161680481052905	0.018451843211638678	0.021112019937421463	0.017301045340169723	0.023328752695224497	0.11410947533199295	0.026818208829098036	0.05345265486753094	0.041040563222768944	0.041427461387452465	0.041130164188289645	0.09990443449281602	0.08085356886379953	0.06745923189278952	0.029252202341695885	0.04306804244628215	0.040164413233010954
GRASO_135	0.04693218869362593	0.020125978361921416	0.10669116445439474	0.016814459972495654	0.040829994836555764	0.015395013690744431	0.015611943368973662	0.020656744441415624	0.016171118031405793	0.023971476043815068	0.0826849668092111	0.020406491854524013	0.0600118934243033	0.03943632986360516	0.0397366140666223	0.03730925848003761	0.10966533328408927	0.10188818601010166	0.07338700583477893	0.026457274304015236	0.03357966328023001	0.051943156523580274
GRASO_136	0.06822034313325033	0.016905692836540035	0.11267473014106154	0.00987449530935378	0.0740834136832596	0.011278976609124115	0.009607677783114686	0.017911294859357836	0.013369638026245299	0.02885526348424315	0.08811990465289933	0.01527374640535833	0.05119228485392419	0.032939274215754655	0.03266105889223314	0.03703630788502234	0.1558257544889161	0.08867227790224948	0.053388918518314274	0.031074540045435438	0.007416584866111657	0.04346033548003846
GRASO_137	0.04392766520845902	0.017750531236558717	0.11486700565127612	0.015451758924109656	0.06618933114567946	0.013973566445311636	0.013671991197843215	0.01744438603191331	0.014902043387173438	0.02415377495023673	0.08136391587807304	0.01786130029033483	0.049641369466070104	0.033234070229844107	0.03445728844651517	0.03550416501285227	0.11429620122938557	0.10249787151100016	0.07398194665669271	0.02605747656104601	0.03543645417945014	0.05322362892585001
GRASO_138	0.053850504784310436	0.01969718182080217	0.0822109487020936	0.0159149425856544	0.09001552372117538	0.017125077855239815	0.015182406798715	0.02104940440708118	0.0165856059505334	0.020976328638070342	0.0980625749975842	0.027854608792226256	0.051127730508328736	0.038097021412403544	0.03954199915517673	0.0419788073317911	0.12679056356257662	0.0730865579141646	0.05557781221789424	0.028730796086304595	0.03273960229134381	0.03370583080464791
GRASO_139	0.051789183177650966	0.020871458846835358	0.08679587545020674	0.017406585284947797	0.051291097769709776	0.01795066084111342	0.015664022602947584	0.022772707711327504	0.018163324934416133	0.02083886232072541	0.09159577443324958	0.02864173644276491	0.056522214905709606	0.04017061941568911	0.0408467351079412	0.041577111106651056	0.11829821928364898	0.09769316038751541	0.06173330212189063	0.029330640623602206	0.031162944607992987	0.03858706565406311
GRASO_140	0.04925031899061155	0.017958595829957343	0.1225901183459934	0.013344755318939834	0.05683067814659388	0.013927556544067902	0.012987807343335777	0.02154414096784617	0.016191746716154767	0.020988538948521464	0.08787129525411577	0.021114399567144355	0.050665171856674164	0.03253427405002034	0.034147821299745466	0.034703009834666045	0.13539134337321201	0.0995348734107916	0.05924218978637651	0.023787384625118955	0.03446362253464588	0.040850685870280845
GRASO_141	0.04584236632049417	0.016680982186144996	0.12629837111588338	0.012421485197113178	0.09235455661763464	0.014281824100853015	0.012228731114817879	0.01972011639882264	0.01463065092281725	0.023554166464110828	0.07732072958623977	0.020953390818945556	0.04721321937993353	0.031137738996266987	0.03266753273818681	0.03341843806098599	0.14570393437967452	0.08990385817737183	0.05589716137747789	0.02413508421359999	0.021074304704147326	0.04247301740854269
GRASO_142	0.04573724495929548	0.019768249309990115	0.08824085617578797	0.015746679582121934	0.0774650587427341	0.015558273563912053	0.014331674285015668	0.02154875475734906	0.017052680534092403	0.021439034316415133	0.10965832265774077	0.026374937006327048	0.05150372167730366	0.03630958889534953	0.036488503609929945	0.04344680648036597	0.13330499535927443	0.08017278687650313	0.06064214786210631	0.02513260789430562	0.020910179363670234	0.03907261418939455
GRASO_143	0.022010982253963682	0.005922447725647265	0.04895186390095192	0.0026846873066575755	0.43948985038075256	0.003435262767830937	0.0032892635973129497	0.0049890154791846966	0.003620603032201076	0.008264097714642977	0.12206773168513672	0.0059683108533474735	0.017627115580861115	0.010419803977061968	0.010585585876582896	0.07341130895447627	0.11788155304155436	0.049283814534741587	0.02057888907079578	0.010642667211969558	0.0012639361182954275	0.01757196068251854
GRASO_144	0.008405990195071567	0.0026593839101983915	0.012197275217235157	0.0024218474453536446	0.4724411533498279	0.0025391726602238297	0.002232074397493541	0.0024262275372162346	0.0025481462806287553	0.014077670925498656	0.16024434305336036	0.004379460832406578	0.011806648973879499	0.005077584372285091	0.005611491586739038	0.07516541087484196	0.1096381072520615	0.011863859283906762	0.01471064059892114	0.009328834719154496	0.062233523725347566	0.0064595497542104955
GRASO_145	0.047678524076899695	0.01767926360461642	0.08894169487985028	0.015719400535378944	0.09677344164171914	0.017248509723276493	0.015216130452016793	0.02161139009005045	0.015844920044430347	0.028255212955938743	0.09498679830698127	0.020184573830839003	0.05329046201959716	0.03814139186146309	0.036254485134736406	0.03897158240576909	0.09884764954204835	0.08885834021829715	0.06276019160965994	0.0271651011139482	0.026977943597310698	0.048312794029702115
GRASO_146	0.028098636678403694	0.01437809272613908	0.06781387323339443	0.009398603490098557	0.15964668408347715	0.009052002696404552	0.008984753621629716	0.012256006281092123	0.009756364898657438	0.01860603940722397	0.10211006559648839	0.01760003483334919	0.045035415026166696	0.023098803527047837	0.021470281259929253	0.05528045177842818	0.11326233293298492	0.061338688335640844	0.04689413134508729	0.0149006439256891	0.1267260604352493	0.03391645626444497
GRASO_147	0.04374241408716243	0.01988120738400841	0.09222579982388493	0.01610583461298972	0.06979740472300805	0.014352865949933211	0.015652135312461166	0.01946491990307136	0.014551587317233959	0.021758592098264577	0.0804240645485505	0.02226799261856099	0.06394287146655685	0.037867184930511666	0.03697161520264554	0.03913972363124341	0.1004935157689894	0.08969777154950889	0.06695094096094618	0.024687284114965468	0.06287283048700841	0.04687556604814248
GRASO_148	0.04190390155697768	0.01789497073546511	0.09735931348377892	0.015708656190293522	0.06780507314462453	0.014580063801909914	0.015957748725448848	0.019018762147151414	0.01463438182896194	0.025742418361100913	0.08346038825079861	0.021434518718205654	0.05454973000297954	0.03492682634631424	0.03392843253818971	0.037090950330588415	0.10133502461693823	0.0892945797936074	0.06736671885077122	0.02369604391285909	0.05252578337320447	0.06952805156952371
GRASO_149	0.04872025287607989	0.021274906962273667	0.08793783657524182	0.016217847814063456	0.06804928433332727	0.01551380072753261	0.01583477099690777	0.019705495677457746	0.015553670797349964	0.02583344977410634	0.09483019391289274	0.025047868935043856	0.05987868607439379	0.03798984486631468	0.035884986107279575	0.0382894862690721	0.10457093818963606	0.07535767342389076	0.062382828996038794	0.025843822475197033	0.06427859138892067	0.04071140392477942
GRASO_150	0.040243701452501605	0.018903857077191954	0.10943710487848991	0.014723680998862133	0.059544731375870574	0.01382858023654061	0.014209596429433202	0.01911802280031715	0.015122488909436712	0.02380263010177389	0.08817876430645552	0.022646297779572385	0.05397529558107588	0.034492736558969284	0.033181054643695126	0.03800968617691709	0.10519101815339947	0.08638143131449653	0.06631255852225725	0.02292648500128177	0.07162031011222574	0.04804303253010502
GRASO_151	0.043277947466242486	0.018248085543972944	0.09499047093081919	0.013855289922474388	0.05594286073364627	0.012944376701387076	0.013770884412345653	0.017881208861165062	0.013576878522653782	0.024743681654786076	0.08904591143175254	0.02420370488936519	0.05551422425044218	0.03224098962749615	0.031046957828091117	0.03860170956360692	0.10775681108159915	0.08417364449680458	0.06274121339381379	0.022204219549872617	0.10221616526291366	0.04078396560743866
GRASO_152	0.04959440749590051	0.022673432546671875	0.07884333312665809	0.019205776235403572	0.04520093291955346	0.017988558671099213	0.01643540180137178	0.02428396475719401	0.019764183047636497	0.02196226897603944	0.09569454628841943	0.03030450401308246	0.057510495472864714	0.04305489752828078	0.04353850131261642	0.04407442303688644	0.08195662259143754	0.08066096299585825	0.07002102867277722	0.03183721038139999	0.049642260971627154	0.0553968739519336
GRASO_153	0.0458754954394849	0.014596409076593745	0.13713576296689295	0.01238133708111247	0.09254041211697492	0.012096943382871208	0.011888489345164273	0.015582699376118347	0.012070147814476776	0.026415095871673434	0.08427954987523915	0.018196929035251146	0.042134794436446896	0.029070661330112376	0.028470536903502607	0.03960993998887918	0.12290755219215886	0.10995482180304982	0.06149283644366497	0.020843109435556166	0.013661859339014698	0.04855334332971061
GRASO_154	0.061071263973344884	0.020671115118125347	0.08324655279100114	0.014041155496895287	0.11314087774413563	0.013300704252032516	0.01041507423616582	0.018067718978963993	0.013799867676196979	0.019690261807954784	0.09836281402393963	0.013483814048217383	0.06936314227683503	0.038442911273439656	0.030989480970290275	0.04560762558088946	0.12804343035830779	0.08448113475894589	0.05029298976545882	0.025916961156848075	0.008862586606243119	0.03830131119578306
GRASO_155	0.04413523433362218	0.016505953153133707	0.12632286848923827	0.013177969634713295	0.06748472138486741	0.0135007633108399	0.011593590789994068	0.0179214025212518	0.013259295773623099	0.028823620556609413	0.0811697014055841	0.017552913612448203	0.04865551106944469	0.030886259523299535	0.029310321950311927	0.033327798531799964	0.11824148486367267	0.10667117866628587	0.08291078826364143	0.02196814264048487	0.024188509231806887	0.05230338896112908
GRASO_156	0.03848910635440522	0.015287927021797197	0.14315299926263572	0.010525863956664052	0.05856883189820201	0.010866142642243545	0.012881568759407474	0.0144956506313072	0.010179544377008222	0.027254938187020378	0.0686799753441471	0.013158286733401161	0.05306268827140529	0.028610349724992986	0.0294407850550832	0.029125289043649173	0.142973292044135	0.12130807569232774	0.07308318678849712	0.01863161817467144	0.020840896957955827	0.05934394239403409
GRASO_157	0.04870884706790209	0.021737702439350803	0.08575873300767682	0.01696008013943514	0.07722606645983272	0.015368771467770045	0.015790396577724162	0.019367903122593323	0.015854940674046893	0.021633095918577108	0.0892474789886507	0.021520118887109276	0.062246117645257	0.038000427873986255	0.0359031757004837	0.039760008673506604	0.11620113670872216	0.08459586188140206	0.06618378820373598	0.02774688377903927	0.03527205576941428	0.044786956165226724
GRASO_158	0.04738817882862274	0.01631189735829289	0.11729586198314633	0.015492611267487943	0.033324751177465334	0.014141029786157722	0.016409703488237583	0.02064968567564386	0.016131151479799793	0.0273078699221323	0.09931515223127564	0.018666668270456654	0.0497246627760601	0.032745056275079856	0.03491269120802392	0.036240948821702076	0.13073736368388103	0.09058852996841656	0.07203400796571162	0.02191558342399602	0.03524642361567724	0.053223224129456376
GRASO_159	0.048878270500127316	0.018864860791624808	0.10896745957326728	0.015321985402959192	0.06513623462097928	0.014844133115781774	0.015115747157411884	0.019971468942692697	0.015425271103075316	0.02710913761639166	0.08991793811278284	0.023184381733162715	0.051157118275197144	0.035204509792555114	0.03468103080910706	0.035509059661294494	0.10297348768963223	0.10964990757591739	0.06756968166543004	0.024844274590306126	0.027584526108457158	0.04782880999920244
GRASO_160	0.04915086131298634	0.019561469775619688	0.08485278536940806	0.017379753093496313	0.0646526072408421	0.014689083410461112	0.020079942904156052	0.019840157804838006	0.01561204981494006	0.023435513752005036	0.09965014154024825	0.019560261068316574	0.05574773655538979	0.04094714055054125	0.04134648747477057	0.04301619823547425	0.10222759148559162	0.08237023763870929	0.06326801433377331	0.0282659941103556	0.04409831525516341	0.04997921210352142
GRASO_161	0.04437954668369022	0.019454216882083954	0.09183869249758655	0.016911247397839585	0.0910989385414787	0.014956262926181454	0.016830603287728455	0.01889668659385992	0.014987918436818517	0.020031412220896157	0.08709269786377859	0.018466735496664086	0.0597454865619921	0.03720768533148549	0.038558743917691214	0.04021487182850809	0.11529784485489794	0.07408583314267225	0.06049026989829462	0.02541403241277171	0.04582015956222047	0.047886817157439907
GRASO_162	0.04355555374881808	0.019592911441520564	0.0935985527378667	0.01701819372565789	0.05923112347651584	0.0156385861231044	0.01610257499690353	0.01966894627484278	0.01542039921009282	0.023034606152237812	0.08726492938812425	0.024125680895203217	0.057546383613828744	0.03793047131398717	0.03742627474372237	0.04105090162371691	0.08907504670757081	0.11038692478419114	0.06534922329348905	0.02673911107651832	0.05497216820213458	0.04516279859164658
GRASO_163	0.04188039947688465	0.01895607716962163	0.10297243054628223	0.015683540047768157	0.07768309168939021	0.013972120412202286	0.016919252021897705	0.0174029266485252	0.01363346493661328	0.024126484694500096	0.08261821044057369	0.021035913737098337	0.05894173187588039	0.03643282989644287	0.03573528727033375	0.03748061322257677	0.09394241059676357	0.0820429751692118	0.07864976145734105	0.024775580018423223	0.06156169131162696	0.04347348674673257
GRASO_164	0.046517972982600166	0.019074943875071925	0.09405473922061157	0.015265856573264232	0.05258248587392288	0.01396935045716839	0.015376314411313664	0.018439386775801436	0.014168929730475283	0.024524416975801443	0.0970660688105383	0.0190983979358189	0.05838412948815128	0.03478876501744131	0.033825670161827824	0.03756811117176847	0.10370274890781792	0.1040268904202708	0.06838560825269685	0.02239696984722776	0.05956827986520028	0.04712366311354295
GRASO_165	0.04379855260541683	0.020272887229897642	0.10397087381975219	0.016302265609664267	0.06718806826080335	0.014938512553345109	0.01647226582802596	0.019201153335013564	0.014835909171217758	0.021933475317860423	0.08237107494063077	0.02376438045775125	0.0603751707368564	0.038573954422933855	0.0365187564647513	0.03680685956330627	0.09784387027358617	0.09311542078266737	0.069054699553636	0.024533817110307797	0.049339033853552504	0.048702223731870796
GRASO_166	0.04561671036947569	0.021133941035186284	0.09723685195842141	0.017447546093543514	0.05826734660453939	0.01625247316404908	0.01694558952930209	0.020816473129311366	0.016474207613705147	0.02185691545575617	0.08601259474195551	0.02620339522259854	0.061160865152678996	0.039287075630232315	0.038626922558049136	0.03955508153475659	0.09728964100022165	0.08552775110884712	0.06950909211054804	0.02739058562548932	0.049329977560903654	0.04795643876934377
GRASO_167	0.0390144807663082	0.018998499155463006	0.10754599139165733	0.016657590757568546	0.057715097491800184	0.014920489442529494	0.01273422903606726	0.017684942357696867	0.014053888129439786	0.025140252506588547	0.07885812036525705	0.021868725194474418	0.05282350486741887	0.03559661136511498	0.03443141192071769	0.03934735722478746	0.12236328800200351	0.09538671537403504	0.06978268840136109	0.02527414515926078	0.05161843332487739	0.047896937048775026
GRASO_168	0.03579695114790926	0.014676793963818057	0.1521664819976403	0.011653689816739437	0.0761291098520954	0.01100852478606187	0.010216602160394569	0.012905130820584122	0.010244782801601352	0.027725067436308513	0.08436058534340651	0.01821890390151258	0.03811539148412625	0.026498385382261475	0.025602152323470562	0.03728889954425571	0.13232519618739455	0.11339304582713365	0.06485008956078328	0.019833976349860102	0.02572724299545097	0.05106460642193502
GRASO_169	0.03436210394108865	0.008304284796337609	0.10799592463440576	0.0038646868278106507	0.2687031334413099	0.007270862615413108	0.005454607501380108	0.007749287869912377	0.004955726484117077	0.025698600196481992	0.09771426584813092	0.01193517858426544	0.025261102878070023	0.01497496400897569	0.015050116167480823	0.05118856474122143	0.15866246946907664	0.06647347499273155	0.03526713810758692	0.015749050113722306	0.00233848015258079	0.030918192071275788
GRASO_170	0.050335755927629955	0.02100644328785387	0.10032874670336303	0.01676659591033618	0.054718808131583016	0.016439919883129064	0.01490179665861407	0.02069269083553293	0.016572785849655495	0.02441658263680831	0.09231450393641927	0.028881111446026925	0.05581198283737639	0.03896835370819619	0.03847197226560171	0.03926138487808727	0.10268851887322575	0.09865742353229646	0.06665953788723132	0.026441300237093873	0.019836075633639247	0.05573200188178867
GRASO_171	0.0557001069175116	0.024349718452010907	0.08661551075839007	0.019927679412254113	0.048307821072918644	0.017953961869738046	0.02019701586768231	0.02086209256397198	0.01718829019453294	0.025673653984424324	0.09974285086295229	0.02485200594496172	0.06366370162744991	0.04652373264269884	0.044956863126416016	0.04277608146671635	0.09057124153123149	0.09224915765570361	0.06319786204346163	0.03183194455031037	0.018826508875081454	0.04392524513562192
GRASO_172	0.05084201451076203	0.022300340901522924	0.07554450648128314	0.018580365647245797	0.08171624121322404	0.015924475634330974	0.018691707283971386	0.019866075446020683	0.015734335275304233	0.024124886748893275	0.09046214316291014	0.021298039303270067	0.06874707057053249	0.04215295552933861	0.04180673017719327	0.03961390239354018	0.10203912742237381	0.07907799646761915	0.06177945866034005	0.02871454681382685	0.0318636976706281	0.048805675040623185
GRASO_173	0.04745928129979088	0.01972265267721211	0.10772538492934412	0.016828046426180295	0.05725931509805533	0.015360303423675331	0.015860017102853733	0.016729301095994603	0.01344112223674942	0.02700778243236866	0.08499217812368051	0.01968025584820234	0.052885750325534504	0.038399309210720586	0.03621182246819547	0.038619881084073646	0.10708837595980054	0.10379101337848871	0.06893030876973938	0.02712050652534607	0.03843357885206075	0.04618434227943449
GRASO_174	0.056638696099383844	0.025463250908763734	0.059567526101446264	0.02160705020405973	0.07584096549903065	0.01817930606406374	0.023652610385898297	0.02111625991288732	0.018013713969556158	0.023653282282998844	0.1263580681968838	0.027115262634345442	0.062010085847376314	0.05130197013362415	0.04893884694944515	0.054397155749626586	0.07667842415330811	0.07353932089955172	0.055345721751712706	0.03362753365906701	0.012142554941865783	0.03470968502105283
GRASO_175	0.038805891090876454	0.01748658854458214	0.1273369283745463	0.01389645385672987	0.041562954769468134	0.012551009914159068	0.014751719920974925	0.016218070847113877	0.012924552511560028	0.024255742138385154	0.07287129577080435	0.017285231161230683	0.05318451338347577	0.032750574606301194	0.034039596476457594	0.03324440123063482	0.12127267691194202	0.13067198901830684	0.07461730082999539	0.02167609650958109	0.032724944390441026	0.05563122006626621
GRASO_176	0.05485688708857531	0.022169566390712242	0.10133758500041325	0.012537610437903593	0.056448859733007915	0.012654751027378118	0.014078930151865785	0.016393949262654046	0.013184832215671478	0.02766791196189429	0.08510247444570579	0.020581852742230077	0.06731829062030584	0.037915402034566045	0.03417629480347709	0.03735627230979019	0.15118769473417196	0.0957551151587913	0.0580739761023369	0.026089407937134015	0.011243312489066985	0.04367802376472418
GRASO_177	0.04654736816041144	0.02138980016875843	0.10111881972411647	0.017287519880771936	0.048705463175292535	0.01610710738530521	0.017216225527519512	0.01995809642369167	0.016243345771423046	0.028451596577273367	0.09291385891786698	0.0240174453440198	0.05692243088983678	0.04017468824196023	0.040772178680725746	0.03818378275457901	0.11991051171201862	0.09615105480422549	0.06411368845178762	0.026470136524417355	0.012896540153342627	0.05416022829561883
GRASO_178	0.05652007284669269	0.023528957764071032	0.07766731620690216	0.020014855400589542	0.052957980741792886	0.01905907889435601	0.019789758553715585	0.021695062809738288	0.018558364093264727	0.026869351779143104	0.10387470694571406	0.027724333896724518	0.060671937808410646	0.045221896350655426	0.04430529405975157	0.04547848480578582	0.09830690563705098	0.08162449611656604	0.06063432135672717	0.032597744358240324	0.020923615767683628	0.04184507190849413
GRASO_179	0.06522809211930584	0.02041614225289753	0.09012056204848476	0.020899468629828288	0.060895091983684875	0.018724678155862633	0.016562314072738907	0.022517210182580433	0.017418235515922975	0.025818106989430635	0.10994194601607082	0.018944960823190995	0.05561907504829638	0.043185838014780445	0.03962031193510469	0.045775259417194646	0.09283800846277777	0.08494222318235518	0.06007550329156779	0.030467039815655784	0.018806623504767788	0.04060144370816679
GRASO_180	0.049414210089345045	0.01963610560857573	0.13022803394107185	0.015782331218583186	0.04062986552269498	0.01544574680310176	0.014863654091356034	0.018304485298829762	0.01463329180801457	0.02817185552161118	0.09402557661478467	0.02101886514497342	0.05089264670360246	0.03521339410504317	0.03461862732399315	0.03504118679584882	0.1113146360566698	0.10576710876116116	0.06753511428059689	0.025972054320175138	0.022148914884622745	0.04924557495300985
HIGADO_01	0.027048050841830356	0.01763115414902385	0.05054538733306285	0.015252001629470494	0.27788860509286617	0.00952117910091979	0.012896982406062251	0.011325097700096877	0.010329714969267687	0.017814901322092007	0.11558627092811162	0.012660399617997498	0.03413877152505343	0.022349485271413134	0.0475966970756262	0.053221043260050435	0.08915437393248156	0.04942452756456175	0.04913438455878045	0.02243380084902103	0.03134893028611321	0.02266577435867275
HIGADO_02	0.02619245047263974	0.015363359202039408	0.06793429263688971	0.016640332518406985	0.2208798676527093	0.009257311652408092	0.011361396469362453	0.010136637733077623	0.010884298541547547	0.01969833754841153	0.10181658041832227	0.01087253779148366	0.03663541899253766	0.02138856472081863	0.0523983155508211	0.0888039405128136	0.09562321980013629	0.06093461184412276	0.05384345709243255	0.019624110939470373	0.02275111849524038	0.026845473995439323
HIGADO_03	0.023350215070432608	0.016139360826712634	0.042233353303003415	0.016081123295527355	0.31434570375300197	0.00876762483687414	0.012634026158632058	0.009500991932977041	0.008690483134300745	0.016122238358378668	0.12072637194872217	0.01156224117648933	0.034908137881892384	0.02035429648405514	0.041818488276597746	0.060511663745403454	0.09423049973947123	0.04203183966774318	0.04383821477944124	0.02047696220957995	0.022816338319680985	0.01882855470256438
HIGADO_04	0.024943864159188103	0.013726672400647252	0.05490071832437894	0.012996487024208553	0.32770182570811784	0.008919618672425814	0.010102645398585443	0.008985754219625594	0.008856206610653552	0.01725718336030215	0.1013828082181566	0.009275856391982432	0.03204183518293433	0.01902624006845357	0.04195685136888495	0.06197171664752751	0.09545442126255076	0.04881908798017233	0.04216112734004198	0.018897537176886855	0.018143291918489547	0.02235787833552688
HIGADO_05	0.032267613613544806	0.018770262095645664	0.04839849445059996	0.020857564733606018	0.20629180564859725	0.010646909005590696	0.015152765368230256	0.012013972943920101	0.012735092370221794	0.019127132542631282	0.10674426821125509	0.013480813428192946	0.043773191979703675	0.026134996374929022	0.07168882196583987	0.08823378134007143	0.07958680688670325	0.049597887602523434	0.05550012631577629	0.026255792930747562	0.020361030608344138	0.022254514663629345
HIGADO_06	0.02574615787080189	0.01438977210409028	0.038588759528965004	0.01589733161146849	0.30092613128342427	0.008760170005929336	0.01154881523741396	0.008472082462473763	0.009321564235963298	0.014598418035211898	0.11441823221186133	0.010023515771979984	0.036017769373279364	0.02050787492998503	0.05762853939996342	0.08276869678781656	0.09108958675888358	0.03849778914124716	0.0447374494997156	0.02017339395369493	0.019054165204450746	0.01673178349481334
HIGADO_07	0.02139902760300747	0.014186813220324581	0.0447662084451054	0.014569972135874689	0.34374776344529645	0.008451617701351858	0.010487814353490776	0.009472229163698873	0.010302944870243348	0.013834239073938883	0.09548613606519127	0.009982475294802557	0.03281141783966971	0.018868498038407736	0.04933937146938499	0.07275927850658674	0.0833048353943915	0.040885141298305866	0.04348441954344698	0.01816388614626475	0.024891452627833134	0.018699114639969438
HIGADO_08	0.01695747759644649	0.011034924045120893	0.04009596009707815	0.013329972986359339	0.3368270967524191	0.00735446265540904	0.009133931070708725	0.007880400256294112	0.007728999073372337	0.014530268667511276	0.12073924231327879	0.00847389660472931	0.026841873271271684	0.016584611300311042	0.041685034624003095	0.0985001668092166	0.09364777861328973	0.03603777282063454	0.03707817753290647	0.015498927729595213	0.023258650085759017	0.016694607379584073
HIGADO_09	0.021809996574261577	0.01361746694068395	0.06674462076010021	0.013731522403796458	0.24795605965486234	0.007816795395657116	0.010074241048495355	0.008022057618224804	0.008450165222141742	0.02023094429084864	0.11379116723652608	0.008807971533461441	0.03261997214902871	0.01847414852534968	0.043298340444430795	0.0821493640757574	0.13110103483628074	0.04980020704874672	0.043969979498851765	0.018314395654922516	0.016568836186078087	0.022521503325599043
HIGADO_10	0.022132541428937957	0.014743072521433162	0.06736203032932325	0.012489096251059853	0.3145148351062667	0.0072593742805528265	0.009665907733088097	0.007396164244852565	0.006876413047931329	0.017569988713712056	0.11172593877918642	0.009905226836340429	0.03130903809741047	0.016984623210782684	0.030767077682368082	0.05761919256692575	0.10211093973728316	0.05686860302739269	0.04309803127164072	0.016686324820515498	0.018800229808105116	0.02408569800182663
HIGADO_11	0.022392593295497316	0.013849390184741132	0.07111578226839121	0.01236426426074227	0.25466789351183006	0.007323103463349778	0.010598822697772807	0.008045680435267035	0.007782818552372463	0.019378808346669767	0.11802787483193963	0.009267955138409245	0.03040260921391993	0.017771079648621877	0.04625703827778234	0.06595078190055091	0.11397143853281828	0.05593920292736913	0.04562951337392727	0.017494090565482505	0.025597708514810105	0.026064002081229803
HIGADO_12	0.02020968042983778	0.012664256759961598	0.07749867812725651	0.012939997288906595	0.24212037248192578	0.007446309712992746	0.009180624581433237	0.007407042452680913	0.00763705814860499	0.020997754341040745	0.10680332789378863	0.008274520591269707	0.03227702482492069	0.01631417687141626	0.04389435032725489	0.07859698731185892	0.12323277352519557	0.06179056728439075	0.04695482668065097	0.015955107563321146	0.020763835836021444	0.026941776078404586
HIGADO_13	0.020511396250377817	0.01465289755506443	0.0504623162554801	0.014770220562748355	0.33420324861420375	0.0072907250092201555	0.011380314414222055	0.008275054558361502	0.007285473680269977	0.016421052941714753	0.10523439644725932	0.011557516436832926	0.03510851360007543	0.01811548174963882	0.033656157191859645	0.047267515175127485	0.09554975001594462	0.05418346340915582	0.04338408809199635	0.020085414685142102	0.02916682553525427	0.021414720150960975
HIGADO_14	0.025317257676880305	0.017716307051326888	0.09600815613342241	0.013836907364400805	0.19364947725439768	0.008355243435722836	0.011390541064736096	0.009067994722499776	0.008580932791537847	0.0279895212659918	0.0911384499236644	0.010408443400063123	0.04057360137714264	0.019620725981832548	0.03987679769586392	0.04271003807834355	0.1407925220412136	0.07208936061737195	0.05476988134140734	0.01985315057919868	0.022440685733656346	0.033790010736336654
HIGADO_15	0.027721953489211706	0.014426643780285332	0.0904699072732674	0.013633259692102127	0.2507513529052706	0.008048830907846954	0.010895649429194342	0.0077963080667038075	0.008226818654772795	0.023177283600888336	0.08603191666510786	0.01040277772509073	0.03593188903384004	0.017964684388089507	0.040111322135453556	0.04722799781269541	0.11076878628620543	0.07101623024132164	0.05478796849922101	0.019769842919490892	0.019703636012354146	0.031057693276183657
HIGADO_16	0.018615607740030363	0.011156602388964125	0.05475074492924159	0.011547570602719487	0.378912255484919	0.006853810806263396	0.008206682076309256	0.007582616317493742	0.008023271418724713	0.014135932385794586	0.08541645480084975	0.007671451622282036	0.02781080347721531	0.015294209578878604	0.03960155863070781	0.061560982966581676	0.09642268083098972	0.05040509002175336	0.041300935315669876	0.014617773943855675	0.01910699454646423	0.020926370482253293
HIGADO_17	0.024229970712279298	0.015631259870686583	0.06060525262405244	0.014916425616545624	0.2644251053601582	0.008878698214719654	0.011133679094043142	0.00952310347961017	0.009887337709337043	0.01860309528655475	0.09322192336567553	0.010205688840836178	0.03622426850300758	0.020128332875816796	0.058688717663773086	0.07035281271981038	0.10449886965199512	0.05069037641285938	0.04599829753934897	0.022341471221719977	0.02767228344428159	0.022019803369910995
HIGADO_18	0.017999809785485058	0.010647000884415725	0.04913153370363789	0.010485568086955723	0.3965190391307856	0.00711393403938089	0.008140390323793828	0.007496033720020137	0.007462197755310823	0.012024195139677963	0.09111897706434771	0.008616166282562674	0.025779840035965375	0.014486360750822313	0.03577680269419997	0.06687720014835942	0.08856223288268152	0.041172313823384495	0.03606957542800662	0.014334232843657372	0.03227549231187669	0.01782569555041838
HIGADO_19	0.02459269799275474	0.016205726073215295	0.04953867600006754	0.014536679263578262	0.2955384953582795	0.008952404820423423	0.011948872734045757	0.01040565969747965	0.009826571597304826	0.016756766604666757	0.11201871316935619	0.01166163380329022	0.0325167270633284	0.021025695492823574	0.04500197883378584	0.05826118904631164	0.09456965019275887	0.0486611159003118	0.04645939930719814	0.021674510527509242	0.026597660364723937	0.02321819160860974
HIGADO_20	0.022327748169487634	0.01584913482026079	0.07247232132176194	0.014054422251125808	0.2411023927253561	0.00925293890076336	0.012061930952409093	0.010031904883959289	0.008609193697594015	0.02229901602032436	0.11327579749310927	0.011036227844327402	0.03809610987965087	0.019724645127049755	0.0331825662022592	0.051490648789896	0.11758944422709884	0.06527266784829484	0.05188548093949941	0.018319291917201365	0.024581894891995883	0.027452818489485806
HIGADO_21	0.022819267032271166	0.015777710106241342	0.07068465614623302	0.014355538621678848	0.2346901522081814	0.009031696392679877	0.010508370651489782	0.010718047320224293	0.011026763864194603	0.02249672602959147	0.09078958632380638	0.009700006504418103	0.03721784858934661	0.019779106122974077	0.048049185189693575	0.07466573699409386	0.10829069306870975	0.06763476945264807	0.05373264840234288	0.018786287918992648	0.01918668317376947	0.029945580158796902
HIGADO_22	0.023607253702701635	0.014345993980543837	0.05083119458052425	0.012775643537751619	0.330930588849071	0.008955427810718643	0.011316760875196296	0.008785224425023877	0.008543935519331917	0.016975570129271506	0.11243531272813802	0.011015437662715944	0.03256130930069369	0.01853295806255717	0.043862877820702716	0.050499339634877224	0.09586138436318022	0.0456528558111457	0.043493336032671796	0.017800269977953198	0.020949473681682765	0.020245920613720183
HIGADO_23	0.022514411186317175	0.015925215529179505	0.06303631718729368	0.014198057855353812	0.292905723241868	0.008624191082155192	0.011617287763107926	0.009618330001321796	0.009014115880204692	0.019598305088220188	0.10470835920779793	0.012031766192171145	0.034043756631703	0.02001370088080375	0.03357988780372335	0.05157033777766513	0.10165071864162971	0.052054139442630085	0.04748100301537389	0.020073227580346235	0.029139757761441835	0.02656807070059494
HIGADO_24	0.021422539563405084	0.014610092972083249	0.10001742437114666	0.013070307497771856	0.22541410988429614	0.008306328891408343	0.011113840037127202	0.00960635571777482	0.008682923270640387	0.025918409845694945	0.09028994174947386	0.009787677139480398	0.034521478292308325	0.01834292977960952	0.03573536870545078	0.041916190337900276	0.11271808898561393	0.08476707532304092	0.05773792128310479	0.01709948579998218	0.02187327999626561	0.037017900286480276
HIGADO_25	0.028721882576727826	0.01858978058775055	0.045255491008234255	0.020917557915352065	0.2063783056462261	0.010854798557597243	0.014700606141393966	0.011326417147656595	0.012158655433392711	0.017862839198397915	0.10699916453058206	0.013516364512513066	0.04279371672765376	0.026094243509906682	0.05908749278776448	0.09647682413409933	0.08164919014839196	0.050295645428476955	0.058576720478111265	0.025076690289199635	0.030526026421411483	0.022016586351912996
HIGADO_26	0.031692618476877835	0.019120269671398047	0.05742443210567609	0.018506799318594027	0.18104731550373837	0.011506617655589793	0.01585244305461561	0.013063409040153602	0.012330745217847307	0.0214502102834127	0.11829291880537751	0.014225639648881284	0.04126256963683793	0.025913986860056908	0.06402719128475454	0.061076703692954426	0.09333543014456307	0.0596444298859667	0.05900254210631876	0.02739632946672203	0.02675226767627728	0.026937635372380208
HIGADO_27	0.03224095917457272	0.019671425308082344	0.05611545206996853	0.021556647705932803	0.1642054966631842	0.012248673036003693	0.01652175686776205	0.012920967437423323	0.013052563846274208	0.02039607492378911	0.09374994818009041	0.015083421320521182	0.046587269952001444	0.028278738452491594	0.08163485177783222	0.07763584395100138	0.08272891798241744	0.058631271450725796	0.059671984278881866	0.03247111604525197	0.02886350047381308	0.025597127559825048
HIGADO_28	0.03154370213480481	0.021242239181042934	0.061430903236991394	0.021073306758267844	0.1906768211642739	0.011346198751632973	0.01716974201911528	0.012002127493495694	0.011293141381861101	0.021484845405936405	0.116958065539511	0.016163741668916255	0.04370739721924847	0.027780324038839115	0.05220093412061092	0.049918830124241656	0.08350898712079494	0.060805835434030564	0.0609180917807381	0.027384152151003618	0.03490433351036962	0.026454654309956922
HIGADO_29	0.027369690802204936	0.016069246208914634	0.07082046401973668	0.016873830678963263	0.23694524919853815	0.01041651590538315	0.012028619114406709	0.010193729554539514	0.010499527959399553	0.020487719906108152	0.09993154429899502	0.011029619501849164	0.036688274649474814	0.021478749409825335	0.05491502139101873	0.05686260273856905	0.09688408793147482	0.06314580433842763	0.05357108657048953	0.02139793805750366	0.024066913385813658	0.028216346344291494
HIGADO_30	0.027809774518948414	0.016472856152482698	0.0776847449486835	0.01844820282989753	0.2109867044406657	0.009653582194210348	0.013975244953054473	0.010232056710271272	0.009251900113035897	0.021148650152175933	0.10459469597529157	0.013506044652225869	0.044525666460127365	0.022974655402106595	0.046337283938385765	0.04557092399892236	0.09878612572442182	0.07294146584273467	0.05870839996852903	0.022684234340077783	0.02462817295896296	0.029048745439291618
HIGADO_31	0.025949675364354354	0.016208288192371884	0.05802968574136728	0.01661506254779941	0.24453154512475087	0.010431860565041503	0.011977813824992925	0.010823253139611112	0.010487424614524144	0.01816137401360643	0.1051549320394994	0.011003999600157981	0.037189542984955526	0.022041965543799474	0.059622880032391926	0.07662925087103022	0.0924341360572037	0.0534184174785578	0.04942105083944067	0.021984821174365676	0.023594050445161382	0.024153083360149607
HIGADO_32	0.02958017343593797	0.01925796852114477	0.0570982028689001	0.020040638876618697	0.2057860879269058	0.011255225164485155	0.014837909469230233	0.012023667263385489	0.013258991467695812	0.019759630809290215	0.10619405761048985	0.0128706437588636	0.04212979796805617	0.02591928021760863	0.0625941924534443	0.07672027061586033	0.08621586497105527	0.053585032432055424	0.057299095622253736	0.025606281821774813	0.023703136261130357	0.02413584265222142
HIGADO_33	0.02484811598464104	0.016899225372554297	0.05653846944073825	0.015966774520897835	0.300961553989544	0.008550606707117058	0.012550978219655912	0.009001608647970893	0.008564970668509838	0.017223893876210192	0.10429244258436195	0.011864003997049124	0.035562771660072774	0.020742419774754904	0.04147943446852541	0.05194388613520858	0.09281861270546767	0.051697715275573757	0.04775357644043218	0.021396070929274418	0.026442449582040957	0.022875162249539168
HIGADO_34	0.026976713836493076	0.01623413531953903	0.03812126560022438	0.016114544051894896	0.3303914119103526	0.009933605644276478	0.011514922794131254	0.010111841047979941	0.009937937469193437	0.014563586231943362	0.09264434652753284	0.011633106675620933	0.036296571173231366	0.02226662190447586	0.04795448988397792	0.07970635527608279	0.07110432885021441	0.04364693780874819	0.04460711330431833	0.02045551697885736	0.02787907683327697	0.017789470658763188
HIGADO_35	0.02638475079641588	0.01416754719921925	0.06470323781658263	0.013351206534488425	0.2847167883376779	0.00841066078856907	0.01043096215004982	0.009770066492565144	0.009312255174947609	0.016568596252018876	0.09573772759249129	0.009456507607898	0.03411668453864459	0.019481901574002883	0.05015717810481594	0.06501584591624998	0.09718912591532655	0.056758328234401266	0.04597957893969191	0.019923499505308234	0.023205759448526018	0.02506427723609536
HIGADO_36	0.025490221871537003	0.016573087051089744	0.07147984591013742	0.017294253928247093	0.26607760622714516	0.008678905128725859	0.013328219657947053	0.00948610176217807	0.008654315051422952	0.017937189981772374	0.09488317852333616	0.01203873930154066	0.03964488689473606	0.02066904670961184	0.041446596602608785	0.04337131351982054	0.0960787165451359	0.06800848273853284	0.0527424485023265	0.02108595577297736	0.026010562681200885	0.028992823390911145
HIGADO_37	0.02909950944964059	0.01842989768812894	0.060663732548330705	0.0188965264625303	0.22625536882140412	0.010895901606742663	0.015068988100849707	0.01127456997777723	0.010527870701978902	0.016832328251697032	0.11216229196628245	0.01456644198515548	0.04226233564134566	0.025100733309206202	0.04929501463700526	0.05557247590778114	0.0846882382192339	0.05660702247804693	0.054480101358525226	0.024922312062193832	0.03689111445025839	0.02545672819635678
HIGADO_38	0.028860921104161746	0.01829659903338746	0.07545293120124684	0.017532359028568582	0.2192442693607945	0.010471392012760105	0.014151405348212829	0.011254056891047914	0.01062523652586777	0.020478112533063267	0.10685385574825203	0.012688080270876595	0.039895236466289064	0.024412448489068147	0.05219412573901182	0.04886390936845025	0.09214961938642711	0.06243971234044383	0.05389744062393703	0.023724155431045252	0.028409840341156567	0.028069457235667256
HIGADO_39	0.02712027193525971	0.015932539465693858	0.06769170133187455	0.016731540138863	0.22442020431640217	0.010773134975057361	0.011751135429350535	0.010055888694037092	0.01037827865552982	0.01845831039631976	0.09615104194512308	0.011349058729946338	0.03853433049405023	0.02207119156714768	0.053223783104252013	0.06891567059064775	0.09920032323671513	0.05999837016334239	0.0527749380351922	0.02055809532417717	0.037418765393152476	0.026374308234275466
HIGADO_40	0.02446492513801181	0.014932270334196335	0.05932890417026251	0.016380451409341426	0.24555285544033642	0.009918183769172112	0.011361926548951384	0.009949690186892417	0.010087094697332913	0.017064770802226452	0.10547408026374068	0.009955333945197098	0.036253384656831186	0.020640100820536706	0.05633749309370191	0.07700362095496409	0.09399387223006078	0.05476434569389461	0.049033958438925496	0.019765756633470775	0.032126664931530616	0.025494810573371142
HIGADO_41	0.020487608730576548	0.013943179554148918	0.049888290545717265	0.012867233132984737	0.3453994368227953	0.00823315424630966	0.010020060171072752	0.00940170959465837	0.008348635782767799	0.014993298089471162	0.10204164666040202	0.010090237728193526	0.02938697261550432	0.01778560346870662	0.03990292409019143	0.052925062969965936	0.09254940093670774	0.04726666264967963	0.043553860449049346	0.017735384289799018	0.0317212101266492	0.021426924917340506
HIGADO_42	0.023647769879618884	0.014982546511931679	0.07983787377321844	0.016089848750543343	0.22512420309286357	0.009457522121949226	0.011307246206730343	0.009976962797883874	0.01029818636284646	0.01893447182278486	0.0878257826805913	0.010712513489581835	0.03621449521307828	0.021011839231680762	0.056239527375254915	0.08176383163104453	0.09450046398894793	0.06467399156536141	0.0540374793224465	0.01980293459217844	0.023585662084040684	0.029854956904898117
HIGADO_43	0.024067756307427888	0.01471126707795131	0.05801776054075198	0.01616090328018791	0.2908555674119054	0.00926869164704373	0.011916702734537215	0.00993979932991658	0.009739624391395488	0.01576424227067214	0.08448288776820839	0.010801980209441222	0.03569103561710615	0.02049931572775037	0.053433791210529005	0.07976439520021797	0.07991433308716797	0.05174733224840063	0.04785711086703738	0.019789531980193342	0.03272660589618698	0.022736252601681575
HIGADO_44	0.021270280603882204	0.014499392884536434	0.05473602115470008	0.014983598498856398	0.304328581968178	0.009199784806789721	0.010930881245861584	0.009446753520871015	0.009038609256601887	0.016943331630585083	0.08964384590558915	0.011540904067052092	0.032739719383234896	0.019410268097717995	0.047898386075295965	0.06048687899058772	0.08190724540330221	0.053319406800159765	0.04893556414593654	0.01822335240478691	0.04586219117899341	0.024554497931197433
HIGADO_45	0.017885339632537942	0.011653973951091016	0.05782869918020724	0.011978264522876932	0.34730029094558956	0.007473539278716529	0.008315360700584449	0.007328252323816946	0.007406305068888627	0.013970987830054927	0.09754073233828768	0.008874229859670546	0.0280178049638891	0.01584642184358283	0.039396802279918916	0.07078720264182878	0.09246576630494853	0.048354239728652555	0.041503496311653815	0.014591903169286581	0.03054138870700672	0.020854872690397593
HIGADO_46	0.02243715152439817	0.015431839949368462	0.08765680944128676	0.01496146612764819	0.2398659354098712	0.009013613666650872	0.011482194245844074	0.009182520547668622	0.008443643403199377	0.020365310340431854	0.0903621780730464	0.010458241509665676	0.035563003668749364	0.019171148099474646	0.04780274599963791	0.05249427211908066	0.10466227317000856	0.06906379109576692	0.05500940340573515	0.0184187381414877	0.027094447586119667	0.030970458863150672
HIGADO_47	0.018142923666927418	0.012173044058480527	0.060123857958758346	0.011462039500767612	0.3624889495840216	0.006931768742803391	0.009602581548929004	0.007766536899249345	0.006954369205793049	0.015457621119088343	0.09596638987784813	0.009161439595420966	0.02786241269290065	0.015693574193600374	0.0309778661950456	0.04763624514176189	0.09863617779980376	0.053690500990064616	0.04073156514779598	0.014493823579725678	0.030073971368376397	0.023949086864428905
HIGADO_48	0.014144399351044853	0.008868462273368054	0.0424004537435745	0.008917421369185876	0.4315560000316136	0.005531911550310985	0.006947622090521219	0.006002093724075721	0.005465723515536318	0.01139549766093257	0.11517983993126703	0.007410192290579041	0.02269325198414313	0.012330581420270263	0.02389233018228707	0.06271576244384595	0.09617145932306963	0.03929888336658783	0.030442730808739684	0.010850303158218381	0.020728127133436313	0.0170287778534416
HIGADO_49	0.02453287317051579	0.016277963567842762	0.08049694260302297	0.013424255153242724	0.23578564966013207	0.00835513979541883	0.0111963921930342	0.009336595132265573	0.00943692382694296	0.024681808091068652	0.0981796869907702	0.010577423964411359	0.03983376921482776	0.019441917248043724	0.038287208296491744	0.04708473817609006	0.12885485406370212	0.06145209559590969	0.05145742696818299	0.018736625508470328	0.02137191036714652	0.0311651873183921
HIGADO_50	0.025424023525213345	0.01626104829885724	0.0867941094829771	0.014185407827086542	0.2311506202000131	0.008590324844450896	0.01167722431525401	0.008465194236102272	0.007970947054042075	0.02370349638133663	0.09891737087517172	0.011229090495624143	0.03705282806107883	0.019890794451911012	0.0319237161876653	0.04569816244765594	0.11898941375583617	0.07328569494005367	0.055702410747879065	0.020179935268760628	0.02200288829300793	0.030876123633174626
HIGADO_51	0.024458520637852536	0.01625021885234581	0.0846767183038555	0.014343742412162871	0.20868484003013674	0.009124127373459776	0.011404185531206649	0.009189545844477289	0.009109307548289815	0.02340774882449328	0.10192062458730788	0.010720641724174767	0.03983555803168759	0.020074492890915015	0.04092073890460071	0.05038436899899194	0.12141417373030199	0.07161817489496201	0.053504255757044115	0.020523262941969312	0.026218531656673105	0.03215946620376002
HIGADO_52	0.023333059095403244	0.01520040388005133	0.04919246716033409	0.012463363628469238	0.3657968083097964	0.008576155144639414	0.009159655603264837	0.007515685115615645	0.00782340356064352	0.016700491881937462	0.09099425472623845	0.008025123934992866	0.03606468004882522	0.01803066545497432	0.04257033882128884	0.05212800913331919	0.09298946071665613	0.04836893783300145	0.041967917902776194	0.017721348557300797	0.014995888932028988	0.020290409921332426
HIGADO_53	0.026283729589286757	0.01670109782373803	0.08147547156067066	0.013519324382401273	0.24056593873733081	0.00834960941513963	0.011095523480950806	0.008241550514533	0.008087020079276412	0.023454636509470352	0.09918084105793976	0.009857786870167475	0.03840952867109983	0.019247603708737158	0.03145446793691434	0.046608885716447036	0.13067265398984715	0.0690580761814746	0.05163539453938665	0.019702890534488246	0.016781055706099654	0.0295872852941701
HIGADO_54	0.03022186901866916	0.01887879872542427	0.06374049281024466	0.017890201884792185	0.2220660936504249	0.009888742849744682	0.014472338181527036	0.010743343022823412	0.01041323795429296	0.021072613789366867	0.11030377989635073	0.013421271614771359	0.04022182230062183	0.02430738212629442	0.04949807544019543	0.04985977336448753	0.09643857943413203	0.06076802572449623	0.055760191143758214	0.02470760006509023	0.02814141234313364	0.027157648403949512
HIGADO_55	0.020675540856339148	0.012961248266283809	0.06928488862768968	0.013170303525124199	0.27383919663433803	0.007843911699131486	0.00897449094317183	0.00799672325478173	0.008215427217876293	0.02106607902986982	0.09431010415057034	0.008205439111964937	0.0335982427915573	0.01669903023087733	0.03862471668648691	0.08614957919123914	0.11173351448977595	0.05978354934066945	0.04598142538772559	0.01594914651230938	0.0190143798502214	0.025835949109986225
HIGADO_56	0.020164828071874218	0.012748891950414759	0.04815182901751551	0.011009281736184501	0.35675688110473963	0.006609250394147634	0.008410227351392133	0.006838919179705985	0.007471710730346738	0.016275425420380938	0.10473317254290186	0.007620497366039612	0.0303971944507639	0.016279745873860954	0.039280584824408785	0.0693932651858152	0.10472987921609822	0.04364523735870365	0.03817115758513323	0.016350438274952812	0.015366043329029074	0.019503896511020236
HIGADO_57	0.01590855230771903	0.010238574117282786	0.04529000312516259	0.00895568589652716	0.432363288863735	0.0053296116508869595	0.006436622475335757	0.00518446942471932	0.005243307051047476	0.01430827579407545	0.09112224445380476	0.006498334904253237	0.024311348100646172	0.012459202768622512	0.025253355343494426	0.0721374516349769	0.09701289652580813	0.04207442042819791	0.03213277811379905	0.011811676181187288	0.018877507203599632	0.016994884727577958
HIGADO_58	0.026120417005044746	0.01576163578324365	0.03324759303572015	0.013895953989805943	0.3642261857543766	0.007633683554411139	0.010874007714705383	0.008121186954607286	0.008396722526572552	0.015059048330650825	0.09802372131190712	0.010539393053503616	0.03652264775653577	0.019986589902493992	0.042839702381539606	0.06346820216970903	0.0815396382018534	0.0382291922164083	0.040724819532273485	0.020131906055303097	0.027772435615135465	0.016794688313563583
HIGADO_59	0.026891477949325424	0.016246590833830662	0.05206135066441778	0.01619033196382621	0.26065378778557075	0.008875107386431684	0.011489189226045747	0.009074911933129681	0.009531321182988889	0.020845325665783655	0.09282236869433796	0.01109446917163214	0.039220953289615196	0.021363266963406888	0.05862607283630909	0.0801078291516248	0.10177940240543162	0.04844606348462517	0.05052388759128556	0.022126847548187983	0.01990546030398054	0.022031528748884973
HIGADO_60	0.020028708059918066	0.012920257540944577	0.032711422490289806	0.0097195134842303	0.4721857707145899	0.006967539191973579	0.007965853775956443	0.0069046550229956245	0.006711137513403316	0.011929200364773622	0.08636448950090325	0.007388455479672355	0.031761490625053	0.01634550008571894	0.03448609259466002	0.05037365425706511	0.07436461294366302	0.03308581384871924	0.030903592848569052	0.015643416048224366	0.01634329479605234	0.014805780205889319
MUSCULO_100	0.04663931336251402	0.010408504177654666	0.052554615365303856	0.010180713060256119	0.2519249404426419	0.011598037596771575	0.011655278626211407	0.011216548727958499	0.010082736296393786	0.02717534357128511	0.09997924205811257	0.009951790587480018	0.03348072719109301	0.06262474017261166	0.02177621725388164	0.047374881760348986	0.06656584092322985	0.05409777021862721	0.04920830214673572	0.018603223514656538	0.07071302881415695	0.02207181334479755
MUSCULO_101	0.06407626697593713	0.01202357953673054	0.04111858116037366	0.012182953535469656	0.20811274802131124	0.01080822975353272	0.014198499196858552	0.012418136820713632	0.011142160488304274	0.028144991800352435	0.11843635762672221	0.011646188589313862	0.03490426292336925	0.09438807998224247	0.027357965231621085	0.050280453345797296	0.054276749652754544	0.050889105122752507	0.045849883026554294	0.02196588617901554	0.0556859254220663	0.01994474766253333
MUSCULO_102	0.052532207738441805	0.01190777672624409	0.05577147303716083	0.011248232027254645	0.20067499693655236	0.012241716749131677	0.01322348767801746	0.013934124452819791	0.011791081871243815	0.027897436465480655	0.10718591354085392	0.011879752238047535	0.03639361944434252	0.06655242718513817	0.02635423423847538	0.04722779796614769	0.06193921427587367	0.05762435693561083	0.053033879307778524	0.02032343083981388	0.07547869744283468	0.024756146106721517
MUSCULO_103	0.041901182272787954	0.009248234349286654	0.04840986841257838	0.00796659924354432	0.3135410439463825	0.008228010707685168	0.009465930787071176	0.008974501198868123	0.007963044526919639	0.025992786920799614	0.10940139670407872	0.00782760582945568	0.027162548304455088	0.05883970654416341	0.019770674845976426	0.05194104003220014	0.08173451798591753	0.04456578187839414	0.03782184539119507	0.015450256284084965	0.04419287612821064	0.0194937464446593
MUSCULO_104	0.05673034058508562	0.012794488054679214	0.06103194094404085	0.012092328877662623	0.17303307131079596	0.01534647021869873	0.013065132119208333	0.013604547103787038	0.011624920266905201	0.03132692390542929	0.10709502747135131	0.011137784575998476	0.04125553465677572	0.09610928822652925	0.027208064821869108	0.042010918137291804	0.06619822529516918	0.06501402673024423	0.052498249073978966	0.02213722646331945	0.04063047815657878	0.02790943086563761
MUSCULO_105	0.05128610692176269	0.0110559609145591	0.06137385382140405	0.010445110568340925	0.2582660949929045	0.009961931312454443	0.01157211823053981	0.01022453958106294	0.009449796852031327	0.030059306870095507	0.11972732274222533	0.008886924515699645	0.033583078859133135	0.05434382017972871	0.022307950279002186	0.04334174681868529	0.07239906639813534	0.05986102624479781	0.048907507814786734	0.019903124648584857	0.029202844040376496	0.0237367188854108
MUSCULO_106	0.03612935920745217	0.009921620302551157	0.04466305415532684	0.008750994373363985	0.23306839726092612	0.009318382270372889	0.010324584543631232	0.01018659877248265	0.008647986559742533	0.02262316147678572	0.15532077421755672	0.008838412011630489	0.029971875905111432	0.04069562708300551	0.02087926045150456	0.07250819756131863	0.0985894707080956	0.04701727965612943	0.04520969149259758	0.016419016670585408	0.04891684622018197	0.021851847544801767
MUSCULO_107	0.0596311391006429	0.01334978620462192	0.06709034565271667	0.011689150678621259	0.16572553903573486	0.011088437524286754	0.012903788817784641	0.01265899387430536	0.011158911521106986	0.029561454379884503	0.11544522012896284	0.011250331501668917	0.04033336391566869	0.07131734654969858	0.026246969107159374	0.045454125524064505	0.0789808949900003	0.06801344055213417	0.05452527350410398	0.023587859302311682	0.039928604445300234	0.029903784680911975
MUSCULO_108	0.05567051347899917	0.011855826420880726	0.04801613737388225	0.010692548655006674	0.18698545920488796	0.01056464981604256	0.012955088406754408	0.01268058812274798	0.01121124458632274	0.02639213113785162	0.11362886112731015	0.01291941962816056	0.03627046941340299	0.07253514334153988	0.02523829868575095	0.050749383342118544	0.07033081282444004	0.05590863713888306	0.048168202501599096	0.020125751633793196	0.08595028710159343	0.021022237995871645
MUSCULO_109	0.0616707340837461	0.012407306318873126	0.047498916415374945	0.01266983342145946	0.18533378144373444	0.011925055445643883	0.014702956314117593	0.012665022468447636	0.011656255237659782	0.030597873403120295	0.1290036296989657	0.012060304541343903	0.036443110563176055	0.08810170901794984	0.027540300516179884	0.05147547565998552	0.05951115859280662	0.05173342764059002	0.048579895107546144	0.023083589294506993	0.05143901618274886	0.019772898963076904
MUSCULO_110	0.049477358906313745	0.011523445130351926	0.04205313331590739	0.01050441309168774	0.2576109848404864	0.009615164611370356	0.012609238890104511	0.010465249795375612	0.009599303668152858	0.027412466244911338	0.14618294894136066	0.009413824609076176	0.03157967495499721	0.049834527401524685	0.024244094200807635	0.06330044901428841	0.08091957874638979	0.046511650208013296	0.041632060754431995	0.01926605949748581	0.02754251830773824	0.0186609846515743
MUSCULO_111	0.05147093811408284	0.0118163968730113	0.048157626022258274	0.009897493080174404	0.2733273916923408	0.00940867506403965	0.011490667190369779	0.010294333908602186	0.009483077640002302	0.025136875749282906	0.11798901499400859	0.009866874652545862	0.03548539635097422	0.05456835676730032	0.023024265195324235	0.04791635606334061	0.07748857619760414	0.050688837415255324	0.045295117959778156	0.019694638174909282	0.03565612405327192	0.021723215672018816
MUSCULO_112	0.06148035184922465	0.013202317678055292	0.06434549185685355	0.012591067586433035	0.1661065862982202	0.010653896152316652	0.013187114908738588	0.013611698978959438	0.01131835593654738	0.02956972141683602	0.12776608391265526	0.011609413131481944	0.040981392727460764	0.07116772576941356	0.027602602996292993	0.0486920539040112	0.07366048611189986	0.06134222181524734	0.05363882692751185	0.02239103371000693	0.03792232040961552	0.027122569382299844
MUSCULO_113	0.07549030016979026	0.017702033139207745	0.059284137723883676	0.017917323471617078	0.05156407844057196	0.0148054727416706	0.01726922861950438	0.017489496150941374	0.014371355088606744	0.027972006792457642	0.13350633229970676	0.016748486523788863	0.054590406065523955	0.09456282094594273	0.03607514096433676	0.04760383766189743	0.0644786603227076	0.06763795329019436	0.061952572969391224	0.03260133137744237	0.0440474489302845	0.03225631617675885
MUSCULO_114	0.05857929023654398	0.011497426047274653	0.04337964966148835	0.0111402895432606	0.1423277636361934	0.009773921408298837	0.011419041446285475	0.011719960315795204	0.009853372967010936	0.02001233734252509	0.10707851578160163	0.017308979201627543	0.03787186672918058	0.07574514993671745	0.027031705035048918	0.057857107024708	0.07874032101483426	0.050436103332795135	0.04967589595521294	0.02315325852475766	0.11482828961875706	0.030394259090484398
MUSCULO_115	0.06515707211345068	0.013841472187453541	0.06471167775592347	0.013777270242503168	0.09174072691404683	0.011917461385025085	0.013583041537793864	0.014911261931164778	0.012082281261182824	0.025205261944693746	0.10838541102485566	0.01577074594166508	0.04388822509635676	0.0903742856604645	0.028642758143462364	0.04547797020902351	0.07379685206321815	0.06794566304107429	0.06127178516988763	0.024322435908850044	0.08164982830491911	0.031494246653346596
MUSCULO_116	0.04578926203282244	0.010006882965914505	0.0730226309942523	0.008780324197086386	0.1990942825415241	0.008405809541388047	0.010024569242115668	0.010917707270424019	0.009075504135875524	0.022572524346460877	0.1091669695040996	0.011588446240656365	0.030947433988093104	0.04697328897783775	0.020592153328042182	0.05367252044064695	0.08794088766686163	0.06386926032186253	0.051634542261576453	0.016404562284302825	0.08263871309720064	0.026759797536712666
MUSCULO_117	0.06038643117403861	0.014290839927074412	0.048920928836621004	0.01313369194800362	0.12996672484725744	0.010992905801172521	0.014589458760383003	0.014727902693722275	0.012374745736642987	0.025729750423747352	0.13144936943415292	0.015743253516134086	0.04306183393190102	0.05811362160673621	0.02861679772007848	0.056291157729464386	0.07218078334260063	0.054867207547653396	0.059165052072308905	0.023900450129940003	0.08645428528553359	0.025004700361292917
MUSCULO_118	0.057540804128596086	0.011736360391951039	0.05994630859467607	0.011114954155060495	0.19749741416281943	0.010374312206753902	0.012865212779865978	0.012347297552594576	0.010500894350010474	0.030317458713094145	0.12380918571870085	0.010451425088623524	0.03459076471342794	0.07966235667781205	0.025945345669750937	0.051092707778909875	0.07178704748465652	0.06004680843965321	0.04953707207548122	0.021356455364715417	0.03318541038080402	0.024166276541552987
MUSCULO_119	0.03957947083294822	0.009292992314771266	0.03235207969825909	0.008277450119933222	0.25204102430446923	0.007249729023144681	0.009432559560660074	0.008899197916825556	0.00796929419594674	0.017085425090685665	0.16076376329911957	0.010287830376293465	0.028961948669463132	0.04244423076577475	0.018611619732916383	0.08337478739461666	0.09526917831369468	0.040124491547552425	0.037036857709031805	0.01491698645071909	0.059895156585850394	0.016109107871519892
MUSCULO_120	0.06492156491784024	0.013945225510714863	0.07024890328836125	0.014199725674285511	0.14753579832330233	0.011526114152605503	0.014535656430691372	0.014160389889363178	0.012521471111058557	0.03312165714803735	0.12911315147430363	0.011956068471067702	0.041205870412631594	0.06984111969035879	0.02913622873088884	0.04312788465707315	0.0710740482356048	0.06945461998399767	0.05769266848762184	0.027060852222787164	0.022537591688246168	0.031045945615715394
MUSCULO_61	0.047087235910488724	0.010493699897989036	0.06523554909481173	0.009757668125695965	0.2473121422811232	0.008850148337134073	0.011124094618388237	0.010703802546637175	0.009167623526771779	0.028492413922262736	0.11214399708802285	0.009328817923341733	0.03215474063326978	0.05406524707925049	0.02164485729946334	0.04864643185448583	0.09015402693507278	0.05660373613272352	0.045353905329351844	0.017624087009353234	0.040917116609388834	0.023113970512586793
MUSCULO_62	0.07575536601251015	0.014218064479899399	0.0712006962974988	0.013788117810457686	0.0707036982737279	0.011566274117474153	0.01436258938697057	0.014986941041724985	0.012775451943705076	0.03684157000988408	0.12327944151618853	0.012590590311966032	0.044784558398721266	0.10554167105901299	0.02950674224972651	0.04311741227337014	0.07315423316799183	0.07160502125970734	0.05958535334317309	0.026156191369500308	0.044991255944540294	0.029448490611030168
MUSCULO_63	0.053909112424025456	0.011748005690552826	0.07967198577486233	0.010545778219142609	0.16063801135724384	0.009872211222122182	0.011899679975445686	0.011495644568391038	0.009920076766509026	0.033859267418334366	0.12393887082047972	0.009960606929863267	0.03551480397236644	0.06371310023624621	0.023660238773420373	0.047175800254867374	0.08877055444444788	0.06900093845939512	0.053507249250342066	0.019255724514438438	0.041670454885207125	0.030138897513843976
MUSCULO_64	0.05095291356432373	0.010559366881074459	0.07874527319570558	0.009414771931798111	0.1729286452566092	0.010388162764314314	0.010944611619150873	0.011331878453094532	0.009413583507034029	0.033538907758531744	0.10117897235278783	0.009085684698245384	0.03415949607526269	0.0711761426602115	0.020990667690556682	0.04669402491424318	0.10011589979479098	0.06985589143573046	0.04929351784000287	0.017968326138663025	0.05221035565313883	0.02894190339422804
MUSCULO_65	0.05684329873453011	0.012243648182665915	0.09702452460808109	0.010835370090603369	0.09672550469118289	0.01050592677470545	0.012097558464827633	0.01246416998988087	0.010897843296725438	0.034432901624025916	0.10325486360606635	0.010521281980804365	0.037832979557676304	0.08489118516455567	0.025490000890697626	0.047509653449740785	0.0880458189782885	0.07550889114268661	0.05591490670970844	0.020684012723869098	0.06342809903218193	0.03269807426581307
MUSCULO_66	0.05524217474359073	0.015390531586635933	0.062323910019312305	0.015570901621121817	0.0768548281320782	0.01893097451428236	0.016392642660014552	0.016949364525144985	0.014700099229880291	0.032245229669517456	0.10531468888688023	0.014901704775084307	0.05139752214102219	0.10105153562618659	0.03205337781406398	0.04895113272557399	0.06490400992638572	0.06602811534754506	0.06434099063393887	0.02737383280113726	0.06731771130050779	0.03157790740649507
MUSCULO_67	0.052887078762399	0.011383470563658437	0.06953234638973324	0.010667714168995125	0.1613346011296481	0.009854572792232912	0.011749521313996121	0.012006619436166831	0.009711359583263938	0.026852554094227876	0.10521941922454305	0.012110706132909379	0.03464257853668614	0.0742795269695355	0.022940300993247193	0.047768428554081845	0.07440343127789754	0.063461543991006	0.05397202664495577	0.01911262662757112	0.08892376877005399	0.02705515378444499
MUSCULO_68	0.05720570512198243	0.01258805674831958	0.06979296449364035	0.012500705421127281	0.1450802400134618	0.011275754816039289	0.01386992975831822	0.012949705647119262	0.01105166625228802	0.032210981954954594	0.11810879438037737	0.011803103729495267	0.036228217019999696	0.07991463234016727	0.02555540756930631	0.04619236439310916	0.0729333681709769	0.06968984568600964	0.05822027689753396	0.02126390065448162	0.05144715375886188	0.029976758270840866
MUSCULO_69	0.04578092920651697	0.011897643504769012	0.06331823096289424	0.01188310311421114	0.1544624694748113	0.01599989779472483	0.012716031367176752	0.014324049430666659	0.01212780421684748	0.030810466207921074	0.09524621939281963	0.012269181552733262	0.03784354127160612	0.08604729723096033	0.02568812274038292	0.04708991233188419	0.06916510842147855	0.062259044290700734	0.055598004382349436	0.020702831774615894	0.08434674263063802	0.030268668885903096
MUSCULO_70	0.050266044733994056	0.012294522918656844	0.06390070437126867	0.010635169914811827	0.17603749752227513	0.0099100613005735	0.011706101544305762	0.011726819547332696	0.009701484309519143	0.02789685555088063	0.09931473485652063	0.01237492338476033	0.03926676236349517	0.06722226877564189	0.02312099049419766	0.04669702484533441	0.07813369305861577	0.0643052642146079	0.05423857137247808	0.018973005581116236	0.08416783293191486	0.028078739845089084
MUSCULO_71	0.05881477135701498	0.014590633167059575	0.07121367257814049	0.013798118952123961	0.10298217709497332	0.014538906519650476	0.014685457408254686	0.015215286068145019	0.012778913300847091	0.03352594715901282	0.11653389127554528	0.012493105696038297	0.044098707029279524	0.07697826179299624	0.029258331887609294	0.046907058751793566	0.07532865848394012	0.07139745711801337	0.06180733668836659	0.024751200785253415	0.05664933180375015	0.031497976534599716
MUSCULO_72	0.050851432415037326	0.011033203260697781	0.06997197241370885	0.010228519118845059	0.17963958860298018	0.01020637801281283	0.0120257356000736	0.01292506151791788	0.010912847262252239	0.027085047042215454	0.10163082225196426	0.011659475897115624	0.03389604827066509	0.0714295290586747	0.02533764041469528	0.045764688906007954	0.07385909552818372	0.06825504416387167	0.0527354725713688	0.018350426521685687	0.07322515748816023	0.028853098342394645
MUSCULO_73	0.05369473047718079	0.009733289904970702	0.040115249703898154	0.009567512908186776	0.2795485293167089	0.008268734466633699	0.01085932569925464	0.009048448539844713	0.0083562575907422	0.025915743765969064	0.1441466089526873	0.008367089999961332	0.02866021005714329	0.07549973948741423	0.02094048677117391	0.05963276926099028	0.07597895704412237	0.041501071352695595	0.0364613272432706	0.018752024734970025	0.018747294125880658	0.016098303866849233
MUSCULO_74	0.04812927135585047	0.013008206356625276	0.046436202826250994	0.014493924929145882	0.12715963055147014	0.023456989834015295	0.015349124885960658	0.015087990344557045	0.013184492314435352	0.033665300357987975	0.10496643521450766	0.01323551963311895	0.04840104106472708	0.10147718716292316	0.029172819412439224	0.05612831383269145	0.05828845241930813	0.05338723369894258	0.05210802358035062	0.025117060697532705	0.08387405132829034	0.02383487846143145
MUSCULO_75	0.06069071009795208	0.014334775785623212	0.05143800586667055	0.014297827910490078	0.10977391921216698	0.01412914999348522	0.01658274971085571	0.014635922702002455	0.013363090137710164	0.035451464456198456	0.12312664221079567	0.014049755530037372	0.041871483771243535	0.07894900247800705	0.03107957453000401	0.05519249679939032	0.05692965548388513	0.060290586344304425	0.058061999186494725	0.02630288803065978	0.085497774270869	0.023915142467203054
MUSCULO_76	0.06837703662641528	0.01617870633968113	0.041100102389508855	0.017339712692088515	0.08311205810373953	0.014591045945554269	0.017865724524345407	0.01783112960904189	0.0159230372316149	0.03543703164584178	0.12830930769108137	0.016697679810305458	0.04673317926699617	0.0785903211186588	0.037280584982857114	0.05623713120757071	0.04981744902367106	0.055240245520934636	0.05860557720273175	0.029976854733264623	0.0889221883256163	0.025789526972605926
MUSCULO_77	0.076718619778984	0.014713074961578716	0.06281678855949767	0.01387884055100533	0.09424119874830159	0.011560228864736635	0.014609002022281358	0.014608902303719274	0.01273485812691157	0.03546878455005805	0.1251384412187164	0.012452089524355643	0.043633219661189784	0.103855231516641	0.031721782020785357	0.04609788580139415	0.0748394234764685	0.06501110659804597	0.05388062041654017	0.025704730744979983	0.03880197720635324	0.027475843206034203
MUSCULO_78	0.053898945336884246	0.00979798098672321	0.05287188436680553	0.01005674258778012	0.2703221098824872	0.009374553864954845	0.011446868342753403	0.01031480205748798	0.009202657439305382	0.029279034449089563	0.11967630780688004	0.008716206169280242	0.02964306335464253	0.05972288384711306	0.021458454453174288	0.051227985287225324	0.07690236122685654	0.05377846169330125	0.040797090526979024	0.01816564705841914	0.029995082670254983	0.02332719275803702
MUSCULO_79	0.06912090838177425	0.012447743539813108	0.05266552893443438	0.01206384482683239	0.18580791578812852	0.010890431180193328	0.013889229191716049	0.011764747810572929	0.010631841691110663	0.03598754901076673	0.13255182974695873	0.010441714059624916	0.038312054206390084	0.08287249789650425	0.02695712292567572	0.04619654366740068	0.07311635702857146	0.05188729437656879	0.04881472047992478	0.02427360266691631	0.02818507695061881	0.02098210356447783
MUSCULO_80	0.05037132736787932	0.010756742283330189	0.05370358226700146	0.010202723887539034	0.24080924757145353	0.01011906607978788	0.01186361557143032	0.011495605142166583	0.010099038560832406	0.026284859756440192	0.10676609318915198	0.009929891857882742	0.032428749430980036	0.07983289495955415	0.024116280003941417	0.04901939354307448	0.06566228086890134	0.05781195121021719	0.044554172359727355	0.019046590150862915	0.05145819221085155	0.02353983078692013
MUSCULO_81	0.05405035498722951	0.012479105121581631	0.06192769453824347	0.010756073338154051	0.20873646850888722	0.010250178736353243	0.01251215191203454	0.012569008317777618	0.010915434517416426	0.030512459963863134	0.12032171169952138	0.010146957285450632	0.03653947786509054	0.05282830060244498	0.025617274727942795	0.05000526857415263	0.07466772995046744	0.06394514137227833	0.04941801118164035	0.021109732325576103	0.0453592282674601	0.02520932603519519
MUSCULO_82	0.0767646886963347	0.014779561782448871	0.05765892923332165	0.015298525545810394	0.07587853800504377	0.012690443801837328	0.016168336022900198	0.013735785610774981	0.012198653742708968	0.03684495154055738	0.14010038470226988	0.012549302502300451	0.04141555059674444	0.1400114493073558	0.030932205441050183	0.051058400483425595	0.05663565031272165	0.06057981450509657	0.053359203419596525	0.02490077683861737	0.032024858288682526	0.024370763635256403
MUSCULO_83	0.05384128948442464	0.012249941188115215	0.07061122936131387	0.00963545896656012	0.1970908836826787	0.009835106906735714	0.010771049900367242	0.011883115043881662	0.009811850574834032	0.03144855099838428	0.114880745333517	0.00930755919604436	0.03826865687666986	0.05655843535295749	0.023994026066016	0.0481936903395156	0.09879075261500818	0.061786985244696876	0.048175999359766866	0.020578070951731493	0.03589830395737682	0.026278857037513717
MUSCULO_84	0.06180152730915234	0.015456007366672428	0.050112381114236666	0.01565244357412371	0.08615109291072197	0.01706618929547194	0.017991237736133446	0.018567178551340085	0.01638363020671321	0.03626089199772934	0.11420386527569262	0.014849326315914731	0.04653640688904697	0.07490077692703519	0.033801520596644326	0.05153030308346683	0.05181028331818188	0.06101717456197453	0.06804404534177116	0.028962488827106694	0.09381959936395935	0.02491608602201062
MUSCULO_85	0.06406776117089498	0.014001251819269483	0.061313415731723934	0.012055779595878795	0.11050767156453528	0.011172668494936953	0.01364050365725664	0.014653639299997691	0.01291104732670175	0.034935985727408546	0.11544106046470917	0.012305170930149411	0.04147523100754932	0.08502502622722236	0.029755187168229676	0.05047426817981395	0.07338353333099529	0.06507734978143787	0.05455315537489782	0.02450279850848795	0.07097408265171198	0.027621988682069713
MUSCULO_86	0.046823270439530405	0.009704340627321483	0.05040360110985461	0.008575521165847515	0.3258259700352725	0.007815272413059413	0.00963420580022858	0.00932382435516346	0.007931055839325988	0.023138266152408465	0.1108334199011723	0.007960418992307972	0.029774962856627504	0.06135241399299531	0.019229570375850245	0.04818573234962078	0.06773495903695012	0.048106453288035214	0.03833676767073603	0.015781613385800725	0.034435053444639666	0.019005144735016122
MUSCULO_87	0.04790480823474648	0.011585376186386618	0.06996055974730096	0.010739056871748663	0.18674255267092832	0.01433662194218029	0.011903915058423465	0.013233545815553579	0.010984562490938772	0.028831786202477047	0.09945985549151662	0.010406832875409786	0.038202376567258625	0.06727781615174397	0.0244977195822204	0.046082359925290244	0.07816480707411323	0.06902690974570207	0.05050005275814419	0.01946577285354145	0.0623587487369388	0.02830103605728691
MUSCULO_88	0.0557405071446973	0.01105285736936123	0.04860942285921855	0.009512930908037426	0.28092816805690735	0.008624067361316429	0.010380586820289727	0.00948341217357424	0.008613222808771895	0.023095079545652684	0.10443393516358429	0.00939304472356519	0.03388068632994973	0.06899417818335793	0.02082961125018925	0.042612729209677326	0.07374597222600043	0.05202997356370923	0.04435744117486535	0.018264587983752016	0.04368138764234808	0.021620300644699476
MUSCULO_89	0.06459529545823724	0.014312744478915167	0.03203104696575964	0.015193909054065546	0.05460642437519537	0.013113549468570082	0.016736827852786424	0.016829089046316293	0.014335831260034407	0.02675225159848032	0.10325310791468993	0.0192524849726108	0.045575797926847156	0.09589658817762603	0.032602144040146025	0.05557486614894417	0.0448764918793966	0.0463447939723909	0.07065614837501857	0.026411420818656686	0.1689707188292722	0.02188833084377058
MUSCULO_90	0.07084274064816144	0.012793062489025944	0.06197261970891534	0.012190593454557959	0.13598240217795923	0.011204665447189753	0.01381866196540377	0.014435976519907452	0.011959829156253949	0.03282362144368465	0.11876264408471458	0.012051206018546052	0.04034026815145616	0.0948797131618835	0.027151977732397085	0.04645075632809244	0.06795851444818708	0.061395742084047814	0.05096382385973747	0.023224568542229696	0.05480947596683271	0.023855344899482656
MUSCULO_91	0.05769789236740919	0.01372125602668614	0.06337840408338612	0.013892899440199991	0.1627020490341403	0.013056713380724238	0.015309194035801457	0.015818790942926993	0.013749194011615411	0.030970295053803023	0.1258907306339648	0.012816790896384355	0.04033341147803739	0.052355706238072966	0.02968037255318407	0.047883876711377935	0.07118462125867629	0.0633518924550681	0.05874204742235732	0.02479919418293324	0.044483768131531286	0.02814527175419026
MUSCULO_92	0.08000785287439909	0.017398958405465317	0.04742341317254703	0.01701903591685369	0.051118502264627774	0.014314334117174919	0.0174725083818256	0.016746249512688546	0.015982015539206963	0.031330352599101004	0.12737216889810837	0.015910745783559017	0.050520055766997925	0.13042435576092706	0.035833222736913944	0.04778435668124471	0.05482111779951089	0.05408676671852254	0.061586635520109	0.03106850439654842	0.054896639395284094	0.026831014231714693
MUSCULO_93	0.05886975042508304	0.011887598655450651	0.07366254177428888	0.01148299117528043	0.11102321036705175	0.01041709388129452	0.013138175644993914	0.013455469934655915	0.012119501259677238	0.033128976401027764	0.11110955511900326	0.011181530087418335	0.03747794189036624	0.10835071962363342	0.026286235512082333	0.04813316405232323	0.07615179779396461	0.06749492553568333	0.05371264601824489	0.021359481133371945	0.061196170418869045	0.028213643448470122
MUSCULO_94	0.05248856139474843	0.011874239388766967	0.07305886844572342	0.010054103243695536	0.19445222079928812	0.009022552312303353	0.01094157719328589	0.011332782192535397	0.00925263878288624	0.026398481961522644	0.10190616439831851	0.010418236236063737	0.036849573071722104	0.06878517601725881	0.021884416723376578	0.04268467377609069	0.08378692307433805	0.06788182050597563	0.05379415882302036	0.01775691654379211	0.05401375425123904	0.03132951069317831
MUSCULO_95	0.052269738251573716	0.011640703790712113	0.06159453384084539	0.01104878570170548	0.17196740430347968	0.01264041287642405	0.013002383927682335	0.014639935332218785	0.011912299399073045	0.02704278841182164	0.10155545744424009	0.012340947269950536	0.03702922922756684	0.07032098481675614	0.025373977767119624	0.046485214555381564	0.06593479721389182	0.06871066466856074	0.055175948134272436	0.020166589850364573	0.08252345547774971	0.0265942874038415
MUSCULO_96	0.06081245821454167	0.01462817309331622	0.07271397846480901	0.01355037704382131	0.1240034628637301	0.012581536723230289	0.014236520531239421	0.015136255356353484	0.012201382579702068	0.029384504274512457	0.11660915842138343	0.012364216612662154	0.046269800502602446	0.09148089233050062	0.029700283700480848	0.042853866746502926	0.0809133200423661	0.071486193758504	0.05697691431298009	0.024936423190555883	0.02250979694006385	0.0345940106347559
MUSCULO_97	0.02730790921912405	0.007794812527922122	0.06385938797181172	0.004949115654778835	0.40102520738524966	0.006933316421197247	0.00565618559306735	0.006921049654556634	0.005441438775693222	0.02116609475832377	0.09243465802793598	0.0042789907570214905	0.027346241357161287	0.023472946466370912	0.0135534624106768	0.04604832022914175	0.11127127329628754	0.04967480825759168	0.03255388786363621	0.01180090692777165	0.01520069497686038	0.021257510514832337
MUSCULO_98	0.07751745230292856	0.0174751980831053	0.05021014365705173	0.016814509337444394	0.06952072507099769	0.014103045803592142	0.01676462483599566	0.01604252320518188	0.013733998999754948	0.03618758105558099	0.13959568988672463	0.013172109579857523	0.05205263795354166	0.12976881250213657	0.03481781205776278	0.04826193916125606	0.06186420059609286	0.06277575866884816	0.05368649774921776	0.029290375343394612	0.020048690413320875	0.026225072005838256
MUSCULO_99	0.05067555630656242	0.012427626473219431	0.0689304998780644	0.011565336744117711	0.19372281808666184	0.011813275330416028	0.01271910730339422	0.011631453700463928	0.010651827390830804	0.028821454373749163	0.11209646557889191	0.010438529737906104	0.0391024061898922	0.05543408563500824	0.024254686471983634	0.04662816750970731	0.07620704922966204	0.06339168414352443	0.056468590996477726	0.02185244530002522	0.05360198576368905	0.02742460386015715
