Sample	total_reads	avg_input_read_length	uniquely_mapped	uniquely_mapped_percent	avg_mapped_read_length	num_splices	num_annotated_splices	num_GTAG_splices	num_GCAG_splices	num_ATAC_splices	num_noncanonical_splices	mismatch_rate	deletion_rate	deletion_length	insertion_rate	insertion_length	multimapped	multimapped_percent	multimapped_toomany	multimapped_toomany_percent	unmapped_mismatches_percent	unmapped_tooshort_percent	unmapped_other_percent	unmapped_mismatches	unmapped_tooshort	unmapped_other
GRASO_121	45980765.0	97.0	35757170.0	77.77	96.53	7380274.0	7361918.0	7273031.0	66369.0	6662.0	34212.0	0.41	0.02	2.03	0.01	1.77	8680659.0	18.88	70124.0	0.15	0.0	2.95	0.25	0	1357749	115063
GRASO_122	55788450.0	97.0	44192135.0	79.21	97.04	9303643.0	9285233.0	9183772.0	76470.0	7405.0	35996.0	0.4	0.02	2.0	0.01	1.8	9960924.0	17.85	123340.0	0.22	0.0	2.52	0.19	0	1406040	106011
GRASO_123	60346845.0	96.0	29986772.0	49.69	96.16	6700469.0	6681442.0	6580763.0	80523.0	5848.0	33335.0	0.42	0.02	1.73	0.01	1.64	24921685.0	41.3	444254.0	0.74	0.0	6.26	2.02	0	3775758	1218376
GRASO_124	30665502.0	93.0	21473432.0	70.02	95.32	4656734.0	4643652.0	4583458.0	41020.0	13554.0	18702.0	0.51	0.03	2.23	0.02	1.77	6394435.0	20.85	34549.0	0.11	0.0	8.93	0.08	0	2738552	24534
GRASO_125	54007260.0	98.0	41793620.0	77.39	97.16	7997794.0	7978230.0	7886506.0	68320.0	7580.0	35388.0	0.4	0.02	1.96	0.02	1.78	10632353.0	19.69	111564.0	0.21	0.0	2.44	0.28	0	1318428	151295
GRASO_126	49989393.0	97.0	32552439.0	65.12	96.6	6632718.0	6614706.0	6503142.0	93313.0	5683.0	30580.0	0.44	0.02	1.96	0.02	1.79	15550194.0	31.11	87631.0	0.18	0.0	3.02	0.58	0	1509269	289860
GRASO_127	61413611.0	97.0	47678234.0	77.63	96.94	11416386.0	11390006.0	11266893.0	87813.0	9400.0	52280.0	0.4	0.02	2.02	0.01	1.74	11635839.0	18.95	199752.0	0.33	0.0	2.7	0.39	0	1660007	239779
GRASO_128	52979709.0	97.0	37414369.0	70.62	96.6	7592304.0	7573288.0	7492177.0	59145.0	7032.0	33950.0	0.41	0.02	1.96	0.01	1.77	13760919.0	25.97	119762.0	0.23	0.0	2.89	0.29	0	1531027	153632
GRASO_129	37260361.0	88.0	10393344.0	27.89	89.96	3192934.0	3171097.0	3096408.0	73860.0	2285.0	20381.0	0.73	0.03	2.58	0.02	1.87	18578860.0	49.86	371812.0	1.0	0.0	18.71	2.54	0	6970109	946236
GRASO_130	47952762.0	97.0	37084180.0	77.33	96.46	9678281.0	9658987.0	9549636.0	74072.0	17151.0	37422.0	0.38	0.02	1.91	0.01	1.72	9263550.0	19.32	56393.0	0.12	0.0	3.07	0.16	0	1471926	76713
GRASO_131	46439104.0	97.0	32985960.0	71.03	96.68	8834648.0	8817125.0	8715024.0	77552.0	6942.0	35130.0	0.39	0.02	1.9	0.01	1.65	11962748.0	25.76	137550.0	0.3	0.0	2.72	0.2	0	1260185	92661
GRASO_132	35157105.0	97.0	26364402.0	74.99	96.66	7157933.0	7142756.0	7068272.0	55371.0	6068.0	28222.0	0.37	0.02	1.95	0.01	1.73	7535936.0	21.44	79000.0	0.22	0.0	3.26	0.09	0	1146125	31642
GRASO_133	42150512.0	97.0	31455943.0	74.63	96.8	8845640.0	8829783.0	8742221.0	63989.0	6828.0	32602.0	0.37	0.02	1.84	0.01	1.69	9601840.0	22.78	66101.0	0.16	0.0	2.26	0.17	0	954806	71822
GRASO_134	30657141.0	94.0	23839951.0	77.76	95.76	5994498.0	5984620.0	5922477.0	44699.0	5993.0	21329.0	0.39	0.02	1.97	0.01	1.73	4867001.0	15.88	36534.0	0.12	0.0	6.17	0.08	0	1889160	24495
GRASO_135	30713532.0	95.0	24139099.0	78.59	96.3	4932681.0	4920975.0	4866304.0	40168.0	5535.0	20674.0	0.43	0.02	2.15	0.02	1.82	5080336.0	16.54	36900.0	0.12	0.0	4.66	0.09	0	1429587	27610
GRASO_136	38936827.0	96.0	25696803.0	66.0	95.91	6562090.0	6547103.0	6481097.0	48721.0	5254.0	27018.0	0.39	0.02	1.88	0.01	1.71	11733215.0	30.13	64635.0	0.17	0.0	3.5	0.2	0	1364219	77955
GRASO_137	31445963.0	85.0	19807673.0	62.99	94.96	3041263.0	3026532.0	2984697.0	39064.0	3989.0	13513.0	0.5	0.03	2.22	0.02	1.88	4881214.0	15.52	39112.0	0.12	0.0	21.25	0.11	0	6683368	34596
GRASO_138	44154961.0	97.0	33901309.0	76.78	96.1	6887062.0	6871298.0	6797148.0	54478.0	5977.0	29459.0	0.39	0.02	2.01	0.01	1.8	8901073.0	20.16	55841.0	0.13	0.0	2.67	0.27	0	1177650	119088
GRASO_139	30531236.0	96.0	23578978.0	77.23	95.89	4150948.0	4135892.0	4094260.0	34018.0	4438.0	18232.0	0.46	0.02	2.16	0.02	1.89	5471237.0	17.92	57557.0	0.19	0.0	4.53	0.13	0	1383754	39710
GRASO_140	53057936.0	97.0	39185155.0	73.85	96.23	8384900.0	8364204.0	8259270.0	83666.0	7641.0	34323.0	0.4	0.02	2.02	0.01	1.8	12390720.0	23.35	71259.0	0.13	0.0	2.45	0.2	0	1304326	106476
GRASO_141	42525766.0	96.0	29715502.0	69.88	95.81	6047470.0	6029878.0	5962804.0	53330.0	5236.0	26100.0	0.44	0.02	2.04	0.01	1.82	11072146.0	26.04	168857.0	0.4	0.0	3.23	0.46	0	1373635	195626
GRASO_142	47528958.0	97.0	36158010.0	76.08	96.13	7965061.0	7947957.0	7866785.0	60977.0	6366.0	30933.0	0.4	0.02	2.05	0.01	1.79	10021132.0	21.08	61953.0	0.13	0.0	2.54	0.17	0	1207075	80788
GRASO_143	37046065.0	93.0	11726146.0	31.65	92.76	3208593.0	3178235.0	3078729.0	90872.0	7834.0	31158.0	0.64	0.03	2.61	0.02	1.48	18968462.0	51.2	186102.0	0.5	0.0	12.85	3.79	0	4761106	1404249
GRASO_144	55609627.0	76.0	13514066.0	24.3	89.31	2136453.0	2092174.0	1920544.0	178534.0	11028.0	26347.0	0.88	0.02	2.02	0.01	1.86	15115041.0	27.18	735075.0	1.32	0.0	43.52	3.67	0	24204318	2041127
GRASO_145	182143733.0	97.0	140576051.0	77.18	97.17	35401459.0	35337372.0	34760668.0	465895.0	33735.0	141161.0	0.41	0.02	2.05	0.01	1.72	35653266.0	19.57	188333.0	0.1	0.0	2.62	0.52	0	4777814	948269
GRASO_146	49529201.0	95.0	35109865.0	70.89	96.69	6318523.0	6303842.0	6208452.0	78937.0	6095.0	25039.0	0.52	0.03	1.99	0.01	1.75	11198727.0	22.61	63646.0	0.13	0.0	6.11	0.26	0	3028107	128856
GRASO_147	32924960.0	95.0	25105227.0	76.25	96.74	6011312.0	5999808.0	5915521.0	66730.0	5791.0	23270.0	0.45	0.02	2.16	0.02	1.72	5590476.0	16.98	32703.0	0.1	0.0	6.53	0.14	0	2150449	46105
GRASO_148	42265295.0	95.0	32175038.0	76.13	97.07	8254482.0	8240916.0	8148239.0	70200.0	6623.0	29420.0	0.42	0.02	2.03	0.01	1.69	7551337.0	17.87	43013.0	0.1	0.0	5.81	0.1	0	2453675	42232
GRASO_149	28549245.0	96.0	22311557.0	78.15	97.11	5200819.0	5191550.0	5130385.0	45937.0	3906.0	20591.0	0.43	0.02	2.07	0.01	1.74	4913723.0	17.21	40846.0	0.14	0.0	4.35	0.14	0	1243111	40008
GRASO_150	62022125.0	97.0	48748258.0	78.6	97.04	11246281.0	11226800.0	11090176.0	104073.0	10434.0	41598.0	0.44	0.02	1.97	0.01	1.75	11151887.0	17.98	70015.0	0.11	0.0	3.14	0.17	0	1946577	105388
GRASO_151	43896285.0	96.0	33561897.0	76.46	96.88	8083939.0	8070564.0	7973103.0	72492.0	7539.0	30805.0	0.46	0.02	2.01	0.01	1.71	8445801.0	19.24	47380.0	0.11	0.0	4.05	0.15	0	1775450	65757
GRASO_152	55664862.0	97.0	45613221.0	81.94	96.52	10654545.0	10635796.0	10515183.0	92489.0	10852.0	36021.0	0.4	0.02	2.12	0.01	1.81	8550599.0	15.36	84334.0	0.15	0.0	2.43	0.11	0	1355355	61353
GRASO_153	47173656.0	97.0	34926973.0	74.04	96.59	7635549.0	7617182.0	7527248.0	72281.0	6421.0	29599.0	0.42	0.02	2.13	0.02	1.81	10759287.0	22.81	80370.0	0.17	0.0	2.72	0.26	0	1284265	122761
GRASO_154	11932823.0	94.0	8357967.0	70.04	96.47	1772341.0	1767608.0	1734725.0	24175.0	6279.0	7162.0	0.4	0.02	1.98	0.01	1.75	2463731.0	20.65	14451.0	0.12	0.0	9.1	0.09	0	1085934	10740
GRASO_155	69688275.0	97.0	52347168.0	75.12	97.03	12444265.0	12418182.0	12277805.0	107499.0	9577.0	49384.0	0.41	0.02	2.05	0.01	1.8	15201511.0	21.81	112833.0	0.16	0.0	2.63	0.28	0	1831748	195015
GRASO_156	27811749.0	88.0	16880306.0	60.69	95.73	4724398.0	4714709.0	4634001.0	63517.0	4297.0	22583.0	0.43	0.02	2.1	0.01	1.74	5765201.0	20.73	33468.0	0.12	0.0	18.36	0.09	0	5107736	25038
GRASO_157	37701549.0	93.0	27885676.0	73.96	96.66	5657400.0	5642805.0	5573931.0	56606.0	5718.0	21145.0	0.45	0.02	2.12	0.02	1.83	6003000.0	15.92	49492.0	0.13	0.0	9.85	0.13	0	3714359	49022
GRASO_158	30773485.0	98.0	23821034.0	77.41	97.45	6070414.0	6059633.0	5996835.0	44930.0	5740.0	22909.0	0.44	0.02	2.07	0.01	1.77	6012310.0	19.54	45585.0	0.15	0.0	2.81	0.1	0	863815	30741
GRASO_159	69519096.0	98.0	54752128.0	78.76	97.32	12891016.0	12868273.0	12714046.0	103383.0	27311.0	46276.0	0.39	0.02	2.04	0.01	1.74	13203348.0	18.99	101883.0	0.15	0.0	1.91	0.19	0	1329485	132252
GRASO_160	49281137.0	97.0	40058291.0	81.29	96.94	10397100.0	10380544.0	10268768.0	81663.0	8946.0	37723.0	0.39	0.02	2.03	0.01	1.73	8083679.0	16.4	49959.0	0.1	0.0	2.08	0.13	0	1025137	64071
GRASO_161	35080212.0	93.0	26691657.0	76.09	95.48	5755630.0	5741445.0	5675052.0	52390.0	6485.0	21703.0	0.48	0.02	2.16	0.02	1.8	5790781.0	16.51	39976.0	0.11	0.0	7.2	0.09	0	2526220	31578
GRASO_162	51895889.0	97.0	41452563.0	79.88	97.09	9512417.0	9494957.0	9382341.0	86270.0	8378.0	35428.0	0.43	0.02	2.08	0.01	1.78	8629942.0	16.63	78075.0	0.15	0.0	3.18	0.17	0	1647249	88060
GRASO_163	36079617.0	95.0	27219536.0	75.44	96.97	6620179.0	6608275.0	6514353.0	64299.0	16125.0	25402.0	0.45	0.02	2.09	0.01	1.74	6429894.0	17.82	56755.0	0.16	0.0	6.45	0.13	0	2326540	46892
GRASO_164	30477057.0	94.0	22831911.0	74.92	96.87	5114277.0	5104257.0	5036264.0	53281.0	4952.0	19780.0	0.44	0.02	2.1	0.01	1.74	5105821.0	16.75	28003.0	0.09	0.0	8.15	0.09	0	2483893	27429
GRASO_165	47651618.0	95.0	36572398.0	76.75	96.72	9156658.0	9141527.0	9021784.0	91709.0	7864.0	35301.0	0.42	0.02	2.08	0.01	1.72	7938592.0	16.66	52125.0	0.11	0.0	6.37	0.11	0	3036075	52428
GRASO_166	36833197.0	95.0	28543542.0	77.49	96.91	6628947.0	6616161.0	6518893.0	69633.0	14870.0	25551.0	0.42	0.02	2.14	0.01	1.78	6019753.0	16.34	53652.0	0.15	0.0	5.91	0.11	0	2175754	40496
GRASO_167	31204861.0	93.0	22473484.0	72.02	95.97	4189862.0	4177283.0	4126528.0	42638.0	4004.0	16692.0	0.47	0.02	2.15	0.02	1.86	5574878.0	17.87	47136.0	0.15	0.0	9.84	0.12	0	3071901	37462
GRASO_168	38887259.0	97.0	28216413.0	72.56	96.79	6921203.0	6908733.0	6847350.0	46086.0	4744.0	23023.0	0.41	0.02	1.98	0.01	1.76	9297424.0	23.91	66786.0	0.17	0.0	3.23	0.13	0	1256082	50554
GRASO_169	38648094.0	93.0	16055279.0	41.54	93.16	4962569.0	4937579.0	4890305.0	44294.0	3687.0	24283.0	0.62	0.03	2.33	0.02	1.9	17117889.0	44.29	152503.0	0.39	0.0	12.02	1.75	0	4646008	676415
GRASO_170	38656728.0	98.0	31050291.0	80.32	97.33	7218562.0	7205239.0	7131548.0	53467.0	6465.0	27082.0	0.37	0.02	2.01	0.01	1.78	6654887.0	17.22	54430.0	0.14	0.0	2.21	0.11	0	854584	42536
GRASO_171	41941579.0	97.0	34564059.0	82.41	97.13	7973594.0	7959608.0	7874496.0	60924.0	6638.0	31536.0	0.39	0.02	2.0	0.01	1.72	5724249.0	13.65	52917.0	0.13	0.0	3.72	0.1	0	1558460	41894
GRASO_172	28700481.0	88.0	20005197.0	69.7	96.28	4877023.0	4868157.0	4800515.0	53166.0	4823.0	18519.0	0.4	0.02	2.02	0.01	1.75	4036215.0	14.06	23718.0	0.08	0.0	16.07	0.08	0	4612390	22961
GRASO_173	22697631.0	93.0	16700804.0	73.58	96.66	3667350.0	3659677.0	3616187.0	33532.0	2748.0	14883.0	0.42	0.02	2.04	0.01	1.72	3552985.0	15.65	28242.0	0.12	0.0	10.55	0.09	0	2395167	20433
GRASO_174	22831958.0	98.0	19451074.0	85.19	97.39	5084768.0	5077659.0	5024350.0	36855.0	4133.0	19430.0	0.36	0.02	1.98	0.01	1.7	2921187.0	12.79	17673.0	0.08	0.0	1.83	0.11	0	416961	25063
GRASO_175	28872588.0	96.0	21997747.0	76.19	96.52	5014519.0	5004632.0	4948723.0	41788.0	4752.0	19256.0	0.43	0.02	2.13	0.01	1.73	5621364.0	19.47	27788.0	0.1	0.0	4.17	0.07	0	1205454	20235
GRASO_176	26970756.0	98.0	19826593.0	73.51	97.14	5250596.0	5241478.0	5187606.0	37537.0	5747.0	19706.0	0.39	0.02	1.93	0.01	1.6	5960419.0	22.1	28700.0	0.11	0.0	4.14	0.14	0	1117262	37782
GRASO_177	21815021.0	98.0	17590013.0	80.63	97.46	4101269.0	4094047.0	4047093.0	35604.0	3772.0	14800.0	0.38	0.02	1.96	0.01	1.71	3726197.0	17.08	24172.0	0.11	0.0	2.08	0.1	0	452867	21772
GRASO_178	36950485.0	98.0	30770148.0	83.27	97.3	6537804.0	6525038.0	6459828.0	49714.0	5253.0	23009.0	0.39	0.02	2.03	0.02	1.8	5358320.0	14.5	49752.0	0.13	0.0	1.99	0.1	0	735315	36950
GRASO_179	50845395.0	97.0	42185529.0	82.97	96.9	6231840.0	6210778.0	6142950.0	55612.0	6270.0	27008.0	0.44	0.03	2.08	0.02	1.81	7048814.0	13.86	72774.0	0.14	0.0	2.9	0.13	0	1472279	65999
GRASO_180	38612006.0	97.0	30499354.0	78.99	97.0	6131881.0	6119101.0	6059411.0	44807.0	5159.0	22504.0	0.41	0.02	2.01	0.01	1.79	6605327.0	17.11	57806.0	0.15	0.0	3.66	0.1	0	1410968	38551
HIGADO_01	27001110.0	97.0	20251650.0	75.0	97.07	7425247.0	7415697.0	7323104.0	60025.0	6660.0	35458.0	0.4	0.01	1.91	0.01	1.61	5619261.0	20.81	57928.0	0.21	0.0	3.16	0.81	0	853495	218776
HIGADO_02	40596991.0	98.0	29935652.0	73.74	97.3	11184575.0	11172172.0	11031795.0	74344.0	25782.0	52654.0	0.41	0.01	1.86	0.01	1.55	9155624.0	22.55	114181.0	0.28	0.0	2.45	0.98	0	993953	397581
HIGADO_03	34964183.0	98.0	25708990.0	73.53	97.55	9947838.0	9939111.0	9834208.0	68122.0	8062.0	37446.0	0.4	0.01	1.88	0.01	1.52	7821361.0	22.37	40342.0	0.12	0.0	2.79	1.19	0	976843	416647
HIGADO_04	32538559.0	97.0	22268060.0	68.44	97.27	8137157.0	8126026.0	8014352.0	71550.0	12457.0	38798.0	0.4	0.01	2.01	0.01	1.52	8477362.0	26.05	202112.0	0.62	0.0	3.67	1.22	0	1194082	396943
HIGADO_05	32131213.0	98.0	25523332.0	79.43	97.69	9948831.0	9938064.0	9813097.0	70738.0	18231.0	46765.0	0.39	0.01	1.88	0.01	1.51	5599699.0	17.43	72263.0	0.22	0.0	2.18	0.74	0	698734	237185
HIGADO_06	35888635.0	97.0	26171170.0	72.92	97.28	10350870.0	10339581.0	10203436.0	82895.0	13262.0	51277.0	0.41	0.01	1.97	0.01	1.51	8105347.0	22.58	100384.0	0.28	0.0	2.98	1.24	0	1067528	444206
HIGADO_07	51119811.0	97.0	36574618.0	71.55	97.36	14219911.0	14202326.0	14030102.0	88682.0	31574.0	69553.0	0.42	0.01	1.92	0.01	1.47	12040611.0	23.55	40378.0	0.08	0.0	3.33	1.49	0	1702448	761756
HIGADO_08	39608928.0	98.0	26856100.0	67.8	97.44	9952586.0	9940896.0	9825292.0	67289.0	14040.0	45965.0	0.43	0.01	1.99	0.01	1.5	10986097.0	27.74	50513.0	0.13	0.0	2.88	1.45	0	1141503	574715
HIGADO_09	30676462.0	97.0	21256593.0	69.29	97.1	7708295.0	7698289.0	7585138.0	77951.0	9172.0	36034.0	0.42	0.01	1.83	0.01	1.49	8365123.0	27.27	76150.0	0.25	0.0	2.62	0.57	0	803737	174859
HIGADO_10	38501096.0	97.0	25748893.0	66.88	96.95	9484815.0	9470423.0	9355765.0	85413.0	4878.0	38759.0	0.42	0.01	1.93	0.01	1.38	10692487.0	27.77	107608.0	0.28	0.0	3.47	1.6	0	1336058	616050
HIGADO_11	44426899.0	98.0	31074281.0	69.94	97.35	11444638.0	11429612.0	11072545.0	307715.0	4428.0	59950.0	0.43	0.01	1.79	0.01	1.41	11802763.0	26.57	75105.0	0.17	0.0	2.64	0.68	0	1172693	302057
HIGADO_12	41688577.0	98.0	28734082.0	68.93	97.45	10891531.0	10882082.0	10718317.0	107561.0	19225.0	46428.0	0.42	0.01	1.84	0.01	1.49	11691536.0	28.04	103848.0	0.25	0.0	2.12	0.66	0	883926	275185
HIGADO_13	58688681.0	98.0	41953803.0	71.49	97.45	16395995.0	16380401.0	16166587.0	156122.0	20354.0	52932.0	0.42	0.01	1.87	0.01	1.5	13754329.0	23.44	98898.0	0.17	0.0	3.46	1.45	0	2030654	850997
HIGADO_14	54877437.0	98.0	39380660.0	71.76	97.45	15847252.0	15830000.0	15620106.0	137539.0	23552.0	66055.0	0.42	0.01	1.86	0.01	1.57	13630643.0	24.84	147924.0	0.27	0.0	2.54	0.59	0	1394330	323880
HIGADO_15	54125423.0	98.0	38150507.0	70.49	97.36	15298968.0	15278649.0	14983735.0	225688.0	23623.0	65922.0	0.42	0.01	1.88	0.01	1.37	13673105.0	25.26	150093.0	0.28	0.0	3.08	0.89	0	1669343	482375
HIGADO_16	33998921.0	98.0	22125361.0	65.08	97.47	8756164.0	8746043.0	8657053.0	51769.0	4751.0	42591.0	0.42	0.01	2.17	0.01	1.36	9608183.0	28.26	84269.0	0.25	0.0	4.09	2.32	0	1391690	789418
HIGADO_17	48762329.0	97.0	35220541.0	72.23	97.23	13381854.0	13359191.0	13180907.0	98852.0	26799.0	75296.0	0.41	0.01	1.98	0.01	1.57	11455595.0	23.49	59452.0	0.12	0.0	2.94	1.22	0	1432360	594381
HIGADO_18	62122436.0	98.0	40672827.0	65.47	97.52	14818650.0	14793936.0	14513374.0	198258.0	29683.0	77335.0	0.42	0.01	2.05	0.01	1.56	17650349.0	28.41	242680.0	0.39	0.0	3.47	2.25	0	2157576	1399004
HIGADO_19	45815288.0	98.0	34097232.0	74.42	97.51	13139154.0	13125887.0	12952306.0	116812.0	16931.0	53105.0	0.39	0.01	1.84	0.01	1.51	9966936.0	21.75	89877.0	0.2	0.0	2.49	1.14	0	1139530	521713
HIGADO_20	31004589.0	98.0	22541888.0	72.71	97.53	8419250.0	8410931.0	8303260.0	78572.0	7260.0	30158.0	0.41	0.01	1.84	0.01	1.48	7368163.0	23.76	132472.0	0.43	0.0	2.55	0.55	0	791377	170689
HIGADO_21	73584095.0	97.0	52930591.0	71.93	97.09	20310831.0	20293709.0	20011213.0	174845.0	40004.0	84769.0	0.42	0.01	1.87	0.01	1.53	17828957.0	24.23	90863.0	0.12	0.0	2.53	1.18	0	1864210	869474
HIGADO_22	21233255.0	97.0	15075900.0	71.0	97.0	6105529.0	6095884.0	6019196.0	55042.0	3576.0	27715.0	0.41	0.01	2.02	0.01	1.56	4853410.0	22.86	89955.0	0.42	0.0	4.39	1.33	0	931716	282274
HIGADO_23	45819837.0	98.0	33196398.0	72.45	97.48	12536636.0	12524033.0	12401006.0	79038.0	10261.0	46331.0	0.42	0.01	1.97	0.01	1.44	10815548.0	23.6	112753.0	0.25	0.0	2.77	0.93	0	1269063	426075
HIGADO_24	48151411.0	98.0	34110481.0	70.84	97.36	13435847.0	13422327.0	13271104.0	90750.0	21474.0	52519.0	0.41	0.01	1.93	0.01	1.51	12260758.0	25.46	49929.0	0.1	0.0	2.64	0.96	0	1268845	461398
HIGADO_25	19526714.0	98.0	15562784.0	79.7	97.55	5895340.0	5890411.0	5813590.0	45461.0	11265.0	25024.0	0.4	0.01	1.84	0.01	1.59	3445357.0	17.64	18684.0	0.1	0.0	2.08	0.48	0	406160	93729
HIGADO_26	27478589.0	98.0	21807185.0	79.36	97.65	8081075.0	8070995.0	7975773.0	60204.0	6703.0	38395.0	0.39	0.01	1.84	0.01	1.58	4923467.0	17.92	90569.0	0.33	0.0	2.22	0.17	0	610610	46758
HIGADO_27	40571810.0	98.0	33035756.0	81.43	97.6	12809885.0	12800083.0	12653133.0	80871.0	20892.0	54989.0	0.39	0.01	1.95	0.01	1.63	6565964.0	16.18	27484.0	0.07	0.0	1.83	0.49	0	743521	199085
HIGADO_28	25215078.0	98.0	20690445.0	82.06	97.68	7998041.0	7991805.0	7912096.0	49721.0	6687.0	29537.0	0.39	0.01	1.83	0.01	1.61	3903629.0	15.48	28632.0	0.11	0.0	2.1	0.25	0	529354	63018
HIGADO_29	27071794.0	98.0	20316733.0	75.05	97.51	7654502.0	7645190.0	7556608.0	52288.0	9631.0	35975.0	0.41	0.01	1.92	0.01	1.49	5749977.0	21.24	18489.0	0.07	0.0	2.92	0.72	0	791444	195151
HIGADO_30	34157456.0	98.0	26550926.0	77.73	97.55	10132353.0	10122047.0	10025116.0	59411.0	10722.0	37104.0	0.4	0.01	1.91	0.01	1.54	6537489.0	19.14	80348.0	0.24	0.0	2.3	0.6	0	784136	204557
HIGADO_31	25972145.0	98.0	19542613.0	75.24	97.56	7184818.0	7178121.0	7091322.0	52072.0	10728.0	30696.0	0.41	0.01	1.91	0.01	1.55	5554117.0	21.38	24249.0	0.09	0.0	2.71	0.56	0	705401	145765
HIGADO_32	26221391.0	98.0	20970695.0	79.98	97.66	8158403.0	8150248.0	8057359.0	54598.0	9687.0	36759.0	0.4	0.01	1.89	0.01	1.52	4630401.0	17.66	57819.0	0.22	0.0	1.86	0.29	0	486607	75869
HIGADO_33	32138088.0	98.0	23766007.0	73.95	97.29	9309118.0	9296192.0	9161039.0	104500.0	3323.0	40256.0	0.4	0.01	1.93	0.01	1.5	6826237.0	21.24	111929.0	0.35	0.0	3.21	1.25	0	1032033	401882
HIGADO_34	58668690.0	97.0	43421652.0	74.01	97.16	15883289.0	15864442.0	15633263.0	127717.0	51519.0	70790.0	0.42	0.01	2.1	0.01	1.58	12393189.0	21.12	73511.0	0.13	0.0	3.55	1.19	0	2082321	698017
HIGADO_35	29583601.0	97.0	20261213.0	68.49	96.5	7465583.0	7455268.0	7361564.0	54951.0	10574.0	38494.0	0.42	0.02	2.08	0.01	1.58	7409031.0	25.04	62841.0	0.21	0.0	4.64	1.61	0	1373823	476693
HIGADO_36	37342565.0	98.0	28170114.0	75.44	97.25	10794152.0	10780800.0	10620936.0	112385.0	17019.0	43812.0	0.4	0.01	2.09	0.01	1.61	7779667.0	20.83	34736.0	0.09	0.0	2.92	0.71	0	1092424	265624
HIGADO_37	28194285.0	97.0	22053922.0	78.22	97.16	7734388.0	7725008.0	7638390.0	55233.0	8974.0	31791.0	0.42	0.01	1.94	0.01	1.64	5043121.0	17.89	21590.0	0.08	0.0	3.3	0.52	0	929228	146424
HIGADO_38	27456050.0	97.0	21591612.0	78.64	97.14	8210397.0	8197527.0	8110257.0	50716.0	11538.0	37886.0	0.4	0.01	1.91	0.01	1.62	4951930.0	18.04	53984.0	0.2	0.0	2.76	0.37	0	757037	101487
HIGADO_39	34018935.0	98.0	25265123.0	74.27	97.48	8992617.0	8984962.0	8841783.0	99796.0	12088.0	38950.0	0.43	0.01	1.96	0.01	1.38	7235876.0	21.27	76752.0	0.23	0.0	3.13	1.11	0	1063893	377291
HIGADO_40	29803194.0	98.0	21968027.0	73.71	97.44	7892607.0	7882641.0	7798981.0	43838.0	11282.0	38506.0	0.43	0.01	1.96	0.01	1.6	6515488.0	21.86	24001.0	0.08	0.0	3.26	1.09	0	971014	324664
HIGADO_41	47733550.0	98.0	33366372.0	69.9	97.5	12434217.0	12416146.0	12272475.0	82009.0	20446.0	59287.0	0.4	0.01	2.0	0.01	1.62	11748803.0	24.61	224879.0	0.47	0.0	3.33	1.69	0	1587717	805779
HIGADO_42	44901412.0	97.0	32946486.0	73.38	97.16	12381505.0	12368143.0	12191853.0	109214.0	24569.0	55869.0	0.42	0.01	1.97	0.01	1.45	10307521.0	22.96	74464.0	0.17	0.0	2.59	0.91	0	1163976	408965
HIGADO_43	42964244.0	97.0	31574040.0	73.49	97.2	11818837.0	11806850.0	11673982.0	71181.0	19649.0	54025.0	0.44	0.01	2.16	0.01	1.65	9076729.0	21.13	37955.0	0.09	0.0	3.9	1.4	0	1674439	601081
HIGADO_44	30202693.0	97.0	22089166.0	73.14	97.14	7935996.0	7923871.0	7828218.0	63246.0	3314.0	41218.0	0.42	0.01	2.03	0.01	1.55	6601214.0	21.86	34677.0	0.11	0.0	3.48	1.41	0	1051569	426067
HIGADO_45	40682468.0	97.0	26401445.0	64.9	97.15	9396067.0	9381128.0	9266431.0	60027.0	22070.0	47539.0	0.43	0.01	2.07	0.01	1.61	11512969.0	28.3	103273.0	0.25	0.0	4.54	2.01	0	1847039	817742
HIGADO_46	28132320.0	98.0	20990293.0	74.61	97.61	8436815.0	8428155.0	8339269.0	58400.0	2976.0	36170.0	0.4	0.01	1.97	0.01	1.44	6301611.0	22.4	38930.0	0.14	0.0	2.38	0.47	0	669311	132175
HIGADO_47	25788656.0	97.0	17151613.0	66.51	97.27	6408733.0	6399927.0	6330527.0	37630.0	12925.0	27651.0	0.42	0.01	2.1	0.01	1.53	6927604.0	26.86	110885.0	0.43	0.0	4.1	2.1	0	1057108	541446
HIGADO_48	33844657.0	98.0	20609470.0	60.89	97.34	7464797.0	7454706.0	7326831.0	100606.0	6625.0	30735.0	0.43	0.02	2.1	0.01	1.45	10988258.0	32.47	93127.0	0.28	0.0	4.45	1.91	0	1506984	646818
HIGADO_49	53705876.0	98.0	37753368.0	70.3	97.45	15053981.0	15036162.0	14853876.0	116526.0	16473.0	67106.0	0.4	0.01	1.79	0.01	1.45	13912734.0	25.91	77812.0	0.14	0.0	2.66	0.99	0	1429813	532149
HIGADO_50	32142002.0	98.0	23245467.0	72.32	97.4	8999042.0	8988691.0	8880445.0	75993.0	7303.0	35301.0	0.38	0.01	1.98	0.01	1.61	7693876.0	23.94	102429.0	0.32	0.0	2.67	0.75	0	858951	241279
HIGADO_51	30215314.0	98.0	22004947.0	72.83	97.3	7820834.0	7813325.0	7665602.0	114172.0	10564.0	30496.0	0.41	0.01	1.9	0.01	1.63	7042689.0	23.31	81994.0	0.27	0.0	3.02	0.58	0	910768	174916
HIGADO_52	41420255.0	98.0	27920307.0	67.41	97.32	10734570.0	10722793.0	10573367.0	91266.0	20514.0	49423.0	0.39	0.01	2.04	0.01	1.35	11228088.0	27.11	84490.0	0.2	0.0	3.63	1.65	0	1503817	683553
HIGADO_53	27946587.0	98.0	19812314.0	70.89	97.39	7587011.0	7578191.0	7431273.0	113061.0	14068.0	28609.0	0.39	0.01	1.87	0.01	1.49	7056092.0	25.25	37132.0	0.13	0.0	2.96	0.77	0	826141	214908
HIGADO_54	31676144.0	97.0	24694526.0	77.96	97.13	10042875.0	10035368.0	9911640.0	89116.0	3756.0	38363.0	0.4	0.01	1.83	0.01	1.57	6002838.0	18.95	52568.0	0.17	0.0	2.57	0.35	0	815193	111019
HIGADO_55	28108780.0	98.0	18963223.0	67.46	97.46	7289370.0	7282363.0	7176030.0	74854.0	6827.0	31659.0	0.42	0.01	1.86	0.01	1.52	7942777.0	28.26	41341.0	0.15	0.0	2.97	1.16	0	835224	326215
HIGADO_56	26331821.0	97.0	17357418.0	65.92	97.28	6811099.0	6802799.0	6713061.0	53137.0	11191.0	33710.0	0.41	0.01	1.9	0.01	1.4	7681438.0	29.17	80774.0	0.31	0.0	3.48	1.12	0	917049	295142
HIGADO_57	39341221.0	97.0	22142143.0	56.28	97.32	8452728.0	8438081.0	8299390.0	94478.0	14585.0	44275.0	0.44	0.02	2.2	0.01	1.33	13278112.0	33.75	307973.0	0.78	0.0	5.63	3.55	0	2215812	1397181
HIGADO_58	30927616.0	97.0	21329117.0	68.96	97.35	8556973.0	8541290.0	8429804.0	64563.0	15050.0	47556.0	0.4	0.01	2.18	0.01	1.44	7412615.0	23.97	214635.0	0.69	0.0	4.34	2.04	0	1340944	630305
HIGADO_59	30578043.0	97.0	22338544.0	73.05	97.29	9159896.0	9146185.0	9026296.0	74466.0	10644.0	48490.0	0.41	0.01	2.02	0.01	1.46	6880388.0	22.5	48219.0	0.16	0.0	3.2	1.09	0	977822	333070
HIGADO_60	32691157.0	97.0	19564982.0	59.85	97.31	7425646.0	7413369.0	7318277.0	55907.0	9503.0	41959.0	0.41	0.02	2.33	0.02	1.3	9435714.0	28.86	269321.0	0.82	0.0	6.27	4.19	0	2050722	1370418
MUSCULO_100	78822762.0	96.0	58441353.0	74.14	96.05	18309377.0	18286373.0	18098698.0	127311.0	26508.0	56860.0	0.41	0.01	1.97	0.01	1.61	15502455.0	19.67	158983.0	0.2	0.0	5.03	0.96	0	3963515	756456
MUSCULO_101	41552208.0	97.0	33568483.0	80.79	97.04	11600283.0	11589162.0	11474144.0	86881.0	9048.0	30210.0	0.36	0.01	1.86	0.01	1.61	6373208.0	15.34	29776.0	0.07	0.0	3.0	0.8	0	1247953	332788
MUSCULO_102	21019083.0	97.0	16335219.0	77.72	96.85	5344059.0	5338676.0	5279580.0	45596.0	3721.0	15162.0	0.41	0.01	2.03	0.01	1.56	3732262.0	17.76	82321.0	0.39	0.0	3.7	0.43	0	778775	90506
MUSCULO_103	24912673.0	96.0	16907892.0	67.87	96.24	5515493.0	5508414.0	5456623.0	39284.0	2944.0	16642.0	0.38	0.01	1.98	0.01	1.48	5894196.0	23.66	63807.0	0.26	0.0	5.98	2.24	0	1489019	557759
MUSCULO_104	35094632.0	97.0	28116524.0	80.12	96.6	9582671.0	9571518.0	9480978.0	67639.0	5899.0	28155.0	0.35	0.01	2.03	0.01	1.59	5515105.0	15.71	25153.0	0.07	0.0	3.63	0.46	0	1276136	161714
MUSCULO_105	33712876.0	95.0	24798357.0	73.56	95.87	8986288.0	8976690.0	8888253.0	63176.0	9087.0	25772.0	0.37	0.01	2.1	0.01	1.57	6652742.0	19.73	48818.0	0.14	0.0	5.14	1.43	0	1731295	481664
MUSCULO_106	26306309.0	95.0	18247091.0	69.36	95.63	5952883.0	5946164.0	5887809.0	43497.0	4053.0	17524.0	0.4	0.01	2.05	0.01	1.64	6567899.0	24.97	76426.0	0.29	0.0	5.02	0.36	0	1320216	94677
MUSCULO_107	35047137.0	96.0	27432309.0	78.27	96.06	9564705.0	9553836.0	9464288.0	69253.0	6072.0	25092.0	0.36	0.01	1.94	0.01	1.71	6003368.0	17.13	32097.0	0.09	0.0	4.04	0.46	0	1417917	161446
MUSCULO_108	53614607.0	96.0	41302939.0	77.04	96.19	12973317.0	12959526.0	12760015.0	163632.0	10896.0	38774.0	0.41	0.02	2.05	0.01	1.61	9966492.0	18.59	28126.0	0.05	0.0	3.43	0.89	0	1839695	477355
MUSCULO_109	26650172.0	97.0	21268833.0	79.81	96.78	7426963.0	7419186.0	7353881.0	45831.0	5064.0	22187.0	0.35	0.01	2.02	0.01	1.59	4215997.0	15.82	18763.0	0.07	0.0	3.68	0.63	0	978982	167597
MUSCULO_110	26958565.0	96.0	19896738.0	73.8	96.54	7114743.0	7104928.0	7034675.0	53421.0	4267.0	22380.0	0.35	0.01	1.94	0.01	1.55	5697568.0	21.13	42583.0	0.16	0.0	4.25	0.66	0	1144017	177659
MUSCULO_111	25665794.0	95.0	18745599.0	73.04	95.98	6619807.0	6612380.0	6555226.0	40708.0	4462.0	19411.0	0.36	0.01	2.16	0.01	1.56	5219568.0	20.34	27527.0	0.11	0.0	5.9	0.62	0	1514002	159098
MUSCULO_112	33629243.0	96.0	26419073.0	78.56	95.9	9708615.0	9699036.0	9611656.0	64232.0	5985.0	26742.0	0.35	0.01	2.09	0.01	1.64	5502550.0	16.36	71302.0	0.21	0.0	4.14	0.73	0	1391038	245280
MUSCULO_113	34711404.0	96.0	29183011.0	84.07	96.42	9145078.0	9135103.0	9058602.0	58851.0	4807.0	22818.0	0.39	0.01	2.05	0.01	1.76	3999189.0	11.52	18568.0	0.05	0.0	4.31	0.04	0	1496745	13891
MUSCULO_114	33653206.0	93.0	25898034.0	76.96	94.49	7741023.0	7732410.0	7652966.0	63754.0	4636.0	19667.0	0.45	0.02	2.28	0.01	1.69	6094850.0	18.11	25974.0	0.08	0.0	4.79	0.07	0	1610808	23540
MUSCULO_115	42790613.0	96.0	35273109.0	82.43	95.6	10917483.0	10905270.0	10793757.0	89367.0	7845.0	26514.0	0.4	0.02	2.2	0.01	1.72	6309081.0	14.74	25658.0	0.06	0.0	2.72	0.04	0	1165623	17142
MUSCULO_116	66357042.0	96.0	47820805.0	72.07	96.01	14785273.0	14769676.0	14589559.0	139058.0	10715.0	45941.0	0.43	0.02	2.07	0.01	1.65	15206632.0	22.92	160118.0	0.24	0.0	4.0	0.77	0	2657851	511636
MUSCULO_117	23832523.0	96.0	19042388.0	79.9	95.81	6435122.0	6428159.0	6355736.0	57113.0	4177.0	18096.0	0.4	0.01	2.16	0.01	1.68	3966123.0	16.64	20375.0	0.09	0.0	3.33	0.05	0	791749	11888
MUSCULO_118	34754701.0	97.0	27150353.0	78.12	96.72	9733540.0	9722389.0	9608592.0	89732.0	6170.0	29046.0	0.35	0.01	1.94	0.01	1.58	6339218.0	18.24	30863.0	0.09	0.0	2.76	0.79	0	959599	274668
MUSCULO_119	31296375.0	95.0	21899660.0	69.98	96.05	7139802.0	7131692.0	7040171.0	64619.0	12829.0	22183.0	0.42	0.02	2.19	0.01	1.65	8037461.0	25.68	20614.0	0.07	0.0	4.04	0.24	0	1263576	75064
MUSCULO_120	30587082.0	97.0	24889883.0	81.37	96.39	9172453.0	9163256.0	9065556.0	77639.0	5503.0	23755.0	0.33	0.01	2.0	0.01	1.7	4647103.0	15.19	116341.0	0.38	0.0	2.9	0.16	0	884931	48824
MUSCULO_61	46814897.0	97.0	33855782.0	72.32	96.88	11349665.0	11334899.0	11185784.0	119421.0	7294.0	37166.0	0.38	0.02	2.07	0.01	1.55	10082300.0	21.54	98916.0	0.21	0.0	4.6	1.33	0	2154863	623036
MUSCULO_62	57844736.0	97.0	48594003.0	84.01	96.96	17455866.0	17441460.0	17272538.0	129265.0	11435.0	42628.0	0.34	0.01	1.94	0.01	1.63	7968036.0	13.77	23707.0	0.04	0.0	2.14	0.04	0	1235889	23101
MUSCULO_63	49666193.0	98.0	38026210.0	76.56	97.19	13249919.0	13234271.0	13022141.0	175786.0	12853.0	39139.0	0.39	0.01	1.95	0.01	1.56	9959638.0	20.05	34979.0	0.07	0.0	2.67	0.64	0	1327229	318137
MUSCULO_64	29516939.0	98.0	22251213.0	75.38	97.38	7413934.0	7405379.0	7318374.0	68808.0	4562.0	22190.0	0.38	0.01	1.87	0.01	1.6	6088064.0	20.63	16152.0	0.05	0.0	3.23	0.71	0	952202	209308
MUSCULO_65	23530461.0	98.0	18536000.0	78.77	97.33	5742343.0	5735018.0	5690843.0	32753.0	3138.0	15609.0	0.38	0.01	1.86	0.01	1.67	4311154.0	18.32	50400.0	0.21	0.0	2.52	0.17	0	592909	39998
MUSCULO_66	23468142.0	97.0	19355890.0	82.48	96.83	6198413.0	6192146.0	6135147.0	40630.0	4495.0	18141.0	0.39	0.01	2.08	0.01	1.6	3202149.0	13.64	13005.0	0.06	0.0	3.75	0.08	0	878360	18738
MUSCULO_67	26438218.0	97.0	20372216.0	77.06	97.06	6246575.0	6239003.0	6187706.0	36326.0	3649.0	18894.0	0.4	0.01	1.97	0.01	1.65	4747240.0	17.96	30990.0	0.12	0.0	4.06	0.81	0	1073584	214188
MUSCULO_68	23443338.0	97.0	18676118.0	79.66	97.11	6278131.0	6271439.0	6208518.0	45969.0	3824.0	19820.0	0.36	0.01	1.96	0.01	1.68	3780857.0	16.13	44083.0	0.19	0.0	3.57	0.45	0	836801	105479
MUSCULO_69	24130998.0	98.0	19245085.0	79.75	97.26	5613666.0	5606121.0	5553395.0	37305.0	3502.0	19464.0	0.38	0.01	2.04	0.01	1.67	4097935.0	16.98	65231.0	0.27	0.0	2.7	0.29	0	652648	70099
MUSCULO_70	26833639.0	96.0	20312371.0	75.7	96.45	6320586.0	6312981.0	6238998.0	56775.0	5130.0	19683.0	0.41	0.01	2.12	0.01	1.71	4950681.0	18.45	57031.0	0.21	0.0	5.11	0.54	0	1368898	144658
MUSCULO_71	26126338.0	97.0	21214636.0	81.2	97.35	7005036.0	6998439.0	6927917.0	52933.0	4297.0	19889.0	0.35	0.01	1.93	0.01	1.64	4029928.0	15.42	37850.0	0.14	0.0	3.11	0.12	0	812571	31353
MUSCULO_72	18129888.0	98.0	14025678.0	77.36	97.4	4235375.0	4230570.0	4192403.0	26253.0	3076.0	13643.0	0.38	0.01	2.04	0.01	1.67	3496147.0	19.28	33330.0	0.18	0.0	2.66	0.51	0	482268	92465
MUSCULO_73	37490766.0	97.0	28152181.0	75.09	96.98	10411407.0	10400938.0	10261961.0	112671.0	7850.0	28925.0	0.33	0.01	1.94	0.01	1.64	7657395.0	20.42	71638.0	0.19	0.0	3.52	0.77	0	1320658	288894
MUSCULO_74	37374561.0	97.0	30567920.0	81.79	96.6	9472640.0	9453077.0	9358096.0	67084.0	8310.0	39150.0	0.38	0.01	1.86	0.01	1.62	5529269.0	14.79	54075.0	0.14	0.0	2.97	0.31	0	1107681	115616
MUSCULO_75	31001726.0	97.0	25487453.0	82.21	97.02	8474245.0	8461907.0	8384244.0	55562.0	6703.0	27736.0	0.38	0.01	1.85	0.01	1.64	4432422.0	14.3	25615.0	0.08	0.0	2.96	0.44	0	919547	136689
MUSCULO_76	29503119.0	96.0	24674430.0	83.63	96.56	7820670.0	7812422.0	7709298.0	81937.0	4941.0	24494.0	0.37	0.01	1.91	0.01	1.65	3790305.0	12.85	19776.0	0.07	0.0	3.4	0.05	0	1003846	14762
MUSCULO_77	57990788.0	97.0	47870092.0	82.55	96.78	16633669.0	16616620.0	16457599.0	120099.0	10366.0	45605.0	0.37	0.01	1.96	0.01	1.62	8399330.0	14.48	51488.0	0.09	0.0	2.6	0.28	0	1507529	162349
MUSCULO_78	51070376.0	97.0	36887350.0	72.23	96.85	13452206.0	13432397.0	13269934.0	117757.0	18553.0	45962.0	0.36	0.01	1.93	0.01	1.48	10814915.0	21.18	381864.0	0.75	0.0	4.15	1.69	0	2122076	864171
MUSCULO_79	37997139.0	97.0	29952841.0	78.83	97.16	10899325.0	10888536.0	10750185.0	112709.0	7470.0	28961.0	0.33	0.01	1.97	0.01	1.6	6293702.0	16.56	80752.0	0.21	0.0	3.26	1.14	0	1237203	432641
MUSCULO_80	28670602.0	97.0	21945922.0	76.55	97.03	6963480.0	6952807.0	6866208.0	65004.0	9075.0	23193.0	0.37	0.01	1.89	0.01	1.66	5532897.0	19.3	40219.0	0.14	0.0	3.03	0.98	0	870134	281430
MUSCULO_81	27214567.0	97.0	20715221.0	76.12	96.71	7164338.0	7156264.0	7079807.0	58576.0	3901.0	22054.0	0.37	0.01	1.9	0.01	1.64	5270846.0	19.37	18480.0	0.07	0.0	3.68	0.77	0	1000646	209374
MUSCULO_82	39728240.0	97.0	33738156.0	84.92	97.15	11513675.0	11503704.0	11388156.0	89130.0	7607.0	28782.0	0.33	0.01	1.8	0.01	1.63	4660618.0	11.73	26776.0	0.07	0.0	3.23	0.05	0	1282832	19858
MUSCULO_83	50213489.0	97.0	36168524.0	72.03	96.84	12687218.0	12664692.0	12454295.0	180214.0	7227.0	45482.0	0.36	0.01	1.99	0.01	1.53	11113912.0	22.13	141021.0	0.28	0.0	4.18	1.37	0	2101321	688711
MUSCULO_84	36748082.0	97.0	30662329.0	83.44	97.13	10308067.0	10297697.0	10170987.0	93022.0	13378.0	30680.0	0.39	0.01	2.01	0.01	1.56	5118498.0	13.93	9416.0	0.03	0.0	2.55	0.06	0	935820	22019
MUSCULO_85	37314074.0	97.0	29971349.0	80.32	96.79	9739992.0	9727838.0	9638048.0	63580.0	7075.0	31289.0	0.35	0.01	1.89	0.01	1.66	6086555.0	16.31	72730.0	0.19	0.0	2.97	0.2	0	1108775	74665
MUSCULO_86	33831233.0	97.0	23411329.0	69.2	96.72	8043741.0	8031437.0	7952023.0	59505.0	4567.0	27646.0	0.39	0.01	2.03	0.01	1.43	7884610.0	23.31	145750.0	0.43	0.0	4.8	2.26	0	1624619	764925
MUSCULO_87	35521579.0	97.0	27100692.0	76.29	97.18	8404052.0	8392067.0	8311105.0	59669.0	5651.0	27627.0	0.37	0.01	1.92	0.01	1.6	6874948.0	19.35	82152.0	0.23	0.0	3.31	0.81	0	1176004	287783
MUSCULO_88	45814473.0	95.0	33565311.0	73.26	95.36	11295182.0	11281303.0	11181500.0	73097.0	5792.0	34793.0	0.41	0.02	2.17	0.01	1.62	8904239.0	19.44	106620.0	0.23	0.0	5.11	1.96	0	2340556	897747
MUSCULO_89	26627098.0	96.0	22188043.0	83.33	95.9	6840349.0	6833886.0	6764051.0	54625.0	4779.0	16894.0	0.45	0.01	2.17	0.01	1.61	3663009.0	13.76	16635.0	0.06	0.0	2.82	0.03	0	751417	7994
MUSCULO_90	85319737.0	97.0	68911426.0	80.77	97.04	24196674.0	24168547.0	23921194.0	184777.0	22166.0	68537.0	0.37	0.01	2.03	0.01	1.59	13339437.0	15.63	73393.0	0.09	0.0	2.88	0.63	0	2457831	537650
MUSCULO_91	38959418.0	97.0	31089586.0	79.8	96.89	10944308.0	10932255.0	10799500.0	103115.0	8188.0	33505.0	0.36	0.01	2.07	0.01	1.63	6381998.0	16.38	90478.0	0.23	0.0	3.11	0.48	0	1210523	186833
MUSCULO_92	43801533.0	96.0	37678546.0	86.02	96.29	12768410.0	12757883.0	12645589.0	81649.0	9449.0	31723.0	0.38	0.01	2.01	0.01	1.65	4919583.0	11.23	14604.0	0.03	0.0	2.65	0.06	0	1162480	26320
MUSCULO_93	39942323.0	97.0	32286735.0	80.83	96.85	10647617.0	10633724.0	10510901.0	100962.0	6753.0	29001.0	0.38	0.01	1.9	0.01	1.69	6378901.0	15.97	32645.0	0.08	0.0	2.8	0.32	0	1116448	127594
MUSCULO_94	31069378.0	97.0	23355038.0	75.17	96.71	7619839.0	7610605.0	7523059.0	68694.0	5120.0	22966.0	0.37	0.01	2.14	0.01	1.72	6075440.0	19.55	70575.0	0.23	0.0	4.14	0.91	0	1285716	282609
MUSCULO_95	44533827.0	98.0	34802543.0	78.15	97.28	11215537.0	11201439.0	11074608.0	98251.0	7753.0	34925.0	0.42	0.01	2.1	0.01	1.6	8044822.0	18.06	76220.0	0.17	0.0	3.08	0.53	0	1373835	236407
MUSCULO_96	36738252.0	97.0	29931627.0	81.47	97.16	9125034.0	9111540.0	9005999.0	85989.0	5225.0	27821.0	0.36	0.01	2.03	0.01	1.76	5530453.0	15.05	42649.0	0.12	0.0	3.06	0.3	0	1123387	110136
MUSCULO_97	30478260.0	95.0	14772912.0	48.47	95.48	5008987.0	4997009.0	4947529.0	30406.0	2684.0	28368.0	0.39	0.02	2.51	0.02	1.39	11013606.0	36.14	507875.0	1.67	0.0	9.81	3.92	0	2989347	1194520
MUSCULO_98	47225717.0	96.0	40108319.0	84.93	96.6	12815408.0	12803172.0	12683369.0	90506.0	9953.0	31580.0	0.34	0.01	1.94	0.01	1.67	5304153.0	11.23	44210.0	0.09	0.0	3.68	0.07	0	1736013	33022
MUSCULO_99	44457191.0	96.0	33924693.0	76.31	95.98	11623876.0	11612446.0	11428579.0	153507.0	8521.0	33269.0	0.37	0.01	2.03	0.01	1.63	8215977.0	18.48	75989.0	0.17	0.0	4.18	0.86	0	1858219	382313
