Sample	10	11	12	13	14	15	16	17	18	19	1	20	2	3	4	5	6	7	8	9	MT	X	Y	*
GRASO_121	[4879145, 112626471]	[1584472, 90463843]	[5456984, 52716770]	[1321637, 114033958]	[7829194, 115493446]	[1375896, 111246239]	[1140554, 90668790]	[1626720, 90843779]	[1239761, 88201929]	[1773157, 62275575]	[8545750, 282763074]	[1969417, 56205956]	[4353713, 266435125]	[3226041, 177699992]	[2965252, 184226339]	[3896361, 173707219]	[8282858, 147991367]	[5532593, 145729302]	[4570855, 133307652]	[2368083, 122095297]	[2794262, 16313]	[2700067, 159970021]	[26315, 3310458]	[0, 0]
GRASO_122	[4945802, 112626471]	[2019284, 90463843]	[11854886, 52716770]	[1593324, 114033958]	[7420828, 115493446]	[1683381, 111246239]	[1444904, 90668790]	[2056294, 90843779]	[1644007, 88201929]	[2394126, 62275575]	[8591425, 282763074]	[2715618, 56205956]	[5390110, 266435125]	[3775909, 177699992]	[3872638, 184226339]	[3760128, 173707219]	[10586854, 147991367]	[9797164, 145729302]	[6419384, 133307652]	[2836720, 122095297]	[2600258, 16313]	[4902414, 159970021]	[10330, 3310458]	[0, 0]
GRASO_123	[13601695, 112626471]	[3721809, 90463843]	[23753035, 52716770]	[1025831, 114033958]	[22274731, 115493446]	[2479926, 111246239]	[825854, 90668790]	[2515859, 90843779]	[1777500, 88201929]	[4731638, 62275575]	[10055134, 282763074]	[1319523, 56205956]	[13473058, 266435125]	[5312471, 177699992]	[3847984, 184226339]	[4244240, 173707219]	[37181725, 147991367]	[18237227, 145729302]	[8394950, 133307652]	[4575890, 122095297]	[998657, 16313]	[7856748, 159970021]	[29390, 3310458]	[0, 0]
GRASO_124	[2553613, 112626471]	[1056596, 90463843]	[9007259, 52716770]	[752950, 114033958]	[2529423, 115493446]	[711166, 111246239]	[753151, 90668790]	[943086, 90843779]	[740527, 88201929]	[1410618, 62275575]	[4403558, 282763074]	[1038449, 56205956]	[3347293, 266435125]	[1869655, 177699992]	[1906363, 184226339]	[2239800, 173707219]	[8165777, 147991367]	[8111189, 145729302]	[4452949, 133307652]	[1203975, 122095297]	[2419667, 16313]	[3452547, 159970021]	[15092, 3310458]	[0, 0]
GRASO_125	[6088200, 112626471]	[1938244, 90463843]	[8655367, 52716770]	[1665869, 114033958]	[6081997, 115493446]	[1945571, 111246239]	[1256609, 90668790]	[2365741, 90843779]	[1715597, 88201929]	[2630069, 62275575]	[8882016, 282763074]	[1923697, 56205956]	[5942647, 266435125]	[3973300, 177699992]	[3685554, 184226339]	[3936050, 173707219]	[11851579, 147991367]	[8292003, 145729302]	[5722419, 133307652]	[2870518, 122095297]	[2163374, 16313]	[5063407, 159970021]	[38093, 3310458]	[0, 0]
GRASO_126	[5075133, 112626471]	[1590998, 90463843]	[15634306, 52716770]	[1186801, 114033958]	[11048654, 115493446]	[1462477, 111246239]	[994848, 90668790]	[1823044, 90843779]	[1294545, 88201929]	[3517493, 62275575]	[8280870, 282763074]	[1460964, 56205956]	[5198917, 266435125]	[3164978, 177699992]	[3052466, 184226339]	[3724803, 173707219]	[19792183, 147991367]	[10263455, 145729302]	[7975393, 133307652]	[2414710, 122095297]	[3109091, 16313]	[5208285, 159970021]	[23813, 3310458]	[0, 0]
GRASO_127	[5261243, 112626471]	[2063905, 90463843]	[9125831, 52716770]	[1742346, 114033958]	[10147014, 115493446]	[1734436, 111246239]	[1681407, 90668790]	[2172987, 90843779]	[1659868, 88201929]	[2703872, 62275575]	[10086461, 282763074]	[2706980, 56205956]	[5558331, 266435125]	[4082928, 177699992]	[4072121, 184226339]	[4328357, 173707219]	[11618784, 147991367]	[8462574, 145729302]	[6729744, 133307652]	[3031859, 122095297]	[2677429, 16313]	[4913141, 159970021]	[27608, 3310458]	[0, 0]
GRASO_128	[6666062, 112626471]	[1730773, 90463843]	[13164530, 52716770]	[1368121, 114033958]	[8417074, 115493446]	[1719818, 111246239]	[1233942, 90668790]	[2376385, 90843779]	[1674408, 88201929]	[2980090, 62275575]	[9285378, 282763074]	[1582390, 56205956]	[5791517, 266435125]	[3848317, 177699992]	[4002788, 184226339]	[3775119, 173707219]	[16126123, 147991367]	[10079347, 145729302]	[6211137, 133307652]	[3127467, 122095297]	[2026619, 16313]	[4763281, 159970021]	[26158, 3310458]	[0, 0]
GRASO_129	[3014966, 112626471]	[744919, 90463843]	[6915336, 52716770]	[306305, 114033958]	[48850254, 115493446]	[554555, 111246239]	[493829, 90668790]	[584557, 90843779]	[380423, 88201929]	[1803082, 62275575]	[16301579, 282763074]	[676390, 56205956]	[2442345, 266435125]	[1406270, 177699992]	[1284821, 184226339]	[9344354, 173707219]	[17248295, 147991367]	[8010942, 145729302]	[2881356, 133307652]	[1391829, 122095297]	[307412, 16313]	[2541261, 159970021]	[39079, 3310458]	[0, 0]
GRASO_130	[5263606, 112626471]	[1696558, 90463843]	[8670411, 52716770]	[1276820, 114033958]	[4304095, 115493446]	[1221834, 111246239]	[1296051, 90668790]	[1705060, 90843779]	[1335138, 88201929]	[2484795, 62275575]	[8261167, 282763074]	[2550578, 56205956]	[4517682, 266435125]	[3373458, 177699992]	[3254099, 184226339]	[3186021, 173707219]	[10052725, 147991367]	[8123486, 145729302]	[5233049, 133307652]	[2477381, 122095297]	[1504503, 16313]	[3656083, 159970021]	[16081, 3310458]	[0, 0]
GRASO_131	[9238684, 112626471]	[1919912, 90463843]	[9141166, 52716770]	[1133445, 114033958]	[7731424, 115493446]	[1189835, 111246239]	[1235014, 90668790]	[1734923, 90843779]	[1289493, 88201929]	[2687292, 62275575]	[9125677, 282763074]	[1927267, 56205956]	[5980690, 266435125]	[3846656, 177699992]	[3761321, 184226339]	[3470991, 173707219]	[14328185, 147991367]	[9090671, 145729302]	[5266312, 133307652]	[4284427, 122095297]	[871036, 16313]	[3910408, 159970021]	[14144, 3310458]	[0, 0]
GRASO_132	[4451560, 112626471]	[1354638, 90463843]	[6975561, 52716770]	[882998, 114033958]	[2811606, 115493446]	[901530, 111246239]	[886386, 90668790]	[1262805, 90843779]	[990109, 88201929]	[2115059, 62275575]	[6311025, 282763074]	[1961232, 56205956]	[3588894, 266435125]	[2354422, 177699992]	[2350301, 184226339]	[2252571, 173707219]	[8750026, 147991367]	[6870201, 145729302]	[4228508, 133307652]	[1845596, 122095297]	[919263, 16313]	[3111769, 159970021]	[10619, 3310458]	[0, 0]
GRASO_133	[5549862, 112626471]	[1535177, 90463843]	[9991765, 52716770]	[977605, 114033958]	[3884774, 115493446]	[993655, 111246239]	[1085430, 90668790]	[1453381, 90843779]	[1167754, 88201929]	[2522573, 62275575]	[7805272, 282763074]	[1920540, 56205956]	[4022443, 266435125]	[2642567, 177699992]	[2713703, 184226339]	[2737620, 173707219]	[10863336, 147991367]	[8183376, 145729302]	[5233901, 133307652]	[2020883, 122095297]	[1359821, 16313]	[3686795, 159970021]	[4069, 3310458]	[0, 0]
GRASO_134	[2897892, 112626471]	[932530, 90463843]	[3724266, 52716770]	[779501, 114033958]	[1822909, 115493446]	[730261, 111246239]	[833413, 90668790]	[953565, 90843779]	[781435, 88201929]	[1053688, 62275575]	[5153974, 282763074]	[1211296, 56205956]	[2414292, 266435125]	[1853676, 177699992]	[1871151, 184226339]	[1857723, 173707219]	[4512376, 147991367]	[3651907, 145729302]	[3046926, 133307652]	[1321232, 122095297]	[1945251, 16313]	[1814103, 159970021]	[3557, 3310458]	[0, 0]
GRASO_135	[2483020, 112626471]	[1064796, 90463843]	[5644661, 52716770]	[889595, 114033958]	[2160174, 115493446]	[814497, 111246239]	[825974, 90668790]	[1092877, 90843779]	[855558, 88201929]	[1268248, 62275575]	[4374576, 282763074]	[1079637, 56205956]	[3175022, 266435125]	[2086440, 177699992]	[2102327, 184226339]	[1973904, 173707219]	[5802014, 147991367]	[5390552, 145729302]	[3882653, 133307652]	[1399763, 122095297]	[1776584, 16313]	[2748133, 159970021]	[15541, 3310458]	[0, 0]
GRASO_136	[6254740, 112626471]	[1549988, 90463843]	[10330513, 52716770]	[905337, 114033958]	[6792292, 115493446]	[1034106, 111246239]	[880874, 90668790]	[1642186, 90843779]	[1225787, 88201929]	[2645577, 62275575]	[8079219, 282763074]	[1400364, 56205956]	[4693533, 266435125]	[3020017, 177699992]	[2994509, 184226339]	[3395651, 173707219]	[14286788, 147991367]	[8129863, 145729302]	[4894930, 133307652]	[2849050, 122095297]	[679985, 16313]	[3984634, 159970021]	[14439, 3310458]	[0, 0]
GRASO_137	[2095475, 112626471]	[846751, 90463843]	[5479484, 52716770]	[737093, 114033958]	[3157420, 115493446]	[666579, 111246239]	[652193, 90668790]	[832147, 90843779]	[710870, 88201929]	[1152204, 62275575]	[3881291, 282763074]	[852035, 56205956]	[2368035, 266435125]	[1585360, 177699992]	[1643711, 184226339]	[1693650, 173707219]	[5452255, 147991367]	[4889441, 145729302]	[3529150, 133307652]	[1243016, 122095297]	[1690420, 16313]	[2538919, 159970021]	[5355, 3310458]	[0, 0]
GRASO_138	[4027968, 112626471]	[1473331, 90463843]	[6149303, 52716770]	[1190423, 114033958]	[6733078, 115493446]	[1280940, 111246239]	[1135630, 90668790]	[1574476, 90843779]	[1240588, 88201929]	[1569010, 62275575]	[7334990, 282763074]	[2083499, 56205956]	[3824307, 266435125]	[2849622, 177699992]	[2957705, 184226339]	[3139976, 173707219]	[9483817, 147991367]	[5466807, 145729302]	[4157169, 133307652]	[2149037, 122095297]	[2448892, 16313]	[2521165, 159970021]	[7343, 3310458]	[0, 0]
GRASO_139	[2567492, 112626471]	[1034720, 90463843]	[4302978, 52716770]	[862946, 114033958]	[2542799, 115493446]	[889919, 111246239]	[776557, 90668790]	[1128976, 90843779]	[900462, 88201929]	[1033104, 62275575]	[4540937, 282763074]	[1419938, 56205956]	[2802136, 266435125]	[1991492, 177699992]	[2025011, 184226339]	[2061220, 173707219]	[5864733, 147991367]	[4843220, 145729302]	[3060480, 133307652]	[1454091, 122095297]	[1544929, 16313]	[1912986, 159970021]	[14709, 3310458]	[0, 0]
GRASO_140	[4883529, 112626471]	[1780726, 90463843]	[12155706, 52716770]	[1323230, 114033958]	[5635177, 115493446]	[1381019, 111246239]	[1287836, 90668790]	[2136259, 90843779]	[1605530, 88201929]	[2081167, 62275575]	[8713081, 282763074]	[2093647, 56205956]	[5023822, 266435125]	[3226011, 177699992]	[3386006, 184226339]	[3441057, 173707219]	[13425041, 147991367]	[9869610, 145729302]	[5874296, 133307652]	[2358693, 122095297]	[3417320, 16313]	[4050644, 159970021]	[7900, 3310458]	[0, 0]
GRASO_141	[3884211, 112626471]	[1413375, 90463843]	[10701226, 52716770]	[1052469, 114033958]	[7825176, 115493446]	[1210095, 111246239]	[1036137, 90668790]	[1670880, 90843779]	[1239651, 88201929]	[1995738, 62275575]	[6551364, 282763074]	[1775375, 56205956]	[4000363, 266435125]	[2638292, 177699992]	[2767911, 184226339]	[2831535, 173707219]	[12345454, 147991367]	[7617529, 145729302]	[4736151, 133307652]	[2044959, 122095297]	[1785620, 16313]	[3598727, 159970021]	[7485, 3310458]	[0, 0]
GRASO_142	[3768347, 112626471]	[1628730, 90463843]	[7270271, 52716770]	[1297388, 114033958]	[6382440, 115493446]	[1281865, 111246239]	[1180804, 90668790]	[1775428, 90843779]	[1404991, 88201929]	[1766388, 62275575]	[9034882, 282763074]	[2173063, 56205956]	[4243454, 266435125]	[2991591, 177699992]	[3006332, 184226339]	[3579635, 173707219]	[10983160, 147991367]	[6605533, 145729302]	[4996380, 133307652]	[2070706, 122095297]	[1722815, 16313]	[3219240, 159970021]	[7768, 3310458]	[0, 0]
GRASO_143	[2845011, 112626471]	[765501, 90463843]	[6327232, 52716770]	[347007, 114033958]	[56805891, 115493446]	[444022, 111246239]	[425151, 90668790]	[644851, 90843779]	[467978, 88201929]	[1068169, 62275575]	[15777762, 282763074]	[771429, 56205956]	[2278378, 266435125]	[1346803, 177699992]	[1368231, 184226339]	[9488717, 173707219]	[15236681, 147991367]	[6370138, 145729302]	[2659907, 133307652]	[1375609, 122095297]	[163369, 16313]	[2271249, 159970021]	[5073, 3310458]	[0, 0]
GRASO_144	[905832, 112626471]	[286576, 90463843]	[1314382, 52716770]	[260979, 114033958]	[50910399, 115493446]	[273622, 111246239]	[240529, 90668790]	[261451, 90843779]	[274589, 88201929]	[1517014, 62275575]	[17267978, 282763074]	[471932, 56205956]	[1272288, 266435125]	[547162, 177699992]	[604696, 184226339]	[8099847, 173707219]	[11814635, 147991367]	[1278453, 145729302]	[1585223, 133307652]	[1005278, 122095297]	[6706303, 16313]	[696083, 159970021]	[165046, 3310458]	[0, 0]
GRASO_145	[15598900, 112626471]	[5784094, 90463843]	[29098900, 52716770]	[5142889, 114033958]	[31661199, 115493446]	[5643165, 111246239]	[4978235, 90668790]	[7070561, 90843779]	[5183955, 88201929]	[9244209, 62275575]	[31076666, 282763074]	[6603752, 56205956]	[17434948, 266435125]	[12478653, 177699992]	[11861317, 184226339]	[12750265, 173707219]	[32339814, 147991367]	[29071629, 145729302]	[20533143, 133307652]	[8887559, 122095297]	[8826327, 16313]	[15806413, 159970021]	[91672, 3310458]	[0, 0]
GRASO_146	[2756838, 112626471]	[1410676, 90463843]	[6653414, 52716770]	[922124, 114033958]	[15663395, 115493446]	[888118, 111246239]	[881520, 90668790]	[1202472, 90843779]	[957225, 88201929]	[1825492, 62275575]	[10018312, 282763074]	[1726790, 56205956]	[4418554, 266435125]	[2266290, 177699992]	[2106511, 184226339]	[5423724, 173707219]	[11112493, 147991367]	[6018115, 145729302]	[4600918, 133307652]	[1461945, 122095297]	[12433458, 16313]	[3327641, 159970021]	[36849, 3310458]	[0, 0]
GRASO_147	[2362981, 112626471]	[1073990, 90463843]	[4982071, 52716770]	[870043, 114033958]	[3770481, 115493446]	[775347, 111246239]	[845534, 90668790]	[1051502, 90843779]	[786082, 88201929]	[1175407, 62275575]	[4344537, 282763074]	[1202925, 56205956]	[3454217, 266435125]	[2045599, 177699992]	[1997220, 184226339]	[2114342, 173707219]	[5428696, 147991367]	[4845506, 145729302]	[3616714, 133307652]	[1333616, 122095297]	[3396413, 16313]	[2532235, 159970021]	[14903, 3310458]	[0, 0]
GRASO_148	[3002502, 112626471]	[1282212, 90463843]	[6975998, 52716770]	[1125558, 114033958]	[4858375, 115493446]	[1044692, 111246239]	[1143406, 90668790]	[1362734, 90843779]	[1048584, 88201929]	[1844498, 62275575]	[5980111, 282763074]	[1535828, 56205956]	[3908602, 266435125]	[2502580, 177699992]	[2431043, 184226339]	[2657644, 173707219]	[7260866, 147991367]	[6398143, 145729302]	[4826966, 133307652]	[1697871, 122095297]	[3763582, 16313]	[4981830, 159970021]	[18462, 3310458]	[0, 0]
GRASO_149	[2254545, 112626471]	[984503, 90463843]	[4069351, 52716770]	[750486, 114033958]	[3149002, 115493446]	[717906, 111246239]	[732759, 90668790]	[911878, 90843779]	[719751, 88201929]	[1195451, 62275575]	[4388297, 282763074]	[1159098, 56205956]	[2770905, 266435125]	[1757992, 177699992]	[1660589, 184226339]	[1771858, 173707219]	[4839053, 147991367]	[3487200, 145729302]	[2886785, 133307652]	[1195931, 122095297]	[2974512, 16313]	[1883933, 159970021]	[13529, 3310458]	[0, 0]
GRASO_150	[4356486, 112626471]	[2046392, 90463843]	[11846853, 52716770]	[1593877, 114033958]	[6445873, 115493446]	[1496980, 111246239]	[1538226, 90668790]	[2069576, 90843779]	[1637049, 88201929]	[2576697, 62275575]	[9545582, 282763074]	[2451521, 56205956]	[5842967, 266435125]	[3733929, 177699992]	[3591936, 184226339]	[4114648, 173707219]	[11387203, 147991367]	[9351016, 145729302]	[7178508, 133307652]	[2481852, 122095297]	[7753086, 16313]	[5200784, 159970021]	[11576, 3310458]	[0, 0]
GRASO_151	[3208717, 112626471]	[1352951, 90463843]	[7042791, 52716770]	[1027260, 114033958]	[4147720, 115493446]	[959723, 111246239]	[1021002, 90668790]	[1325750, 90843779]	[1006618, 88201929]	[1834548, 62275575]	[6602049, 282763074]	[1794513, 56205956]	[4115940, 266435125]	[2390414, 177699992]	[2301886, 184226339]	[2862011, 173707219]	[7989314, 147991367]	[6240809, 145729302]	[4651764, 133307652]	[1646267, 122095297]	[7578519, 16313]	[3023808, 159970021]	[17705, 3310458]	[0, 0]
GRASO_152	[4265742, 112626471]	[1950200, 90463843]	[6781517, 52716770]	[1651938, 114033958]	[3887848, 115493446]	[1547242, 111246239]	[1413651, 90668790]	[2088726, 90843779]	[1699968, 88201929]	[1889031, 62275575]	[8230933, 282763074]	[2606568, 56205956]	[4946625, 266435125]	[3703262, 177699992]	[3744858, 184226339]	[3790954, 173707219]	[7049299, 147991367]	[6937856, 145729302]	[6022688, 133307652]	[2738400, 122095297]	[4269858, 16313]	[4764827, 159970021]	[30570, 3310458]	[0, 0]
GRASO_153	[4858813, 112626471]	[1545950, 90463843]	[14524465, 52716770]	[1311345, 114033958]	[9801236, 115493446]	[1281224, 111246239]	[1259146, 90668790]	[1650411, 90843779]	[1278386, 88201929]	[2797703, 62275575]	[8926303, 282763074]	[1927292, 56205956]	[4462624, 266435125]	[3078962, 177699992]	[3015401, 184226339]	[4195209, 173707219]	[13017512, 147991367]	[11645649, 145729302]	[6512893, 133307652]	[2207557, 122095297]	[1446969, 16313]	[5142432, 159970021]	[25554, 3310458]	[0, 0]
GRASO_154	[1516861, 112626471]	[513420, 90463843]	[2067641, 52716770]	[348748, 114033958]	[2810143, 115493446]	[330357, 111246239]	[258685, 90668790]	[448758, 90843779]	[342755, 88201929]	[489058, 62275575]	[2443092, 282763074]	[334905, 56205956]	[1722811, 266435125]	[954828, 177699992]	[769703, 184226339]	[1132782, 173707219]	[3180286, 147991367]	[2098305, 145729302]	[1249155, 133307652]	[643714, 122095297]	[220125, 16313]	[951311, 159970021]	[10114, 3310458]	[0, 0]
GRASO_155	[6363091, 112626471]	[2379706, 90463843]	[18212295, 52716770]	[1899902, 114033958]	[9729447, 115493446]	[1946440, 111246239]	[1671478, 90668790]	[2583775, 90843779]	[1911627, 88201929]	[4155576, 62275575]	[11702446, 282763074]	[2530649, 56205956]	[7014791, 266435125]	[4452952, 177699992]	[4225745, 184226339]	[4804955, 173707219]	[17047181, 147991367]	[15379060, 145729302]	[11953463, 133307652]	[3167204, 122095297]	[3487320, 16313]	[7540715, 159970021]	[12771, 3310458]	[0, 0]
GRASO_156	[2051599, 112626471]	[814898, 90463843]	[7630537, 52716770]	[561064, 114033958]	[3121916, 115493446]	[579202, 111246239]	[686631, 90668790]	[772667, 90843779]	[542604, 88201929]	[1452780, 62275575]	[3660874, 282763074]	[701381, 56205956]	[2828420, 266435125]	[1525028, 177699992]	[1569293, 184226339]	[1552476, 173707219]	[7620958, 147991367]	[6466129, 145729302]	[3895580, 133307652]	[993128, 122095297]	[1110890, 16313]	[3163232, 159970021]	[2081, 3310458]	[0, 0]
GRASO_157	[2938646, 112626471]	[1311454, 90463843]	[5173897, 52716770]	[1023216, 114033958]	[4659114, 115493446]	[927211, 111246239]	[952648, 90668790]	[1168482, 90843779]	[956542, 88201929]	[1305143, 62275575]	[5384376, 282763074]	[1298327, 56205956]	[3755361, 266435125]	[2292598, 177699992]	[2166069, 184226339]	[2398755, 173707219]	[7010513, 147991367]	[5103740, 145729302]	[3992924, 133307652]	[1673993, 122095297]	[2127993, 16313]	[2702035, 159970021]	[7810, 3310458]	[0, 0]
GRASO_158	[2521397, 112626471]	[867912, 90463843]	[6240996, 52716770]	[824320, 114033958]	[1773120, 115493446]	[752406, 111246239]	[873116, 90668790]	[1098714, 90843779]	[858295, 88201929]	[1452978, 62275575]	[5284291, 282763074]	[993203, 56205956]	[2645715, 266435125]	[1742276, 177699992]	[1857610, 184226339]	[1928283, 173707219]	[6956182, 147991367]	[4819971, 145729302]	[3832735, 133307652]	[1166069, 122095297]	[1875367, 16313]	[2831864, 159970021]	[10479, 3310458]	[0, 0]
GRASO_159	[6308678, 112626471]	[2434872, 90463843]	[14064340, 52716770]	[1977596, 114033958]	[8407080, 115493446]	[1915920, 111246239]	[1950977, 90668790]	[2577701, 90843779]	[1990927, 88201929]	[3498954, 62275575]	[11605634, 282763074]	[2992389, 56205956]	[6602807, 266435125]	[4543817, 177699992]	[4476252, 184226339]	[4583125, 173707219]	[13290703, 147991367]	[14152423, 145729302]	[8721163, 133307652]	[3206630, 122095297]	[3560312, 16313]	[6173225, 159970021]	[33649, 3310458]	[0, 0]
GRASO_160	[3944407, 112626471]	[1569828, 90463843]	[6809523, 52716770]	[1394743, 114033958]	[5188438, 115493446]	[1178814, 111246239]	[1611436, 90668790]	[1592193, 90843779]	[1252883, 88201929]	[1880724, 62275575]	[7997026, 282763074]	[1569731, 56205956]	[4473813, 266435125]	[3286050, 177699992]	[3318098, 184226339]	[3452094, 173707219]	[8203869, 147991367]	[6610296, 145729302]	[5077323, 133307652]	[2268375, 122095297]	[3538935, 16313]	[4010883, 159970021]	[21543, 3310458]	[0, 0]
GRASO_161	[2550153, 112626471]	[1117885, 90463843]	[5277267, 52716770]	[971760, 114033958]	[5234759, 115493446]	[859422, 111246239]	[967126, 90668790]	[1085848, 90843779]	[861241, 88201929]	[1151052, 62275575]	[5004551, 282763074]	[1061142, 56205956]	[3433116, 266435125]	[2138041, 177699992]	[2215676, 184226339]	[2310841, 173707219]	[6625285, 147991367]	[4257146, 145729302]	[3475913, 133307652]	[1460350, 122095297]	[2632934, 16313]	[2751689, 159970021]	[19152, 3310458]	[0, 0]
GRASO_162	[3728595, 112626471]	[1677261, 90463843]	[8012551, 52716770]	[1456851, 114033958]	[5070510, 115493446]	[1338749, 111246239]	[1378469, 90668790]	[1683770, 90843779]	[1320071, 88201929]	[1971889, 62275575]	[7470358, 282763074]	[2065291, 56205956]	[4926287, 266435125]	[3247057, 177699992]	[3203895, 184226339]	[3514183, 173707219]	[7625314, 147991367]	[9449728, 145729302]	[5594253, 133307652]	[2289015, 122095297]	[4705920, 16313]	[3866184, 159970021]	[9300, 3310458]	[0, 0]
GRASO_163	[2465419, 112626471]	[1115908, 90463843]	[6061790, 52716770]	[923260, 114033958]	[4573055, 115493446]	[822512, 111246239]	[996004, 90668790]	[1024477, 90843779]	[802576, 88201929]	[1420280, 62275575]	[4863576, 282763074]	[1238344, 56205956]	[3469787, 266435125]	[2144731, 177699992]	[2103668, 184226339]	[2206412, 173707219]	[5530210, 147991367]	[4829713, 145729302]	[4629961, 133307652]	[1458491, 122095297]	[3624019, 16313]	[2559201, 159970021]	[4693, 3310458]	[0, 0]
GRASO_164	[2328471, 112626471]	[954802, 90463843]	[4707938, 52716770]	[764137, 114033958]	[2632032, 115493446]	[699240, 111246239]	[769666, 90668790]	[922989, 90843779]	[709230, 88201929]	[1227577, 62275575]	[4858671, 282763074]	[955976, 56205956]	[2922435, 266435125]	[1741362, 177699992]	[1693154, 184226339]	[1880483, 173707219]	[5190872, 147991367]	[5207097, 145729302]	[3423062, 133307652]	[1121087, 122095297]	[2981708, 16313]	[2358789, 159970021]	[4520, 3310458]	[0, 0]
GRASO_165	[3455959, 112626471]	[1599648, 90463843]	[8203903, 52716770]	[1286343, 114033958]	[5301527, 115493446]	[1178735, 111246239]	[1299757, 90668790]	[1515082, 90843779]	[1170639, 88201929]	[1730678, 62275575]	[6499554, 282763074]	[1875147, 56205956]	[4763950, 266435125]	[3043708, 177699992]	[2881541, 184226339]	[2904274, 173707219]	[7720447, 147991367]	[7347345, 145729302]	[5448815, 133307652]	[1935860, 122095297]	[3893135, 16313]	[3842887, 159970021]	[6847, 3310458]	[0, 0]
GRASO_166	[2673625, 112626471]	[1238674, 90463843]	[5699115, 52716770]	[1022612, 114033958]	[3415087, 115493446]	[952568, 111246239]	[993192, 90668790]	[1220067, 90843779]	[965564, 88201929]	[1281048, 62275575]	[5041254, 282763074]	[1535798, 56205956]	[3584678, 266435125]	[2302641, 177699992]	[2263949, 184226339]	[2318349, 173707219]	[5702209, 147991367]	[5012837, 145729302]	[4073973, 133307652]	[1605380, 122095297]	[2891262, 16313]	[2810758, 159970021]	[6009, 3310458]	[0, 0]
GRASO_167	[2071465, 112626471]	[1008721, 90463843]	[5710130, 52716770]	[884431, 114033958]	[3064370, 115493446]	[792200, 111246239]	[676121, 90668790]	[938978, 90843779]	[746188, 88201929]	[1334816, 62275575]	[4186954, 282763074]	[1161115, 56205956]	[2804652, 266435125]	[1889994, 177699992]	[1828128, 184226339]	[2089139, 173707219]	[6496851, 147991367]	[5064536, 145729302]	[3705096, 133307652]	[1341925, 122095297]	[2740669, 16313]	[2543077, 159970021]	[15217, 3310458]	[0, 0]
GRASO_168	[3148993, 112626471]	[1291091, 90463843]	[13385810, 52716770]	[1025154, 114033958]	[6696940, 115493446]	[968400, 111246239]	[898736, 90668790]	[1135241, 90843779]	[901215, 88201929]	[2438924, 62275575]	[7421048, 282763074]	[1602684, 56205956]	[3352942, 266435125]	[2331015, 177699992]	[2252175, 184226339]	[3280237, 173707219]	[11640408, 147991367]	[9974981, 145729302]	[5704745, 133307652]	[1744759, 122095297]	[2263179, 16313]	[4492061, 159970021]	[17452, 3310458]	[0, 0]
GRASO_169	[4187804, 112626471]	[1012066, 90463843]	[13161760, 52716770]	[471000, 114033958]	[32747589, 115493446]	[886120, 111246239]	[664768, 90668790]	[944427, 90843779]	[603968, 88201929]	[3131959, 62275575]	[11908706, 282763074]	[1454573, 56205956]	[3078640, 266435125]	[1825040, 177699992]	[1834199, 184226339]	[6238491, 173707219]	[19336631, 147991367]	[8101305, 145729302]	[4298103, 133307652]	[1919380, 122095297]	[284997, 16313]	[3768085, 159970021]	[13136, 3310458]	[0, 0]
GRASO_170	[3466442, 112626471]	[1446638, 90463843]	[6909279, 52716770]	[1154655, 114033958]	[3768287, 115493446]	[1132158, 111246239]	[1026233, 90668790]	[1425031, 90843779]	[1141308, 88201929]	[1681482, 62275575]	[6357367, 282763074]	[1988938, 56205956]	[3843570, 266435125]	[2683610, 177699992]	[2649426, 184226339]	[2703790, 173707219]	[7071788, 147991367]	[6794181, 145729302]	[4590602, 133307652]	[1820917, 122095297]	[1366039, 16313]	[3838062, 159970021]	[6591, 3310458]	[0, 0]
GRASO_171	[3565317, 112626471]	[1558605, 90463843]	[5544186, 52716770]	[1275554, 114033958]	[3092143, 115493446]	[1149218, 111246239]	[1292794, 90668790]	[1335365, 90843779]	[1100208, 88201929]	[1643349, 62275575]	[6384456, 282763074]	[1590756, 56205956]	[4075060, 266435125]	[2977945, 177699992]	[2877651, 184226339]	[2738061, 173707219]	[5797389, 147991367]	[5904791, 145729302]	[4045242, 133307652]	[2037536, 122095297]	[1205069, 16313]	[2811618, 159970021]	[6846, 3310458]	[0, 0]
GRASO_172	[2016938, 112626471]	[884670, 90463843]	[2996903, 52716770]	[737096, 114033958]	[3241740, 115493446]	[631735, 111246239]	[741513, 90668790]	[788101, 90843779]	[624192, 88201929]	[957051, 62275575]	[3588696, 282763074]	[844908, 56205956]	[2727244, 266435125]	[1672237, 177699992]	[1658502, 184226339]	[1571511, 173707219]	[4047963, 147991367]	[3137079, 145729302]	[2450834, 133307652]	[1139126, 122095297]	[1264055, 16313]	[1936155, 159970021]	[12445, 3310458]	[0, 0]
GRASO_173	[1751871, 112626471]	[728025, 90463843]	[3976482, 52716770]	[621176, 114033958]	[2113621, 115493446]	[566997, 111246239]	[585443, 90668790]	[617531, 90843779]	[496154, 88201929]	[996942, 62275575]	[3137328, 282763074]	[726460, 56205956]	[1952179, 266435125]	[1417439, 177699992]	[1336692, 184226339]	[1425581, 173707219]	[3952968, 147991367]	[3831252, 145729302]	[2544434, 133307652]	[1001103, 122095297]	[1418704, 16313]	[1704809, 159970021]	[9947, 3310458]	[0, 0]
GRASO_174	[1854527, 112626471]	[833746, 90463843]	[1950426, 52716770]	[707482, 114033958]	[2483269, 115493446]	[595247, 111246239]	[774460, 90668790]	[691412, 90843779]	[589825, 88201929]	[774482, 62275575]	[4137356, 282763074]	[887838, 56205956]	[2030403, 266435125]	[1679786, 177699992]	[1602410, 184226339]	[1781132, 173707219]	[2510690, 147991367]	[2407906, 145729302]	[1812191, 133307652]	[1101070, 122095297]	[397585, 16313]	[1136503, 159970021]	[3363, 3310458]	[0, 0]
GRASO_175	[2180258, 112626471]	[982461, 90463843]	[7154258, 52716770]	[780754, 114033958]	[2335160, 115493446]	[705162, 111246239]	[828806, 90668790]	[911191, 90843779]	[726149, 88201929]	[1362777, 62275575]	[4094178, 282763074]	[971148, 56205956]	[2988102, 266435125]	[1840048, 177699992]	[1912470, 184226339]	[1867793, 173707219]	[6813546, 147991367]	[7341634, 145729302]	[4192275, 133307652]	[1217843, 122095297]	[1838608, 16313]	[3125567, 159970021]	[13498, 3310458]	[0, 0]
GRASO_176	[3013976, 112626471]	[1218052, 90463843]	[5567743, 52716770]	[688848, 114033958]	[3101443, 115493446]	[695284, 111246239]	[773532, 90668790]	[900725, 90843779]	[724408, 88201929]	[1520145, 62275575]	[4675745, 282763074]	[1130819, 56205956]	[3698637, 266435125]	[2083168, 177699992]	[1877732, 184226339]	[2052448, 173707219]	[8306634, 147991367]	[5261028, 145729302]	[3190731, 133307652]	[1433418, 122095297]	[617736, 16313]	[2399781, 159970021]	[10494, 3310458]	[0, 0]
GRASO_177	[1744522, 112626471]	[801656, 90463843]	[3789774, 52716770]	[647909, 114033958]	[1825404, 115493446]	[603669, 111246239]	[645237, 90668790]	[747998, 90843779]	[608775, 88201929]	[1066321, 62275575]	[3482265, 282763074]	[900136, 56205956]	[2133363, 266435125]	[1505684, 177699992]	[1528077, 184226339]	[1431068, 173707219]	[4494057, 147991367]	[3603590, 145729302]	[2402880, 133307652]	[992059, 122095297]	[483342, 16313]	[2029840, 159970021]	[10798, 3310458]	[0, 0]
GRASO_178	[3192889, 112626471]	[1329180, 90463843]	[4387523, 52716770]	[1130664, 114033958]	[2991662, 115493446]	[1076671, 111246239]	[1117948, 90668790]	[1225581, 90843779]	[1048385, 88201929]	[1517883, 62275575]	[5868011, 282763074]	[1566182, 56205956]	[3427433, 266435125]	[2554641, 177699992]	[2502861, 184226339]	[2569136, 173707219]	[5553479, 147991367]	[4611069, 145729302]	[3425308, 133307652]	[1841487, 122095297]	[1182001, 16313]	[2363880, 159970021]	[7366, 3310458]	[0, 0]
GRASO_179	[5306899, 112626471]	[1661039, 90463843]	[7332128, 52716770]	[1700362, 114033958]	[4954370, 115493446]	[1523423, 111246239]	[1347495, 90668790]	[1831980, 90843779]	[1417132, 88201929]	[2100538, 62275575]	[8944778, 282763074]	[1541345, 56205956]	[4525118, 266435125]	[3513561, 177699992]	[3223473, 184226339]	[3724234, 173707219]	[7553217, 147991367]	[6910823, 145729302]	[4887689, 133307652]	[2478771, 122095297]	[1530090, 16313]	[3303297, 159970021]	[47340, 3310458]	[0, 0]
GRASO_180	[3458274, 112626471]	[1374241, 90463843]	[9114063, 52716770]	[1104533, 114033958]	[2843498, 115493446]	[1080977, 111246239]	[1040239, 90668790]	[1281047, 90843779]	[1024117, 88201929]	[1971619, 62275575]	[6580419, 282763074]	[1471014, 56205956]	[3561743, 266435125]	[2464424, 177699992]	[2422799, 184226339]	[2452372, 173707219]	[7790401, 147991367]	[7402155, 145729302]	[4726473, 133307652]	[1817665, 122095297]	[1550101, 16313]	[3446472, 159970021]	[6769, 3310458]	[0, 0]
HIGADO_01	[1343812, 112626471]	[875958, 90463843]	[2511216, 52716770]	[757756, 114033958]	[13806172, 115493446]	[473035, 111246239]	[640753, 90668790]	[562658, 90843779]	[513205, 88201929]	[885087, 62275575]	[5742603, 282763074]	[628999, 56205956]	[1696096, 266435125]	[1110376, 177699992]	[2364718, 184226339]	[2644149, 173707219]	[4429403, 147991367]	[2455529, 145729302]	[2441114, 133307652]	[1114565, 122095297]	[1557490, 16313]	[1126090, 159970021]	[1613, 3310458]	[0, 0]
HIGADO_02	[1995488, 112626471]	[1170467, 90463843]	[5175616, 52716770]	[1267754, 114033958]	[16827869, 115493446]	[705274, 111246239]	[865575, 90668790]	[772266, 90843779]	[829227, 88201929]	[1500730, 62275575]	[7756959, 282763074]	[828331, 56205956]	[2791092, 266435125]	[1629501, 177699992]	[3991998, 184226339]	[6765583, 173707219]	[7285114, 147991367]	[4642341, 145729302]	[4102097, 133307652]	[1495075, 122095297]	[1733308, 16313]	[2045239, 159970021]	[8713, 3310458]	[0, 0]
HIGADO_03	[1546456, 112626471]	[1068890, 90463843]	[2797063, 52716770]	[1065033, 114033958]	[20818729, 115493446]	[580669, 111246239]	[836736, 90668790]	[629239, 90843779]	[575560, 88201929]	[1067756, 62275575]	[7995559, 282763074]	[765753, 56205956]	[2311923, 266435125]	[1348040, 177699992]	[2769587, 184226339]	[4007613, 173707219]	[6240770, 147991367]	[2783717, 145729302]	[2903351, 133307652]	[1356164, 122095297]	[1511098, 16313]	[1246992, 159970021]	[2071, 3310458]	[0, 0]
HIGADO_04	[1712696, 112626471]	[942501, 90463843]	[3769594, 52716770]	[892365, 114033958]	[22500668, 115493446]	[612439, 111246239]	[693668, 90668790]	[616980, 90843779]	[608085, 88201929]	[1184913, 62275575]	[6961148, 282763074]	[636899, 56205956]	[2200057, 266435125]	[1306380, 177699992]	[2880842, 184226339]	[4255103, 173707219]	[6554093, 147991367]	[3352017, 145729302]	[2894868, 133307652]	[1297543, 122095297]	[1245755, 16313]	[1535137, 159970021]	[8265, 3310458]	[0, 0]
HIGADO_05	[1648687, 112626471]	[959051, 90463843]	[2472881, 52716770]	[1065700, 114033958]	[10540309, 115493446]	[543995, 111246239]	[774218, 90668790]	[613844, 90843779]	[650689, 88201929]	[977285, 62275575]	[5454010, 282763074]	[688791, 56205956]	[2236555, 266435125]	[1335346, 177699992]	[3662881, 184226339]	[4508232, 173707219]	[4066422, 147991367]	[2534163, 145729302]	[2835733, 133307652]	[1341518, 122095297]	[1040330, 16313]	[1137076, 159970021]	[6456, 3310458]	[0, 0]
HIGADO_06	[1757535, 112626471]	[982303, 90463843]	[2634222, 52716770]	[1085215, 114033958]	[20542413, 115493446]	[598004, 111246239]	[788368, 90668790]	[578338, 90843779]	[636327, 88201929]	[996546, 62275575]	[7810643, 282763074]	[684245, 56205956]	[2458716, 266435125]	[1399949, 177699992]	[3933953, 184226339]	[5650120, 173707219]	[6218137, 147991367]	[2628012, 145729302]	[3053956, 133307652]	[1377116, 122095297]	[1300713, 16313]	[1142178, 159970021]	[6963, 3310458]	[0, 0]
HIGADO_07	[2154262, 112626471]	[1428201, 90463843]	[4506660, 52716770]	[1466774, 114033958]	[34605439, 115493446]	[850833, 111246239]	[1055819, 90668790]	[953579, 90843779]	[1037208, 88201929]	[1392707, 62275575]	[9612687, 282763074]	[1004946, 56205956]	[3303159, 266435125]	[1899511, 177699992]	[4967045, 184226339]	[7324751, 173707219]	[8386383, 147991367]	[4115949, 145729302]	[4377621, 133307652]	[1828577, 122095297]	[2505848, 16313]	[1882459, 159970021]	[10605, 3310458]	[0, 0]
HIGADO_08	[1462095, 112626471]	[951445, 90463843]	[3457124, 52716770]	[1149327, 114033958]	[29041655, 115493446]	[634111, 111246239]	[787539, 90668790]	[679458, 90843779]	[666404, 88201929]	[1252818, 62275575]	[10410289, 282763074]	[730630, 56205956]	[2314340, 266435125]	[1429946, 177699992]	[3594136, 184226339]	[8492808, 173707219]	[8074429, 147991367]	[3107222, 145729302]	[3196927, 133307652]	[1336337, 122095297]	[2005390, 16313]	[1439430, 159970021]	[7395, 3310458]	[0, 0]
HIGADO_09	[1391719, 112626471]	[868945, 90463843]	[4259045, 52716770]	[876223, 114033958]	[15822339, 115493446]	[498798, 111246239]	[642848, 90668790]	[511896, 90843779]	[539214, 88201929]	[1290958, 62275575]	[7261135, 282763074]	[562046, 56205956]	[2081515, 266435125]	[1178855, 177699992]	[2762913, 184226339]	[5242038, 173707219]	[8365696, 147991367]	[3177804, 145729302]	[2805771, 133307652]	[1168661, 122095297]	[1057275, 16313]	[1437121, 159970021]	[8245, 3310458]	[0, 0]
HIGADO_10	[1834644, 112626471]	[1222105, 90463843]	[5583875, 52716770]	[1035265, 114033958]	[26071238, 115493446]	[601755, 111246239]	[801241, 90668790]	[613094, 90843779]	[570010, 88201929]	[1456438, 62275575]	[9261355, 282763074]	[821079, 56205956]	[2595316, 266435125]	[1407915, 177699992]	[2550391, 184226339]	[4776257, 173707219]	[8464334, 147991367]	[4714038, 145729302]	[3572547, 133307652]	[1383188, 122095297]	[1558417, 16313]	[1996548, 159970021]	[2458, 3310458]	[0, 0]
HIGADO_11	[2100217, 112626471]	[1298944, 90463843]	[6669999, 52716770]	[1159653, 114033958]	[23885480, 115493446]	[686839, 111246239]	[994071, 90668790]	[754610, 90843779]	[729956, 88201929]	[1817552, 62275575]	[11069917, 282763074]	[869248, 56205956]	[2851482, 266435125]	[1666762, 177699992]	[4338480, 184226339]	[6185570, 173707219]	[10689461, 147991367]	[5246577, 145729302]	[4279624, 133307652]	[1640783, 122095297]	[2400827, 16313]	[2444561, 159970021]	[10087, 3310458]	[0, 0]
HIGADO_12	[1858988, 112626471]	[1164922, 90463843]	[7128718, 52716770]	[1190286, 114033958]	[22271449, 115493446]	[684949, 111246239]	[844480, 90668790]	[681337, 90843779]	[702495, 88201929]	[1931479, 62275575]	[9824307, 282763074]	[761132, 56205956]	[2969003, 266435125]	[1500660, 177699992]	[4037623, 184226339]	[7229746, 173707219]	[11335570, 147991367]	[5683807, 145729302]	[4319141, 133307652]	[1467631, 122095297]	[1909962, 16313]	[2478240, 159970021]	[9102, 3310458]	[0, 0]
HIGADO_13	[2367002, 112626471]	[1690935, 90463843]	[5823319, 52716770]	[1704474, 114033958]	[38566841, 115493446]	[841345, 111246239]	[1313281, 90668790]	[954936, 90843779]	[840739, 88201929]	[1894979, 62275575]	[12143982, 282763074]	[1333730, 56205956]	[4051500, 266435125]	[2090515, 177699992]	[3883899, 184226339]	[5454641, 173707219]	[11026380, 147991367]	[6252737, 145729302]	[5006496, 133307652]	[2317844, 122095297]	[3365833, 16313]	[2471245, 159970021]	[2707, 3310458]	[0, 0]
HIGADO_14	[2800398, 112626471]	[1959640, 90463843]	[10619675, 52716770]	[1530531, 114033958]	[21419998, 115493446]	[924192, 111246239]	[1259933, 90668790]	[1003031, 90843779]	[949156, 88201929]	[3095983, 62275575]	[10081026, 282763074]	[1151301, 56205956]	[4487936, 266435125]	[2170292, 177699992]	[4410861, 184226339]	[4724252, 173707219]	[15573373, 147991367]	[7973964, 145729302]	[6058218, 133307652]	[2196001, 122095297]	[2482214, 16313]	[3737588, 159970021]	[2654, 3310458]	[0, 0]
HIGADO_15	[3178899, 112626471]	[1654315, 90463843]	[10374258, 52716770]	[1563337, 114033958]	[28753862, 115493446]	[922966, 111246239]	[1249413, 90668790]	[894009, 90843779]	[943376, 88201929]	[2657758, 62275575]	[9865350, 282763074]	[1192895, 56205956]	[4120339, 266435125]	[2060025, 177699992]	[4599598, 184226339]	[5415673, 173707219]	[12701947, 147991367]	[8143489, 145729302]	[6282581, 133307652]	[2267024, 122095297]	[2259432, 16313]	[3561411, 159970021]	[8858, 3310458]	[0, 0]
HIGADO_16	[1443184, 112626471]	[864921, 90463843]	[4244578, 52716770]	[895231, 114033958]	[29375356, 115493446]	[531345, 111246239]	[636227, 90668790]	[587846, 90843779]	[622008, 88201929]	[1095895, 62275575]	[6621952, 282763074]	[594733, 56205956]	[2156046, 266435125]	[1185691, 177699992]	[3070130, 184226339]	[4772545, 173707219]	[7475215, 147991367]	[3907679, 145729302]	[3201875, 133307652]	[1133250, 122095297]	[1481279, 16313]	[1622327, 159970021]	[6171, 3310458]	[0, 0]
HIGADO_17	[2242758, 112626471]	[1446850, 90463843]	[5609702, 52716770]	[1380684, 114033958]	[24475536, 115493446]	[821824, 111246239]	[1030548, 90668790]	[881471, 90843779]	[915185, 88201929]	[1721927, 62275575]	[8628744, 282763074]	[944652, 56205956]	[3352966, 266435125]	[1863105, 177699992]	[5432305, 184226339]	[6511949, 173707219]	[9672553, 147991367]	[4691968, 145729302]	[4257663, 133307652]	[2067956, 122095297]	[2561383, 16313]	[2038182, 159970021]	[11406, 3310458]	[0, 0]
HIGADO_18	[2553469, 112626471]	[1510393, 90463843]	[6969843, 52716770]	[1487492, 114033958]	[56250543, 115493446]	[1009189, 111246239]	[1154803, 90668790]	[1063394, 90843779]	[1058594, 88201929]	[1705763, 62275575]	[12926219, 282763074]	[1222297, 56205956]	[3657151, 266435125]	[2055048, 177699992]	[5075329, 184226339]	[9487259, 173707219]	[12563517, 147991367]	[5840741, 145729302]	[5116862, 133307652]	[2033467, 122095297]	[4578630, 16313]	[2528769, 159970021]	[12116, 3310458]	[0, 0]
HIGADO_19	[2101740, 112626471]	[1384973, 90463843]	[4233672, 52716770]	[1242333, 114033958]	[25257297, 115493446]	[765090, 111246239]	[1021174, 90668790]	[889288, 90843779]	[839798, 88201929]	[1432066, 62275575]	[9573338, 282763074]	[996626, 56205956]	[2778943, 266435125]	[1796897, 177699992]	[3845957, 184226339]	[4979115, 173707219]	[8082107, 147991367]	[4158674, 145729302]	[3970511, 133307652]	[1852346, 122095297]	[2273088, 16313]	[1984272, 159970021]	[2648, 3310458]	[0, 0]
HIGADO_20	[1354485, 112626471]	[961468, 90463843]	[4396443, 52716770]	[852594, 114033958]	[14626176, 115493446]	[561318, 111246239]	[731722, 90668790]	[608573, 90843779]	[522266, 88201929]	[1352742, 62275575]	[6871735, 282763074]	[669499, 56205956]	[2311053, 266435125]	[1196571, 177699992]	[2012979, 184226339]	[3123616, 173707219]	[7133417, 147991367]	[3959685, 145729302]	[3147568, 133307652]	[1111317, 122095297]	[1491230, 16313]	[1665391, 159970021]	[1905, 3310458]	[0, 0]
HIGADO_21	[3329350, 112626471]	[2301981, 90463843]	[10312950, 52716770]	[2094485, 114033958]	[34241488, 115493446]	[1317732, 111246239]	[1533180, 90668790]	[1563772, 90843779]	[1608814, 88201929]	[3282291, 62275575]	[13246276, 282763074]	[1415239, 56205956]	[5430115, 266435125]	[2885788, 177699992]	[7010416, 184226339]	[10893793, 173707219]	[15799702, 147991367]	[9867969, 145729302]	[7839638, 133307652]	[2740935, 122095297]	[2799353, 16313]	[4369085, 159970021]	[16478, 3310458]	[0, 0]
HIGADO_22	[963412, 112626471]	[585460, 90463843]	[2074421, 52716770]	[521374, 114033958]	[13505277, 115493446]	[365471, 111246239]	[461837, 90668790]	[358525, 90843779]	[348678, 88201929]	[692773, 62275575]	[4588485, 282763074]	[449540, 56205956]	[1328827, 266435125]	[756330, 177699992]	[1790044, 184226339]	[2060878, 173707219]	[3912103, 147991367]	[1863093, 145729302]	[1774963, 133307652]	[726429, 122095297]	[854948, 16313]	[826236, 159970021]	[895, 3310458]	[0, 0]
HIGADO_23	[1987944, 112626471]	[1406141, 90463843]	[5565887, 52716770]	[1253639, 114033958]	[25862554, 115493446]	[761486, 111246239]	[1025766, 90668790]	[849265, 90843779]	[795915, 88201929]	[1730462, 62275575]	[9245383, 282763074]	[1062363, 56205956]	[3005945, 266435125]	[1767140, 177699992]	[2964987, 184226339]	[4553481, 173707219]	[8975404, 147991367]	[4596199, 145729302]	[4192407, 133307652]	[1772396, 122095297]	[2572939, 16313]	[2345868, 159970021]	[2942, 3310458]	[0, 0]
HIGADO_24	[2206509, 112626471]	[1504831, 90463843]	[10301736, 52716770]	[1346234, 114033958]	[23217521, 115493446]	[855547, 111246239]	[1144719, 90668790]	[989449, 90843779]	[894336, 88201929]	[2669581, 62275575]	[9299811, 282763074]	[1008125, 56205956]	[3555692, 266435125]	[1889311, 177699992]	[3680722, 184226339]	[4317343, 173707219]	[11609897, 147991367]	[8730959, 145729302]	[5946972, 133307652]	[1761237, 122095297]	[2252935, 16313]	[3812822, 159970021]	[3124, 3310458]	[0, 0]
HIGADO_25	[906689, 112626471]	[586840, 90463843]	[1428620, 52716770]	[660323, 114033958]	[6514926, 115493446]	[342663, 111246239]	[464067, 90668790]	[357551, 90843779]	[383823, 88201929]	[563892, 62275575]	[3377737, 282763074]	[426683, 56205956]	[1350907, 266435125]	[823740, 177699992]	[1865267, 184226339]	[3045569, 173707219]	[2577492, 147991367]	[1587727, 145729302]	[1849143, 133307652]	[791618, 122095297]	[963642, 16313]	[695017, 159970021]	[3946, 3310458]	[0, 0]
HIGADO_26	[1428639, 112626471]	[861903, 90463843]	[2588577, 52716770]	[834249, 114033958]	[8161246, 115493446]	[518695, 111246239]	[714596, 90668790]	[588872, 90843779]	[555845, 88201929]	[966932, 62275575]	[5332405, 282763074]	[641263, 56205956]	[1860033, 266435125]	[1168150, 177699992]	[2886216, 184226339]	[2753214, 173707219]	[4207372, 147991367]	[2688650, 145729302]	[2659715, 133307652]	[1234971, 122095297]	[1205938, 16313]	[1214294, 159970021]	[6198, 3310458]	[0, 0]
HIGADO_27	[2002620, 112626471]	[1221874, 90463843]	[3485564, 52716770]	[1338973, 114033958]	[10199486, 115493446]	[760816, 111246239]	[1026235, 90668790]	[802575, 90843779]	[810749, 88201929]	[1266885, 62275575]	[5823199, 282763074]	[936894, 56205956]	[2893729, 266435125]	[1756510, 177699992]	[5070680, 184226339]	[4822285, 173707219]	[5138637, 147991367]	[3641832, 145729302]	[3706475, 133307652]	[2016916, 122095297]	[1792832, 16313]	[1589944, 159970021]	[8447, 3310458]	[0, 0]
HIGADO_28	[1237792, 112626471]	[833557, 90463843]	[2410582, 52716770]	[826928, 114033958]	[7482262, 115493446]	[445231, 111246239]	[673750, 90668790]	[470970, 90843779]	[443149, 88201929]	[843077, 62275575]	[4589498, 282763074]	[634274, 56205956]	[1715102, 266435125]	[1090115, 177699992]	[2048393, 184226339]	[1958842, 173707219]	[3276938, 147991367]	[2386054, 145729302]	[2390459, 133307652]	[1074569, 122095297]	[1369665, 16313]	[1038095, 159970021]	[1241, 3310458]	[0, 0]
HIGADO_29	[1380485, 112626471]	[810508, 90463843]	[3572075, 52716770]	[851090, 114033958]	[11951153, 115493446]	[525393, 111246239]	[606705, 90668790]	[514156, 90843779]	[529580, 88201929]	[1033369, 62275575]	[5040393, 282763074]	[556317, 56205956]	[1850500, 266435125]	[1083355, 177699992]	[2769829, 184226339]	[2868062, 173707219]	[4886684, 147991367]	[3184977, 145729302]	[2702043, 133307652]	[1079279, 122095297]	[1213898, 16313]	[1423189, 159970021]	[5418, 3310458]	[0, 0]
HIGADO_30	[1679669, 112626471]	[994936, 90463843]	[4692043, 52716770]	[1114244, 114033958]	[12743283, 115493446]	[583062, 111246239]	[844084, 90668790]	[618001, 90843779]	[558801, 88201929]	[1277347, 62275575]	[6317364, 282763074]	[815745, 56205956]	[2689284, 266435125]	[1387635, 177699992]	[2798703, 184226339]	[2752416, 173707219]	[5966535, 147991367]	[4405556, 145729302]	[3545900, 133307652]	[1370094, 122095297]	[1487505, 16313]	[1754501, 159970021]	[1804, 3310458]	[0, 0]
HIGADO_31	[1231539, 112626471]	[769225, 90463843]	[2754016, 52716770]	[788530, 114033958]	[11605160, 115493446]	[495083, 111246239]	[568452, 90668790]	[513658, 90843779]	[497720, 88201929]	[861916, 62275575]	[4990521, 282763074]	[522236, 56205956]	[1764969, 266435125]	[1046084, 177699992]	[2829627, 184226339]	[3636728, 173707219]	[4386808, 147991367]	[2535171, 145729302]	[2345461, 133307652]	[1043372, 122095297]	[1119744, 16313]	[1146275, 159970021]	[6449, 3310458]	[0, 0]
HIGADO_32	[1272332, 112626471]	[828343, 90463843]	[2455965, 52716770]	[862008, 114033958]	[8851477, 115493446]	[484121, 111246239]	[638223, 90668790]	[517174, 90843779]	[570309, 88201929]	[849921, 62275575]	[4567725, 282763074]	[553605, 56205956]	[1812129, 266435125]	[1114866, 177699992]	[2692364, 184226339]	[3299969, 173707219]	[3708403, 147991367]	[2304853, 145729302]	[2464606, 133307652]	[1101403, 122095297]	[1019543, 16313]	[1038155, 159970021]	[5506, 3310458]	[0, 0]
HIGADO_33	[1503277, 112626471]	[1022380, 90463843]	[3420500, 52716770]	[965968, 114033958]	[18207762, 115493446]	[517300, 111246239]	[759317, 90668790]	[544585, 90843779]	[518169, 88201929]	[1042022, 62275575]	[6309550, 282763074]	[717756, 56205956]	[2151499, 266435125]	[1254888, 177699992]	[2509449, 184226339]	[3142534, 173707219]	[5615399, 147991367]	[3127641, 145729302]	[2889026, 133307652]	[1294433, 122095297]	[1599732, 16313]	[1383916, 159970021]	[1528, 3310458]	[0, 0]
HIGADO_34	[2951865, 112626471]	[1776383, 90463843]	[4171332, 52716770]	[1763297, 114033958]	[36152322, 115493446]	[1086962, 111246239]	[1259994, 90668790]	[1106465, 90843779]	[1087436, 88201929]	[1593587, 62275575]	[10137395, 282763074]	[1272926, 56205956]	[3971669, 266435125]	[2436474, 177699992]	[5247310, 184226339]	[8721685, 173707219]	[7780428, 147991367]	[4775966, 145729302]	[4881031, 133307652]	[2238298, 122095297]	[3050604, 16313]	[1946572, 159970021]	[12704, 3310458]	[0, 0]
HIGADO_35	[1581778, 112626471]	[849351, 90463843]	[3878989, 52716770]	[800411, 114033958]	[17068903, 115493446]	[504223, 111246239]	[625341, 90668790]	[585720, 90843779]	[558274, 88201929]	[993295, 62275575]	[5739521, 282763074]	[566922, 56205956]	[2045311, 266435125]	[1167949, 177699992]	[3006946, 184226339]	[3897730, 173707219]	[5826533, 147991367]	[3402688, 145729302]	[2756497, 133307652]	[1194423, 122095297]	[1391196, 16313]	[1502615, 159970021]	[5846, 3310458]	[0, 0]
HIGADO_36	[1794365, 112626471]	[1166650, 90463843]	[5031770, 52716770]	[1217416, 114033958]	[18730333, 115493446]	[610945, 111246239]	[938230, 90668790]	[667767, 90843779]	[609214, 88201929]	[1262675, 62275575]	[6679230, 282763074]	[847458, 56205956]	[2790772, 266435125]	[1454982, 177699992]	[2917602, 184226339]	[3053091, 173707219]	[6763389, 147991367]	[4787406, 145729302]	[3712765, 133307652]	[1484330, 122095297]	[1830994, 16313]	[2040928, 159970021]	[1936, 3310458]	[0, 0]
HIGADO_37	[1373255, 112626471]	[869738, 90463843]	[2862824, 52716770]	[891759, 114033958]	[10677373, 115493446]	[514196, 111246239]	[711131, 90668790]	[532066, 90843779]	[496828, 88201929]	[794346, 62275575]	[5293128, 282763074]	[687415, 56205956]	[1994431, 266435125]	[1184546, 177699992]	[2326315, 184226339]	[2622559, 173707219]	[3996581, 147991367]	[2671381, 145729302]	[2571008, 133307652]	[1176126, 122095297]	[1740954, 16313]	[1201346, 159970021]	[2383, 3310458]	[0, 0]
HIGADO_38	[1361211, 112626471]	[862950, 90463843]	[3558700, 52716770]	[826905, 114033958]	[10340547, 115493446]	[493878, 111246239]	[667444, 90668790]	[530792, 90843779]	[501134, 88201929]	[965840, 62275575]	[5039709, 282763074]	[598427, 56205956]	[1881639, 266435125]	[1151401, 177699992]	[2461710, 184226339]	[2304642, 173707219]	[4346191, 147991367]	[2944938, 145729302]	[2542046, 133307652]	[1118938, 122095297]	[1339936, 16313]	[1323882, 159970021]	[1643, 3310458]	[0, 0]
HIGADO_39	[1652672, 112626471]	[970907, 90463843]	[4125039, 52716770]	[1019597, 114033958]	[13675858, 115493446]	[656500, 111246239]	[716098, 90668790]	[612792, 90843779]	[632438, 88201929]	[1124824, 62275575]	[5859312, 282763074]	[691596, 56205956]	[2348229, 266435125]	[1344988, 177699992]	[3243384, 184226339]	[4199626, 173707219]	[6045131, 147991367]	[3656218, 145729302]	[3216032, 133307652]	[1252782, 122095297]	[2280248, 16313]	[1607214, 159970021]	[7137, 3310458]	[0, 0]
HIGADO_40	[1339473, 112626471]	[817553, 90463843]	[3248302, 52716770]	[896842, 114033958]	[13444203, 115493446]	[543028, 111246239]	[622074, 90668790]	[544753, 90843779]	[552276, 88201929]	[934309, 62275575]	[5774785, 282763074]	[545062, 56205956]	[1984900, 266435125]	[1130061, 177699992]	[3084520, 184226339]	[4216006, 173707219]	[5146235, 147991367]	[2998389, 145729302]	[2684646, 133307652]	[1082190, 122095297]	[1758959, 16313]	[1395860, 159970021]	[6324, 3310458]	[0, 0]
HIGADO_41	[1996575, 112626471]	[1358802, 90463843]	[4861754, 52716770]	[1253948, 114033958]	[33660145, 115493446]	[802344, 111246239]	[976483, 90668790]	[916223, 90843779]	[813598, 88201929]	[1461139, 62275575]	[9944245, 282763074]	[983322, 56205956]	[2863843, 266435125]	[1733257, 177699992]	[3888652, 184226339]	[5157696, 173707219]	[9019199, 147991367]	[4606269, 145729302]	[4244446, 133307652]	[1728363, 122095297]	[3091321, 16313]	[2088114, 159970021]	[3070, 3310458]	[0, 0]
HIGADO_42	[2033986, 112626471]	[1288675, 90463843]	[6866995, 52716770]	[1383916, 114033958]	[19363326, 115493446]	[813458, 111246239]	[972556, 90668790]	[858136, 90843779]	[885765, 88201929]	[1628587, 62275575]	[7554049, 282763074]	[921402, 56205956]	[3114872, 266435125]	[1807265, 177699992]	[4837260, 184226339]	[7032650, 173707219]	[8128150, 147991367]	[5562723, 145729302]	[4647858, 133307652]	[1703285, 122095297]	[2028644, 16313]	[2567877, 159970021]	[10312, 3310458]	[0, 0]
HIGADO_43	[1898609, 112626471]	[1160513, 90463843]	[4576789, 52716770]	[1274869, 114033958]	[22944432, 115493446]	[731170, 111246239]	[940061, 90668790]	[784111, 90843779]	[768320, 88201929]	[1243578, 62275575]	[6664517, 282763074]	[852125, 56205956]	[2815523, 266435125]	[1617109, 177699992]	[4215178, 184226339]	[6292294, 173707219]	[6304122, 147991367]	[4082140, 145729302]	[3775256, 133307652]	[1561117, 122095297]	[2581671, 16313]	[1793572, 159970021]	[8923, 3310458]	[0, 0]
HIGADO_44	[1221775, 112626471]	[832852, 90463843]	[3144063, 52716770]	[860665, 114033958]	[17480778, 115493446]	[528440, 111246239]	[627875, 90668790]	[542626, 90843779]	[519182, 88201929]	[973233, 62275575]	[5149185, 282763074]	[662915, 56205956]	[1880585, 266435125]	[1114935, 177699992]	[2751306, 184226339]	[3474395, 173707219]	[4704791, 147991367]	[3062692, 145729302]	[2810882, 133307652]	[1046758, 122095297]	[2634346, 16313]	[1410422, 159970021]	[5773, 3310458]	[0, 0]
HIGADO_45	[1616842, 112626471]	[1053524, 90463843]	[5227738, 52716770]	[1082840, 114033958]	[31396088, 115493446]	[675611, 111246239]	[751712, 90668790]	[662477, 90843779]	[669533, 88201929]	[1262983, 62275575]	[8817722, 282763074]	[802234, 56205956]	[2532821, 266435125]	[1432523, 177699992]	[3561487, 184226339]	[6399192, 173707219]	[8358943, 147991367]	[4371243, 145729302]	[3751933, 133307652]	[1319114, 122095297]	[2760954, 16313]	[1885289, 159970021]	[7605, 3310458]	[0, 0]
HIGADO_46	[1240170, 112626471]	[852965, 90463843]	[4845060, 52716770]	[826966, 114033958]	[13258124, 115493446]	[498210, 111246239]	[634656, 90668790]	[507546, 90843779]	[466706, 88201929]	[1125653, 62275575]	[4994594, 282763074]	[578059, 56205956]	[1965676, 266435125]	[1059648, 177699992]	[2642204, 184226339]	[2901519, 173707219]	[5785004, 147991367]	[3817367, 145729302]	[3040538, 133307652]	[1018060, 122095297]	[1497593, 16313]	[1711832, 159970021]	[4909, 3310458]	[0, 0]
HIGADO_47	[1026740, 112626471]	[688894, 90463843]	[3402515, 52716770]	[648657, 114033958]	[20513888, 115493446]	[392281, 111246239]	[543427, 90668790]	[439522, 90843779]	[393560, 88201929]	[874774, 62275575]	[5430907, 282763074]	[518462, 56205956]	[1576783, 266435125]	[888127, 177699992]	[1753092, 184226339]	[2695819, 173707219]	[5581995, 147991367]	[3038440, 145729302]	[2305071, 133307652]	[820231, 122095297]	[1701939, 16313]	[1355321, 159970021]	[1316, 3310458]	[0, 0]
HIGADO_48	[1213390, 112626471]	[760789, 90463843]	[3637361, 52716770]	[764989, 114033958]	[37021419, 115493446]	[474560, 111246239]	[596008, 90668790]	[514895, 90843779]	[468882, 88201929]	[977573, 62275575]	[9880806, 282763074]	[635690, 56205956]	[1946761, 266435125]	[1057790, 177699992]	[2049625, 184226339]	[5380128, 173707219]	[8250155, 147991367]	[3371290, 145729302]	[2611557, 133307652]	[930803, 122095297]	[1778181, 16313]	[1460829, 159970021]	[2417, 3310458]	[0, 0]
HIGADO_49	[2739658, 112626471]	[1817808, 90463843]	[8989330, 52716770]	[1499126, 114033958]	[26330876, 115493446]	[933043, 111246239]	[1250334, 90668790]	[1042645, 90843779]	[1053849, 88201929]	[2756290, 62275575]	[10964014, 282763074]	[1181212, 56205956]	[4448354, 266435125]	[2171136, 177699992]	[4275645, 184226339]	[5258091, 173707219]	[14389600, 147991367]	[6862536, 145729302]	[5746402, 133307652]	[2092374, 122095297]	[2386664, 16313]	[3480308, 159970021]	[3642, 3310458]	[0, 0]
HIGADO_50	[1697568, 112626471]	[1085754, 90463843]	[5795263, 52716770]	[947163, 114033958]	[15433981, 115493446]	[573578, 111246239]	[779691, 90668790]	[565223, 90843779]	[532222, 88201929]	[1582688, 62275575]	[6604736, 282763074]	[749769, 56205956]	[2474026, 266435125]	[1328113, 177699992]	[2131554, 184226339]	[3051277, 173707219]	[7944951, 147991367]	[4893303, 145729302]	[3719263, 133307652]	[1347419, 122095297]	[1469138, 16313]	[2061606, 159970021]	[1948, 3310458]	[0, 0]
HIGADO_51	[1482052, 112626471]	[984674, 90463843]	[5130944, 52716770]	[869152, 114033958]	[12645155, 115493446]	[552872, 111246239]	[691031, 90668790]	[556836, 90843779]	[551974, 88201929]	[1418381, 62275575]	[6175830, 282763074]	[649612, 56205956]	[2413816, 266435125]	[1216404, 177699992]	[2479572, 184226339]	[3053016, 173707219]	[7357032, 147991367]	[4339668, 145729302]	[3242064, 133307652]	[1243597, 122095297]	[1588699, 16313]	[1948687, 159970021]	[3439, 3310458]	[0, 0]
HIGADO_52	[2145800, 112626471]	[1397889, 90463843]	[4523933, 52716770]	[1146180, 114033958]	[33640115, 115493446]	[788697, 111246239]	[842358, 90668790]	[691172, 90843779]	[719471, 88201929]	[1535843, 62275575]	[8368190, 282763074]	[738022, 56205956]	[3316650, 266435125]	[1658171, 177699992]	[3914936, 184226339]	[4793897, 173707219]	[8551677, 147991367]	[4448198, 145729302]	[3859535, 133307652]	[1629725, 122095297]	[1379081, 16313]	[1865986, 159970021]	[8412, 3310458]	[0, 0]
HIGADO_53	[1566678, 112626471]	[995492, 90463843]	[4856458, 52716770]	[805838, 114033958]	[14339265, 115493446]	[497690, 111246239]	[661364, 90668790]	[491249, 90843779]	[482038, 88201929]	[1398046, 62275575]	[5911811, 282763074]	[587587, 56205956]	[2289453, 266435125]	[1147280, 177699992]	[1874887, 184226339]	[2778187, 173707219]	[7788924, 147991367]	[4116302, 145729302]	[3077799, 133307652]	[1174418, 122095297]	[1000258, 16313]	[1763591, 159970021]	[1766, 3310458]	[0, 0]
HIGADO_54	[1688407, 112626471]	[1054703, 90463843]	[3560994, 52716770]	[999473, 114033958]	[12406180, 115493446]	[552455, 111246239]	[808527, 90668790]	[600199, 90843779]	[581757, 88201929]	[1177265, 62275575]	[6162348, 282763074]	[749807, 56205956]	[2247075, 266435125]	[1357982, 177699992]	[2765312, 184226339]	[2785519, 173707219]	[5387740, 147991367]	[3394931, 145729302]	[3115158, 133307652]	[1380341, 122095297]	[1572178, 16313]	[1517218, 159970021]	[1492, 3310458]	[0, 0]
HIGADO_55	[1279270, 112626471]	[801959, 90463843]	[4286905, 52716770]	[814894, 114033958]	[16943415, 115493446]	[485331, 111246239]	[555284, 90668790]	[494786, 90843779]	[508318, 88201929]	[1303434, 62275575]	[5835305, 282763074]	[507700, 56205956]	[2078844, 266435125]	[1033229, 177699992]	[2389850, 184226339]	[5330384, 173707219]	[6913354, 147991367]	[3699023, 145729302]	[2845036, 133307652]	[986831, 122095297]	[1176488, 16313]	[1598563, 159970021]	[5390, 3310458]	[0, 0]
HIGADO_56	[1236833, 112626471]	[781968, 90463843]	[2953448, 52716770]	[675267, 114033958]	[21882095, 115493446]	[405386, 111246239]	[515851, 90668790]	[419473, 90843779]	[458286, 88201929]	[998272, 62275575]	[6423930, 282763074]	[467412, 56205956]	[1864447, 266435125]	[998537, 177699992]	[2409320, 184226339]	[4256316, 173707219]	[6423728, 147991367]	[2677031, 145729302]	[2341272, 133307652]	[1002873, 122095297]	[942494, 16313]	[1196294, 159970021]	[5621, 3310458]	[0, 0]
HIGADO_57	[1577130, 112626471]	[1015024, 90463843]	[4489926, 52716770]	[887842, 114033958]	[42863304, 115493446]	[528363, 111246239]	[638109, 90668790]	[513974, 90843779]	[519807, 88201929]	[1418483, 62275575]	[9033608, 282763074]	[644227, 56205956]	[2410160, 266435125]	[1235171, 177699992]	[2503548, 184226339]	[7151508, 173707219]	[9617591, 147991367]	[4171142, 145729302]	[3185555, 133307652]	[1170977, 122095297]	[1871464, 16313]	[1684826, 159970021]	[5503, 3310458]	[0, 0]
HIGADO_58	[1617740, 112626471]	[976180, 90463843]	[2059154, 52716770]	[860631, 114033958]	[22557958, 115493446]	[472784, 111246239]	[673470, 90668790]	[502977, 90843779]	[520042, 88201929]	[932666, 62275575]	[6070994, 282763074]	[652746, 56205956]	[2261991, 266435125]	[1237848, 177699992]	[2653231, 184226339]	[3930835, 173707219]	[5050070, 147991367]	[2367684, 145729302]	[2522248, 133307652]	[1246848, 122095297]	[1720056, 16313]	[1040161, 159970021]	[5613, 3310458]	[0, 0]
HIGADO_59	[1540101, 112626471]	[930458, 90463843]	[2981604, 52716770]	[927236, 114033958]	[14927895, 115493446]	[508286, 111246239]	[657997, 90668790]	[519729, 90843779]	[545868, 88201929]	[1193832, 62275575]	[5316027, 282763074]	[635391, 56205956]	[2246222, 266435125]	[1223495, 177699992]	[3357572, 184226339]	[4587853, 173707219]	[5829005, 147991367]	[2774553, 145729302]	[2893552, 133307652]	[1267226, 122095297]	[1140005, 16313]	[1261767, 159970021]	[5295, 3310458]	[0, 0]
HIGADO_60	[1498550, 112626471]	[966695, 90463843]	[2447472, 52716770]	[727215, 114033958]	[35328988, 115493446]	[521312, 111246239]	[596006, 90668790]	[516607, 90843779]	[502128, 88201929]	[892544, 62275575]	[6461800, 282763074]	[552805, 56205956]	[2376398, 266435125]	[1222972, 177699992]	[2580253, 184226339]	[3768962, 173707219]	[5563968, 147991367]	[2475484, 145729302]	[2312210, 133307652]	[1170442, 122095297]	[1222807, 16313]	[1107770, 159970021]	[6715, 3310458]	[0, 0]
MUSCULO_100	[6719558, 112626471]	[1499605, 90463843]	[7571805, 52716770]	[1466786, 114033958]	[36296080, 115493446]	[1670987, 111246239]	[1679234, 90668790]	[1616024, 90843779]	[1452670, 88201929]	[3915287, 62275575]	[14404507, 282763074]	[1433804, 56205956]	[4823735, 266435125]	[9022658, 177699992]	[3137408, 184226339]	[6825535, 173707219]	[9590472, 147991367]	[7794135, 145729302]	[7089685, 133307652]	[2680259, 122095297]	[10187978, 16313]	[3179996, 159970021]	[16769, 3310458]	[0, 0]
MUSCULO_101	[4296303, 112626471]	[806179, 90463843]	[2756994, 52716770]	[816865, 114033958]	[13953925, 115493446]	[724690, 111246239]	[952007, 90668790]	[832634, 90843779]	[747080, 88201929]	[1887117, 62275575]	[7941138, 282763074]	[780875, 56205956]	[2340325, 266435125]	[6328705, 177699992]	[1834347, 184226339]	[3371296, 173707219]	[3639247, 147991367]	[3412106, 145729302]	[3074227, 133307652]	[1472809, 122095297]	[3733732, 16313]	[1337292, 159970021]	[9940, 3310458]	[0, 0]
MUSCULO_102	[1897005, 112626471]	[430005, 90463843]	[2013979, 52716770]	[406188, 114033958]	[7246630, 115493446]	[442064, 111246239]	[477517, 90668790]	[503179, 90843779]	[425791, 88201929]	[1007412, 62275575]	[3870620, 282763074]	[428993, 56205956]	[1314220, 266435125]	[2403293, 177699992]	[951685, 184226339]	[1705456, 173707219]	[2236704, 147991367]	[2080889, 145729302]	[1915121, 133307652]	[733905, 122095297]	[2725632, 16313]	[893976, 159970021]	[1011, 3310458]	[0, 0]
MUSCULO_103	[2098173, 112626471]	[463099, 90463843]	[2424091, 52716770]	[398922, 114033958]	[15700353, 115493446]	[412012, 111246239]	[474000, 90668790]	[449392, 90843779]	[398744, 88201929]	[1301571, 62275575]	[5478200, 282763074]	[391962, 56205956]	[1360146, 266435125]	[2946358, 177699992]	[990003, 184226339]	[2600912, 173707219]	[4092800, 147991367]	[2231601, 145729302]	[1893903, 133307652]	[773661, 122095297]	[2212928, 16313]	[976136, 159970021]	[5348, 3310458]	[0, 0]
MUSCULO_104	[3361763, 112626471]	[758184, 90463843]	[3616670, 52716770]	[716575, 114033958]	[10253705, 115493446]	[909411, 111246239]	[774222, 90668790]	[806187, 90843779]	[688877, 88201929]	[1856391, 62275575]	[6346306, 282763074]	[660010, 56205956]	[2444747, 266435125]	[5695306, 177699992]	[1612313, 184226339]	[2489510, 173707219]	[3922817, 147991367]	[3852643, 145729302]	[3110975, 133307652]	[1311822, 122095297]	[2407707, 16313]	[1653875, 159970021]	[8627, 3310458]	[0, 0]
MUSCULO_105	[3289160, 112626471]	[709058, 90463843]	[3936123, 52716770]	[669882, 114033958]	[16563521, 115493446]	[638894, 111246239]	[742161, 90668790]	[655736, 90843779]	[606049, 88201929]	[1927810, 62275575]	[7678538, 282763074]	[569950, 56205956]	[2153802, 266435125]	[3485262, 177699992]	[1430688, 184226339]	[2779660, 173707219]	[4643209, 147991367]	[3839100, 145729302]	[3136612, 133307652]	[1276458, 122095297]	[1872882, 16313]	[1522320, 159970021]	[6673, 3310458]	[0, 0]
MUSCULO_106	[1988367, 112626471]	[546033, 90463843]	[2458016, 52716770]	[481608, 114033958]	[12826840, 115493446]	[512834, 111246239]	[568210, 90668790]	[560616, 90843779]	[475939, 88201929]	[1245058, 62275575]	[8548026, 282763074]	[486419, 56205956]	[1649492, 266435125]	[2239670, 177699992]	[1149083, 184226339]	[3990464, 173707219]	[5425838, 147991367]	[2587580, 145729302]	[2488100, 133307652]	[903615, 122095297]	[2692122, 16313]	[1202609, 159970021]	[8121, 3310458]	[0, 0]
MUSCULO_107	[3646880, 112626471]	[816437, 90463843]	[4103065, 52716770]	[714877, 114033958]	[10135328, 115493446]	[678139, 111246239]	[789161, 90668790]	[774190, 90843779]	[682449, 88201929]	[1807899, 62275575]	[7060319, 282763074]	[688040, 56205956]	[2466680, 266435125]	[4361577, 177699992]	[1605194, 184226339]	[2779852, 173707219]	[4830259, 147991367]	[4159519, 145729302]	[3334619, 133307652]	[1442570, 122095297]	[2441926, 16313]	[1828835, 159970021]	[9494, 3310458]	[0, 0]
MUSCULO_108	[5033461, 112626471]	[1071947, 90463843]	[4341389, 52716770]	[966769, 114033958]	[16906329, 115493446]	[955205, 111246239]	[1171337, 90668790]	[1146518, 90843779]	[1013667, 88201929]	[2386250, 62275575]	[10273777, 282763074]	[1168112, 56205956]	[3279402, 266435125]	[6558280, 177699992]	[2281926, 184226339]	[4588516, 173707219]	[6358975, 147991367]	[5054991, 145729302]	[4355138, 133307652]	[1819674, 122095297]	[7771213, 16313]	[1900730, 159970021]	[11601, 3310458]	[0, 0]
MUSCULO_109	[2615039, 112626471]	[526110, 90463843]	[2014108, 52716770]	[537242, 114033958]	[7858753, 115493446]	[505661, 111246239]	[623453, 90668790]	[537038, 90843779]	[494263, 88201929]	[1297449, 62275575]	[5470172, 282763074]	[511396, 56205956]	[1545306, 266435125]	[3735798, 177699992]	[1167798, 184226339]	[2182727, 173707219]	[2523466, 147991367]	[2193665, 145729302]	[2059945, 133307652]	[978819, 122095297]	[2181181, 16313]	[838435, 159970021]	[5417, 3310458]	[0, 0]
MUSCULO_110	[2579782, 112626471]	[600840, 90463843]	[2192678, 52716770]	[547707, 114033958]	[13432006, 115493446]	[501341, 111246239]	[657454, 90668790]	[545665, 90843779]	[500514, 88201929]	[1429304, 62275575]	[7622075, 282763074]	[490843, 56205956]	[1646585, 266435125]	[2598405, 177699992]	[1264103, 184226339]	[3300527, 173707219]	[4219200, 147991367]	[2425148, 145729302]	[2170723, 133307652]	[1004545, 122095297]	[1436085, 16313]	[972996, 159970021]	[2131, 3310458]	[0, 0]
MUSCULO_111	[2533334, 112626471]	[581588, 90463843]	[2370257, 52716770]	[487142, 114033958]	[13452826, 115493446]	[463083, 111246239]	[565556, 90668790]	[506674, 90843779]	[466745, 88201929]	[1237205, 62275575]	[5807269, 282763074]	[485635, 56205956]	[1746546, 266435125]	[2685785, 177699992]	[1133225, 184226339]	[2358382, 173707219]	[3813889, 147991367]	[2494840, 145729302]	[2229368, 133307652]	[969345, 122095297]	[1754949, 16313]	[1069189, 159970021]	[5894, 3310458]	[0, 0]
MUSCULO_112	[3485948, 112626471]	[748574, 90463843]	[3648402, 52716770]	[713916, 114033958]	[9418276, 115493446]	[604078, 111246239]	[747712, 90668790]	[771786, 90843779]	[641753, 88201929]	[1676609, 62275575]	[7244362, 282763074]	[658256, 56205956]	[2323653, 266435125]	[4035224, 177699992]	[1565073, 184226339]	[2760849, 173707219]	[4176564, 147991367]	[3478116, 145729302]	[3041332, 133307652]	[1269576, 122095297]	[2150203, 16313]	[1537855, 159970021]	[2079, 3310458]	[0, 0]
MUSCULO_113	[3564298, 112626471]	[835807, 90463843]	[2799119, 52716770]	[845972, 114033958]	[2434614, 115493446]	[699045, 111246239]	[815372, 90668790]	[825772, 90843779]	[678548, 88201929]	[1320707, 62275575]	[6303543, 282763074]	[790785, 56205956]	[2577503, 266435125]	[4464813, 177699992]	[1703299, 184226339]	[2247630, 173707219]	[3044380, 147991367]	[3193547, 145729302]	[2925110, 133307652]	[1539282, 122095297]	[2079714, 16313]	[1522992, 159970021]	[3459, 3310458]	[0, 0]
MUSCULO_114	[3184380, 112626471]	[625002, 90463843]	[2358125, 52716770]	[605588, 114033958]	[7736961, 115493446]	[531312, 111246239]	[620741, 90668790]	[637099, 90843779]	[535631, 88201929]	[1087874, 62275575]	[5820806, 282763074]	[940919, 56205956]	[2058721, 266435125]	[4117519, 177699992]	[1469448, 184226339]	[3145122, 173707219]	[4280337, 147991367]	[2741715, 145729302]	[2700390, 133307652]	[1258615, 122095297]	[6242085, 16313]	[1652237, 159970021]	[9540, 3310458]	[0, 0]
MUSCULO_115	[4295974, 112626471]	[912604, 90463843]	[4266608, 52716770]	[908371, 114033958]	[6048703, 115493446]	[785749, 111246239]	[895565, 90668790]	[983138, 90843779]	[796616, 88201929]	[1661848, 62275575]	[7146130, 282763074]	[1039806, 56205956]	[2893664, 266435125]	[5958610, 177699992]	[1888491, 184226339]	[2998480, 173707219]	[4865617, 147991367]	[4479833, 145729302]	[4039807, 133307652]	[1603641, 122095297]	[5383384, 16313]	[2076497, 159970021]	[3446, 3310458]	[0, 0]
MUSCULO_116	[6050426, 112626471]	[1322273, 90463843]	[9648944, 52716770]	[1160200, 114033958]	[26307592, 115493446]	[1110713, 111246239]	[1324610, 90668790]	[1442626, 90843779]	[1199204, 88201929]	[2982651, 62275575]	[14424925, 282763074]	[1531255, 56205956]	[4089281, 266435125]	[6206879, 177699992]	[2720972, 184226339]	[7092091, 173707219]	[11620188, 147991367]	[8439451, 145729302]	[6822800, 133307652]	[2167639, 122095297]	[10919578, 16313]	[3535942, 159970021]	[16111, 3310458]	[0, 0]
MUSCULO_117	[2323093, 112626471]	[549775, 90463843]	[1882010, 52716770]	[505259, 114033958]	[4999878, 115493446]	[422902, 111246239]	[561263, 90668790]	[566589, 90843779]	[476062, 88201929]	[989835, 62275575]	[5056916, 282763074]	[605650, 56205956]	[1656608, 266435125]	[2235657, 177699992]	[1100901, 184226339]	[2165546, 173707219]	[2776827, 147991367]	[2110766, 145729302]	[2276106, 133307652]	[919461, 122095297]	[3325935, 16313]	[961942, 159970021]	[1466, 3310458]	[0, 0]
MUSCULO_118	[3501120, 112626471]	[714109, 90463843]	[3647485, 52716770]	[676299, 114033958]	[12016901, 115493446]	[631234, 111246239]	[782795, 90668790]	[751282, 90843779]	[638936, 88201929]	[1844692, 62275575]	[7533277, 282763074]	[635926, 56205956]	[2104705, 266435125]	[4847125, 177699992]	[1578667, 184226339]	[3108780, 173707219]	[4367945, 147991367]	[3653600, 145729302]	[3014126, 133307652]	[1299452, 122095297]	[2019195, 16313]	[1470418, 159970021]	[7796, 3310458]	[0, 0]
MUSCULO_119	[2664868, 112626471]	[625693, 90463843]	[2178251, 52716770]	[557317, 114033958]	[16969809, 115493446]	[488121, 111246239]	[635090, 90668790]	[599179, 90843779]	[536569, 88201929]	[1150354, 62275575]	[10824152, 282763074]	[692675, 56205956]	[1949995, 266435125]	[2857751, 177699992]	[1253112, 184226339]	[5613587, 173707219]	[6414431, 147991367]	[2701564, 145729302]	[2493675, 133307652]	[1004354, 122095297]	[4032714, 16313]	[1084619, 159970021]	[1671, 3310458]	[0, 0]
MUSCULO_120	[3294289, 112626471]	[707617, 90463843]	[3564612, 52716770]	[720531, 114033958]	[7486350, 115493446]	[584865, 111246239]	[737577, 90668790]	[718535, 90843779]	[635372, 88201929]	[1680679, 62275575]	[6551537, 282763074]	[606682, 56205956]	[2090893, 266435125]	[3543920, 177699992]	[1478448, 184226339]	[2188421, 173707219]	[3606482, 147991367]	[3524308, 145729302]	[2927476, 133307652]	[1373138, 122095297]	[1143616, 16313]	[1575352, 159970021]	[1900, 3310458]	[0, 0]
MUSCULO_61	[4341115, 112626471]	[967446, 90463843]	[6014263, 52716770]	[899589, 114033958]	[22800456, 115493446]	[815922, 111246239]	[1025564, 90668790]	[986816, 90843779]	[845191, 88201929]	[2626802, 62275575]	[10338895, 282763074]	[860052, 56205956]	[2964443, 266435125]	[4984439, 177699992]	[1995505, 184226339]	[4484862, 173707219]	[8311573, 147991367]	[5218470, 145729302]	[4181314, 133307652]	[1624818, 122095297]	[3772273, 16313]	[2130947, 159970021]	[2276, 3310458]	[0, 0]
MUSCULO_62	[6723506, 112626471]	[1261894, 90463843]	[6319266, 52716770]	[1223735, 114033958]	[6275156, 115493446]	[1026540, 111246239]	[1274721, 90668790]	[1330134, 90843779]	[1133858, 88201929]	[3269795, 62275575]	[10941404, 282763074]	[1117451, 56205956]	[3974758, 266435125]	[9367126, 177699992]	[2618808, 184226339]	[3826794, 173707219]	[6492648, 147991367]	[6355151, 145729302]	[5288371, 133307652]	[2321437, 122095297]	[3993103, 16313]	[2613638, 159970021]	[3574, 3310458]	[0, 0]
MUSCULO_63	[4938656, 112626471]	[1076244, 90463843]	[7298813, 52716770]	[966107, 114033958]	[14716174, 115493446]	[904401, 111246239]	[1090139, 90668790]	[1053125, 90843779]	[908786, 88201929]	[3101874, 62275575]	[11354137, 282763074]	[912499, 56205956]	[3253539, 266435125]	[5836807, 177699992]	[2167533, 184226339]	[4321812, 173707219]	[8132340, 147991367]	[6321230, 145729302]	[4901841, 133307652]	[1764032, 122095297]	[3817463, 16313]	[2761048, 159970021]	[12183, 3310458]	[0, 0]
MUSCULO_64	[2872580, 112626471]	[595307, 90463843]	[4439434, 52716770]	[530778, 114033958]	[9749224, 115493446]	[585655, 111246239]	[617026, 90668790]	[638859, 90843779]	[530711, 88201929]	[1890828, 62275575]	[5704182, 282763074]	[512225, 56205956]	[1925815, 266435125]	[4012708, 177699992]	[1183394, 184226339]	[2632476, 173707219]	[5644249, 147991367]	[3938276, 145729302]	[2779028, 133307652]	[1013003, 122095297]	[2943471, 16313]	[1631662, 159970021]	[6258, 3310458]	[0, 0]
MUSCULO_65	[2376614, 112626471]	[511906, 90463843]	[4056588, 52716770]	[453026, 114033958]	[4044086, 115493446]	[439252, 111246239]	[505798, 90668790]	[521126, 90843779]	[455638, 88201929]	[1439637, 62275575]	[4317078, 282763074]	[439894, 56205956]	[1581794, 266435125]	[3549294, 177699992]	[1065735, 184226339]	[1986375, 173707219]	[3681189, 147991367]	[3157021, 145729302]	[2337798, 133307652]	[864797, 122095297]	[2651924, 16313]	[1367104, 159970021]	[6250, 3310458]	[0, 0]
MUSCULO_66	[1886019, 112626471]	[525447, 90463843]	[2127796, 52716770]	[531605, 114033958]	[2623895, 115493446]	[646321, 111246239]	[559660, 90668790]	[578667, 90843779]	[501875, 88201929]	[1100882, 62275575]	[3595541, 282763074]	[508758, 56205956]	[1754759, 266435125]	[3449993, 177699992]	[1094332, 184226339]	[1671237, 173707219]	[2215883, 147991367]	[2254261, 145729302]	[2196661, 133307652]	[934568, 122095297]	[2298289, 16313]	[1078099, 159970021]	[6378, 3310458]	[0, 0]
MUSCULO_67	[2391147, 112626471]	[514673, 90463843]	[3143718, 52716770]	[482312, 114033958]	[7294310, 115493446]	[445548, 111246239]	[531223, 90668790]	[542847, 90843779]	[439073, 88201929]	[1214066, 62275575]	[4757213, 282763074]	[547553, 56205956]	[1566271, 266435125]	[3358349, 177699992]	[1037184, 184226339]	[2159721, 173707219]	[3363951, 147991367]	[2869243, 145729302]	[2440200, 133307652]	[864126, 122095297]	[4020449, 16313]	[1223226, 159970021]	[5907, 3310458]	[0, 0]
MUSCULO_68	[2224014, 112626471]	[489392, 90463843]	[2713375, 52716770]	[485996, 114033958]	[5640355, 115493446]	[438373, 111246239]	[539228, 90668790]	[503452, 90843779]	[429661, 88201929]	[1252282, 62275575]	[4591773, 282763074]	[458875, 56205956]	[1408462, 266435125]	[3106880, 177699992]	[993530, 184226339]	[1795843, 173707219]	[2835466, 147991367]	[2709366, 145729302]	[2263458, 133307652]	[826687, 122095297]	[2000136, 16313]	[1165421, 159970021]	[5461, 3310458]	[0, 0]
MUSCULO_69	[1841893, 112626471]	[478675, 90463843]	[2547467, 52716770]	[478090, 114033958]	[6214451, 115493446]	[643720, 111246239]	[511601, 90668790]	[576296, 90843779]	[487935, 88201929]	[1239590, 62275575]	[3832018, 282763074]	[493623, 56205956]	[1522550, 266435125]	[3461920, 177699992]	[1033504, 184226339]	[1894557, 173707219]	[2782703, 147991367]	[2504853, 145729302]	[2236861, 133307652]	[832932, 122095297]	[3393502, 16313]	[1217792, 159970021]	[6224, 3310458]	[0, 0]
MUSCULO_70	[2338858, 112626471]	[572059, 90463843]	[2973273, 52716770]	[494850, 114033958]	[8190951, 115493446]	[461111, 111246239]	[544680, 90668790]	[545644, 90843779]	[451406, 88201929]	[1298029, 62275575]	[4621073, 282763074]	[575800, 56205956]	[1827066, 266435125]	[3127824, 177699992]	[1075810, 184226339]	[2172793, 173707219]	[3635528, 147991367]	[2992097, 145729302]	[2523698, 133307652]	[882806, 122095297]	[3916294, 16313]	[1306492, 159970021]	[1439, 3310458]	[0, 0]
MUSCULO_71	[2467356, 112626471]	[612096, 90463843]	[2987506, 52716770]	[578849, 114033958]	[4320236, 115493446]	[609926, 111246239]	[616074, 90668790]	[638301, 90843779]	[536092, 88201929]	[1406457, 62275575]	[4888748, 282763074]	[524102, 56205956]	[1849998, 266435125]	[3229338, 177699992]	[1227425, 184226339]	[1967812, 173707219]	[3160135, 147991367]	[2995216, 145729302]	[2592898, 133307652]	[1038345, 122095297]	[2376513, 16313]	[1321381, 159970021]	[6494, 3310458]	[0, 0]
MUSCULO_72	[1665106, 112626471]	[361277, 90463843]	[2291199, 52716770]	[334928, 114033958]	[5882213, 115493446]	[334203, 111246239]	[393777, 90668790]	[423225, 90843779]	[357336, 88201929]	[886887, 62275575]	[3327853, 282763074]	[381784, 56205956]	[1109910, 266435125]	[2338926, 177699992]	[829669, 184226339]	[1498543, 173707219]	[2418481, 147991367]	[2234979, 145729302]	[1726798, 133307652]	[600876, 122095297]	[2397723, 16313]	[944781, 159970021]	[4051, 3310458]	[0, 0]
MUSCULO_73	[3915919, 112626471]	[709842, 90463843]	[2925577, 52716770]	[697752, 114033958]	[20387278, 115493446]	[603033, 111246239]	[791963, 90668790]	[659897, 90843779]	[609416, 88201929]	[1890017, 62275575]	[10512511, 282763074]	[610206, 56205956]	[2090169, 266435125]	[5506143, 177699992]	[1527175, 184226339]	[4348976, 173707219]	[5541092, 147991367]	[3026644, 145729302]	[2659099, 133307652]	[1367572, 122095297]	[1367227, 16313]	[1174038, 159970021]	[7752, 3310458]	[0, 0]
MUSCULO_74	[2688137, 112626471]	[726540, 90463843]	[2593575, 52716770]	[809521, 114033958]	[7102175, 115493446]	[1310130, 111246239]	[857286, 90668790]	[842701, 90843779]	[736386, 88201929]	[1880289, 62275575]	[5862631, 282763074]	[739236, 56205956]	[2703316, 266435125]	[5667748, 177699992]	[1629373, 184226339]	[3134903, 173707219]	[3255552, 147991367]	[2981807, 145729302]	[2910360, 133307652]	[1402849, 122095297]	[4684570, 16313]	[1331236, 159970021]	[2114, 3310458]	[0, 0]
MUSCULO_75	[2792426, 112626471]	[659554, 90463843]	[2366702, 52716770]	[657854, 114033958]	[5050782, 115493446]	[650093, 111246239]	[762985, 90668790]	[673410, 90843779]	[614846, 88201929]	[1631149, 62275575]	[5665151, 282763074]	[646440, 56205956]	[1926539, 266435125]	[3632504, 177699992]	[1429995, 184226339]	[2539449, 173707219]	[2619377, 147991367]	[2774016, 145729302]	[2671477, 133307652]	[1210216, 122095297]	[3933818, 16313]	[1100354, 159970021]	[1628, 3310458]	[0, 0]
MUSCULO_76	[2749319, 112626471]	[650517, 90463843]	[1652562, 52716770]	[697199, 114033958]	[3341788, 115493446]	[586680, 111246239]	[718349, 90668790]	[716958, 90843779]	[640237, 88201929]	[1424860, 62275575]	[5159089, 282763074]	[671384, 56205956]	[1879058, 266435125]	[3159977, 177699992]	[1498986, 184226339]	[2261195, 173707219]	[2003071, 147991367]	[2221112, 145729302]	[2356426, 133307652]	[1205316, 122095297]	[3575403, 16313]	[1036951, 159970021]	[1784, 3310458]	[0, 0]
MUSCULO_77	[6924163, 112626471]	[1327914, 90463843]	[5669467, 52716770]	[1252621, 114033958]	[8505646, 115493446]	[1043357, 111246239]	[1318521, 90668790]	[1318512, 90843779]	[1149372, 88201929]	[3201200, 62275575]	[11294246, 282763074]	[1123851, 56205956]	[3938073, 266435125]	[9373351, 177699992]	[2863018, 184226339]	[4160519, 173707219]	[6754558, 147991367]	[5867513, 145729302]	[4862942, 133307652]	[2319955, 122095297]	[3502034, 16313]	[2479805, 159970021]	[3371, 3310458]	[0, 0]
MUSCULO_78	[5143239, 112626471]	[934960, 90463843]	[5045233, 52716770]	[959652, 114033958]	[25795147, 115493446]	[894555, 111246239]	[1092303, 90668790]	[984277, 90843779]	[878152, 88201929]	[2793915, 62275575]	[11419961, 282763074]	[831733, 56205956]	[2828652, 266435125]	[5698981, 177699992]	[2047646, 184226339]	[4888366, 173707219]	[7338311, 147991367]	[5131742, 145729302]	[3893011, 133307652]	[1733434, 122095297]	[2862243, 16313]	[2225968, 159970021]	[2260, 3310458]	[0, 0]
MUSCULO_79	[4344423, 112626471]	[782372, 90463843]	[3310161, 52716770]	[758243, 114033958]	[11678495, 115493446]	[684491, 111246239]	[872973, 90668790]	[739444, 90843779]	[668238, 88201929]	[2261908, 62275575]	[8331216, 282763074]	[656288, 56205956]	[2408009, 266435125]	[5208745, 177699992]	[1694323, 184226339]	[2903569, 173707219]	[4595547, 147991367]	[3261247, 145729302]	[3068128, 133307652]	[1525657, 122095297]	[1771503, 16313]	[1318778, 159970021]	[8758, 3310458]	[0, 0]
MUSCULO_80	[2640861, 112626471]	[563953, 90463843]	[2815564, 52716770]	[534907, 114033958]	[12625114, 115493446]	[530521, 111246239]	[621984, 90668790]	[602690, 90843779]	[529471, 88201929]	[1378059, 62275575]	[5597518, 282763074]	[520603, 56205956]	[1700170, 266435125]	[4185468, 177699992]	[1264365, 184226339]	[2569982, 173707219]	[3442533, 147991367]	[3030957, 145729302]	[2335880, 133307652]	[998572, 122095297]	[2697843, 16313]	[1234143, 159970021]	[6704, 3310458]	[0, 0]
MUSCULO_81	[2715047, 112626471]	[626848, 90463843]	[3110740, 52716770]	[540297, 114033958]	[10485210, 115493446]	[514885, 111246239]	[628508, 90668790]	[631364, 90843779]	[548302, 88201929]	[1532696, 62275575]	[6043977, 282763074]	[509700, 56205956]	[1835444, 266435125]	[2653661, 177699992]	[1286802, 184226339]	[2511855, 173707219]	[3750695, 147991367]	[3212080, 145729302]	[2482356, 133307652]	[1060380, 122095297]	[2278476, 16313]	[1266310, 159970021]	[6174, 3310458]	[0, 0]
MUSCULO_82	[4265693, 112626471]	[821277, 90463843]	[3204016, 52716770]	[850115, 114033958]	[4216451, 115493446]	[705188, 111246239]	[898449, 90668790]	[763276, 90843779]	[677860, 88201929]	[2047416, 62275575]	[7785158, 282763074]	[697345, 56205956]	[2301397, 266435125]	[7780216, 177699992]	[1718854, 184226339]	[2837235, 173707219]	[3147154, 147991367]	[3366325, 145729302]	[2965087, 133307652]	[1383697, 122095297]	[1779571, 16313]	[1354245, 159970021]	[2402, 3310458]	[0, 0]
MUSCULO_83	[5195138, 112626471]	[1181995, 90463843]	[6813267, 52716770]	[929724, 114033958]	[19017270, 115493446]	[948988, 111246239]	[1039297, 90668790]	[1146600, 90843779]	[946744, 88201929]	[3034466, 62275575]	[11084826, 282763074]	[898085, 56205956]	[3692537, 266435125]	[5457315, 177699992]	[2315180, 184226339]	[4650202, 173707219]	[9532305, 147991367]	[5961817, 145729302]	[4648495, 133307652]	[1985575, 122095297]	[3463822, 16313]	[2535643, 159970021]	[10560, 3310458]	[0, 0]
MUSCULO_84	[3240836, 112626471]	[810504, 90463843]	[2627864, 52716770]	[820805, 114033958]	[4517713, 115493446]	[894941, 111246239]	[943450, 90668790]	[973652, 90843779]	[859148, 88201929]	[1901500, 62275575]	[5988784, 282763074]	[778690, 56205956]	[2440342, 266435125]	[3927753, 177699992]	[1772532, 184226339]	[2702219, 173707219]	[2716901, 147991367]	[3199705, 145729302]	[3568190, 133307652]	[1518776, 122095297]	[4919845, 16313]	[1306585, 159970021]	[8681, 3310458]	[0, 0]
MUSCULO_85	[3847282, 112626471]	[840778, 90463843]	[3681883, 52716770]	[723952, 114033958]	[6636008, 115493446]	[670921, 111246239]	[819115, 90668790]	[879954, 90843779]	[775311, 88201929]	[2097913, 62275575]	[6932259, 282763074]	[738928, 56205956]	[2490596, 266435125]	[5105770, 177699992]	[1786805, 184226339]	[3030990, 173707219]	[4406696, 147991367]	[3907908, 145729302]	[3275928, 133307652]	[1471398, 122095297]	[4262008, 16313]	[1658706, 159970021]	[9093, 3310458]	[0, 0]
MUSCULO_86	[3225930, 112626471]	[668589, 90463843]	[3472600, 52716770]	[590818, 114033958]	[22448064, 115493446]	[538440, 111246239]	[663757, 90668790]	[642373, 90843779]	[546417, 88201929]	[1594131, 62275575]	[7635965, 282763074]	[548440, 56205956]	[2051372, 266435125]	[4226928, 177699992]	[1324838, 184226339]	[3319798, 173707219]	[4666659, 147991367]	[3314336, 145729302]	[2641245, 133307652]	[1087288, 122095297]	[2372433, 16313]	[1309376, 159970021]	[6074, 3310458]	[0, 0]
MUSCULO_87	[3129449, 112626471]	[756831, 90463843]	[4570272, 52716770]	[701544, 114033958]	[12199220, 115493446]	[936560, 111246239]	[777640, 90668790]	[864500, 90843779]	[717582, 88201929]	[1883477, 62275575]	[6497355, 282763074]	[679841, 56205956]	[2495624, 266435125]	[4395018, 177699992]	[1600348, 184226339]	[3010395, 173707219]	[5106226, 147991367]	[4509280, 145729302]	[3298987, 133307652]	[1271629, 122095297]	[4073673, 16313]	[1848805, 159970021]	[2151, 3310458]	[0, 0]
MUSCULO_88	[4862397, 112626471]	[964171, 90463843]	[4240333, 52716770]	[829839, 114033958]	[24506133, 115493446]	[752301, 111246239]	[905527, 90668790]	[827264, 90843779]	[751355, 88201929]	[2014647, 62275575]	[9110058, 282763074]	[819381, 56205956]	[2955505, 266435125]	[6018551, 177699992]	[1817024, 184226339]	[3717225, 173707219]	[6433063, 147991367]	[4538717, 145729302]	[3869421, 133307652]	[1593270, 122095297]	[3810447, 16313]	[1885998, 159970021]	[10110, 3310458]	[0, 0]
MUSCULO_89	[2255135, 112626471]	[499683, 90463843]	[1118260, 52716770]	[530446, 114033958]	[1906406, 115493446]	[457817, 111246239]	[584312, 90668790]	[587533, 90843779]	[500489, 88201929]	[933968, 62275575]	[3604747, 282763074]	[672138, 56205956]	[1591131, 266435125]	[3347918, 177699992]	[1138198, 184226339]	[1940216, 173707219]	[1566717, 147991367]	[1617978, 145729302]	[2466730, 133307652]	[922069, 122095297]	[5899064, 16313]	[764160, 159970021]	[6638, 3310458]	[0, 0]
MUSCULO_90	[9625113, 112626471]	[1738141, 90463843]	[8419966, 52716770]	[1656286, 114033958]	[18475372, 115493446]	[1522332, 111246239]	[1877485, 90668790]	[1961357, 90843779]	[1624933, 88201929]	[4459611, 62275575]	[16135794, 282763074]	[1637348, 56205956]	[5480867, 266435125]	[12890918, 177699992]	[3689028, 184226339]	[6311074, 173707219]	[9233245, 147991367]	[8341588, 145729302]	[6924246, 133307652]	[3155427, 122095297]	[7446739, 16313]	[3241128, 159970021]	[17906, 3310458]	[0, 0]
MUSCULO_91	[3721514, 112626471]	[885021, 90463843]	[4087907, 52716770]	[896092, 114033958]	[10494282, 115493446]	[842158, 111246239]	[987443, 90668790]	[1020312, 90843779]	[886823, 88201929]	[1997584, 62275575]	[8119952, 282763074]	[826683, 56205956]	[2601505, 266435125]	[3376943, 177699992]	[1914384, 184226339]	[3088510, 173707219]	[4591408, 147991367]	[4086197, 145729302]	[3788862, 133307652]	[1599548, 122095297]	[2869203, 16313]	[1815370, 159970021]	[2298, 3310458]	[0, 0]
MUSCULO_92	[4666673, 112626471]	[1014841, 90463843]	[2766098, 52716770]	[992681, 114033958]	[2981624, 115493446]	[834922, 111246239]	[1019131, 90668790]	[976770, 90843779]	[932194, 88201929]	[1827427, 62275575]	[7429324, 282763074]	[928037, 56205956]	[2946718, 266435125]	[7607351, 177699992]	[2090069, 184226339]	[2787151, 173707219]	[3197589, 147991367]	[3154756, 145729302]	[3592206, 133307652]	[1812154, 122095297]	[3201994, 16313]	[1564991, 159970021]	[2986, 3310458]	[0, 0]
MUSCULO_93	[3829664, 112626471]	[773326, 90463843]	[4791982, 52716770]	[747005, 114033958]	[7222412, 115493446]	[677665, 111246239]	[854680, 90668790]	[875321, 90843779]	[788412, 88201929]	[2155145, 62275575]	[7228029, 282763074]	[727394, 56205956]	[2438059, 266435125]	[7048558, 177699992]	[1710003, 184226339]	[3131215, 173707219]	[4953916, 147991367]	[4390759, 145729302]	[3494178, 133307652]	[1389502, 122095297]	[3981005, 16313]	[1835387, 159970021]	[9555, 3310458]	[0, 0]
MUSCULO_94	[3076955, 112626471]	[696085, 90463843]	[4282816, 52716770]	[589386, 114033958]	[11399069, 115493446]	[528915, 111246239]	[641411, 90668790]	[664344, 90843779]	[542403, 88201929]	[1547517, 62275575]	[5973886, 282763074]	[610732, 56205956]	[2160175, 266435125]	[4032286, 177699992]	[1282896, 184226339]	[2502237, 173707219]	[4911710, 147991367]	[3979330, 145729302]	[3153491, 133307652]	[1040936, 122095297]	[3166364, 16313]	[1836581, 159970021]	[1914, 3310458]	[0, 0]
MUSCULO_95	[4009785, 112626471]	[892997, 90463843]	[4725121, 52716770]	[847589, 114033958]	[13192190, 115493446]	[969688, 111246239]	[997456, 90668790]	[1123078, 90843779]	[913832, 88201929]	[2074542, 62275575]	[7790656, 282763074]	[946715, 56205956]	[2840635, 266435125]	[5394556, 177699992]	[1946522, 184226339]	[3566035, 173707219]	[5058077, 147991367]	[5271023, 145729302]	[4232730, 133307652]	[1547046, 122095297]	[6330648, 16313]	[2040136, 159970021]	[2260, 3310458]	[0, 0]
MUSCULO_96	[3702137, 112626471]	[890533, 90463843]	[4426677, 52716770]	[824919, 114033958]	[7549075, 115493446]	[765938, 111246239]	[866690, 90668790]	[921464, 90843779]	[742795, 88201929]	[1788868, 62275575]	[7098925, 282763074]	[752708, 56205956]	[2816810, 266435125]	[5569168, 177699992]	[1808092, 184226339]	[2608855, 173707219]	[4925836, 147991367]	[4351932, 145729302]	[3468637, 133307652]	[1518078, 122095297]	[1370350, 16313]	[2106012, 159970021]	[3438, 3310458]	[0, 0]
MUSCULO_97	[2264015, 112626471]	[646244, 90463843]	[5294386, 52716770]	[410316, 114033958]	[33247770, 115493446]	[574820, 111246239]	[468937, 90668790]	[573803, 90843779]	[451133, 88201929]	[1754816, 62275575]	[7663474, 282763074]	[354758, 56205956]	[2267193, 266435125]	[1946070, 177699992]	[1123676, 184226339]	[3817725, 173707219]	[9225160, 147991367]	[4118386, 145729302]	[2698943, 133307652]	[978377, 122095297]	[1260243, 16313]	[1762395, 159970021]	[4293, 3310458]	[0, 0]
MUSCULO_98	[5036315, 112626471]	[1135365, 90463843]	[3262157, 52716770]	[1092440, 114033958]	[4516767, 115493446]	[916276, 111246239]	[1089199, 90668790]	[1042284, 90843779]	[892299, 88201929]	[2351110, 62275575]	[9069543, 282763074]	[855793, 56205956]	[3381864, 266435125]	[8431090, 177699992]	[2262116, 184226339]	[3135582, 173707219]	[4019322, 147991367]	[4078546, 145729302]	[3488016, 133307652]	[1902998, 122095297]	[1302565, 16313]	[1703845, 159970021]	[4587, 3310458]	[0, 0]
MUSCULO_99	[4098992, 112626471]	[1005233, 90463843]	[5575579, 52716770]	[935485, 114033958]	[15669651, 115493446]	[955540, 111246239]	[1028810, 90668790]	[940833, 90843779]	[861594, 88201929]	[2331280, 62275575]	[9067143, 282763074]	[844341, 56205956]	[3162875, 266435125]	[4483895, 177699992]	[1961888, 184226339]	[3771611, 173707219]	[6164157, 147991367]	[5127561, 145729302]	[4567573, 133307652]	[1767578, 122095297]	[4335702, 16313]	[2218293, 159970021]	[11352, 3310458]	[0, 0]
