Sample	protein_coding	snoRNA	lincRNA	miRNA	pseudogene	snRNA	processed_pseudogene	rRNA	misc_RNA	ribozyme	sense_intronic	processed_transcript	TEC	antisense	scaRNA	sRNA	unprocessed_pseudogene	transcribed_processed_pseudogene	transcribed_unprocessed_pseudogene	Mt_tRNA	Mt_rRNA
GRASO_121	20238547.0	148680.0	21215.0	2408.0	28395.0	69679.0	4067.0	280.0	135370.0	195279.0	137.0	93851.0	100.0	206.0	19825.0	0.0	930.0	1649.0	0.0	333.0	66118.0
GRASO_122	24469165.0	44223.0	32779.0	2733.0	31663.0	12556.0	4743.0	163.0	155338.0	182560.0	156.0	134542.0	163.0	215.0	14466.0	0.0	888.0	1386.0	0.0	572.0	30582.0
GRASO_123	14882653.0	891333.0	20426.0	2293.0	30864.0	798637.0	3634.0	259.0	567791.0	1107661.0	110.0	37988.0	72.0	346.0	93375.0	0.0	646.0	1192.0	0.0	660.0	30990.0
GRASO_124	12788076.0	15793.0	13540.0	902.0	14650.0	12622.0	4250.0	350.0	149202.0	63234.0	26.0	36341.0	72.0	179.0	18604.0	1.0	333.0	948.0	0.0	467.0	48201.0
GRASO_125	20818545.0	210449.0	29937.0	3029.0	37240.0	120436.0	4179.0	184.0	170395.0	348146.0	263.0	79877.0	118.0	429.0	39059.0	1.0	1011.0	1537.0	2.0	196.0	32803.0
GRASO_126	17989915.0	200547.0	17933.0	2385.0	27289.0	81897.0	3707.0	3669.0	219442.0	368616.0	117.0	104645.0	98.0	199.0	40313.0	0.0	646.0	1458.0	0.0	708.0	59886.0
GRASO_127	29396264.0	50229.0	24459.0	2537.0	39646.0	43194.0	6124.0	223.0	170017.0	187873.0	149.0	174178.0	143.0	211.0	16666.0	0.0	963.0	1884.0	0.0	381.0	41898.0
GRASO_128	19973505.0	237518.0	21959.0	2516.0	29681.0	113933.0	4292.0	113.0	280976.0	430607.0	147.0	89181.0	115.0	242.0	51444.0	0.0	661.0	1565.0	1.0	508.0	36958.0
GRASO_129	5645037.0	60408.0	5041.0	22315.0	8853.0	11242.0	2417.0	3630.0	87963.0	133083.0	38.0	45489.0	28.0	48.0	11500.0	1.0	161.0	491.0	0.0	2126.0	193758.0
GRASO_130	23861186.0	33288.0	19494.0	2106.0	32070.0	9419.0	5770.0	121.0	184416.0	138950.0	90.0	119722.0	68.0	172.0	12567.0	1.0	897.0	1863.0	0.0	173.0	17813.0
GRASO_131	20822964.0	89133.0	16565.0	2076.0	29386.0	115979.0	4907.0	87.0	256529.0	229573.0	95.0	125079.0	55.0	130.0	18858.0	1.0	665.0	1461.0	0.0	147.0	9662.0
GRASO_132	17376775.0	29376.0	14059.0	1382.0	23246.0	8897.0	4246.0	71.0	128686.0	115870.0	71.0	77897.0	39.0	117.0	11126.0	0.0	747.0	1102.0	0.0	113.0	7912.0
GRASO_133	21748509.0	35086.0	17749.0	1709.0	28377.0	32324.0	5575.0	74.0	229988.0	179142.0	60.0	94481.0	36.0	140.0	13436.0	0.0	737.0	1659.0	0.0	175.0	16323.0
GRASO_134	15808042.0	18775.0	14518.0	1070.0	18424.0	4680.0	3794.0	58.0	167767.0	64228.0	77.0	57670.0	46.0	79.0	10046.0	1.0	450.0	1291.0	0.0	208.0	14453.0
GRASO_135	13529682.0	15488.0	13057.0	1233.0	16578.0	7532.0	3964.0	525.0	114715.0	57401.0	66.0	55131.0	119.0	103.0	12610.0	0.0	360.0	968.0	0.0	273.0	17337.0
GRASO_136	15546176.0	178829.0	15233.0	1721.0	25343.0	87944.0	4181.0	203.0	251579.0	311734.0	106.0	81673.0	39.0	124.0	33965.0	3.0	644.0	1293.0	0.0	130.0	28399.0
GRASO_137	8663810.0	11079.0	13435.0	1102.0	9249.0	5205.0	2842.0	147.0	88581.0	40467.0	78.0	31393.0	138.0	104.0	9640.0	0.0	264.0	578.0	0.0	247.0	19975.0
GRASO_138	18741459.0	41989.0	21640.0	2251.0	24610.0	9321.0	3924.0	168.0	207557.0	179442.0	101.0	92357.0	110.0	156.0	14220.0	0.0	646.0	1243.0	0.0	465.0	40323.0
GRASO_139	11284520.0	21795.0	13706.0	1398.0	13606.0	6924.0	2415.0	111.0	121108.0	85970.0	108.0	52967.0	99.0	102.0	8163.0	0.0	507.0	653.0	0.0	159.0	23273.0
GRASO_140	22359163.0	49965.0	27121.0	2403.0	27154.0	25793.0	5033.0	125.0	259401.0	204780.0	134.0	96258.0	157.0	170.0	16386.0	0.0	1013.0	1284.0	0.0	320.0	51746.0
GRASO_141	15308285.0	47707.0	20871.0	2203.0	22645.0	9289.0	3798.0	3584.0	174743.0	192692.0	109.0	76348.0	126.0	125.0	14203.0	1.0	568.0	916.0	0.0	381.0	35778.0
GRASO_142	20519924.0	37662.0	25578.0	4120.0	28380.0	17376.0	4957.0	214.0	185176.0	145962.0	140.0	97712.0	128.0	175.0	13341.0	0.0	984.0	1311.0	1.0	185.0	32961.0
GRASO_143	5832644.0	40092.0	6059.0	2051.0	8212.0	12792.0	2196.0	1882.0	88352.0	69184.0	48.0	42066.0	11.0	30.0	8310.0	0.0	176.0	348.0	0.0	238.0	65584.0
GRASO_144	4018479.0	7066.0	3662.0	2438.0	4327.0	5034.0	885.0	392693.0	60432.0	18518.0	12.0	13944.0	34.0	22.0	6541.0	0.0	92.0	149.0	0.0	147.0	4808372.0
GRASO_145	87295529.0	315029.0	77409.0	8990.0	124030.0	171636.0	19102.0	569.0	543504.0	764852.0	364.0	498605.0	352.0	716.0	76211.0	6.0	2873.0	6125.0	1.0	1187.0	218124.0
GRASO_146	18969166.0	45969.0	18183.0	2139.0	19502.0	18143.0	4342.0	116151.0	145760.0	74713.0	48.0	58732.0	119.0	95.0	22245.0	1.0	417.0	991.0	0.0	608.0	5446240.0
GRASO_147	16557819.0	27404.0	13113.0	1090.0	22947.0	3735.0	3769.0	772.0	103303.0	46253.0	33.0	64226.0	76.0	108.0	13785.0	7.0	393.0	1046.0	0.0	515.0	138054.0
GRASO_148	21916756.0	34025.0	16295.0	1379.0	29245.0	2787.0	5270.0	1445.0	112470.0	61617.0	64.0	86103.0	76.0	130.0	13227.0	3.0	691.0	1505.0	0.0	672.0	91818.0
GRASO_149	14382440.0	27340.0	10737.0	915.0	18530.0	2640.0	3120.0	958.0	67059.0	51756.0	65.0	64470.0	72.0	86.0	6893.0	0.0	390.0	897.0	0.0	280.0	150375.0
GRASO_150	30354324.0	67824.0	30054.0	2201.0	36746.0	15603.0	6971.0	4886.0	164409.0	101467.0	107.0	122781.0	154.0	216.0	20505.0	3.0	912.0	1879.0	0.0	587.0	1506110.0
GRASO_151	23353124.0	55941.0	15594.0	1104.0	27521.0	55263.0	5503.0	2896.0	141264.0	86323.0	60.0	76084.0	69.0	109.0	16811.0	3.0	572.0	1242.0	0.0	767.0	709948.0
GRASO_152	26909619.0	55631.0	31068.0	2202.0	34143.0	7724.0	6643.0	365.0	189960.0	79779.0	146.0	134313.0	172.0	213.0	23566.0	0.0	1014.0	1430.0	0.0	331.0	185243.0
GRASO_153	18941985.0	39197.0	18754.0	2291.0	25851.0	5629.0	4707.0	3053.0	112954.0	100981.0	155.0	135505.0	106.0	157.0	14735.0	2.0	676.0	1224.0	0.0	280.0	50501.0
GRASO_154	4176706.0	33464.0	6244.0	541.0	7556.0	9581.0	1097.0	257.0	35781.0	45541.0	61.0	13770.0	33.0	76.0	6485.0	0.0	242.0	258.0	0.0	42.0	29719.0
GRASO_155	30218461.0	126801.0	37811.0	3384.0	42146.0	22925.0	7676.0	270.0	180329.0	226183.0	185.0	138287.0	186.0	324.0	28012.0	2.0	1034.0	1742.0	0.0	432.0	133930.0
GRASO_156	11957078.0	13833.0	9038.0	692.0	13948.0	7482.0	4199.0	29.0	97496.0	79932.0	38.0	35478.0	16.0	75.0	6245.0	1.0	232.0	858.0	0.0	345.0	23124.0
GRASO_157	15033296.0	23206.0	19148.0	1498.0	17323.0	7972.0	3761.0	1750.0	86891.0	42236.0	81.0	78625.0	76.0	127.0	9259.0	0.0	437.0	920.0	0.0	222.0	34071.0
GRASO_158	15767881.0	16530.0	12017.0	1136.0	18001.0	1830.0	5142.0	49.0	123304.0	45873.0	55.0	56702.0	43.0	91.0	11278.0	0.0	428.0	952.0	0.0	235.0	28763.0
GRASO_159	33562782.0	46271.0	30821.0	2823.0	41806.0	5985.0	7384.0	203.0	156107.0	172696.0	136.0	180026.0	162.0	247.0	17024.0	1.0	1143.0	2175.0	0.0	456.0	62561.0
GRASO_160	26484828.0	25535.0	18072.0	1856.0	34336.0	6787.0	6007.0	176.0	93730.0	66525.0	80.0	146855.0	90.0	157.0	10474.0	0.0	745.0	1665.0	1.0	545.0	107842.0
GRASO_161	15217569.0	21333.0	14378.0	1278.0	16519.0	8636.0	4470.0	1624.0	146859.0	46650.0	57.0	55743.0	89.0	157.0	20729.0	1.0	285.0	871.0	0.0	341.0	32496.0
GRASO_162	25674376.0	32988.0	29321.0	1741.0	30573.0	40563.0	5838.0	396.0	124403.0	81867.0	76.0	120586.0	126.0	148.0	15999.0	2.0	606.0	1605.0	0.0	431.0	89493.0
GRASO_163	18480987.0	15147.0	15445.0	1095.0	19700.0	3295.0	4096.0	1443.0	72006.0	54103.0	35.0	78010.0	58.0	87.0	9518.0	2.0	396.0	1221.0	0.0	565.0	58843.0
GRASO_164	14684279.0	23588.0	12464.0	1098.0	16926.0	3155.0	3884.0	803.0	83846.0	47730.0	27.0	58098.0	77.0	101.0	9790.0	1.0	318.0	965.0	0.0	744.0	58284.0
GRASO_165	24690903.0	30792.0	24394.0	1573.0	28948.0	4427.0	5979.0	1737.0	104377.0	72618.0	75.0	92562.0	94.0	135.0	13696.0	5.0	750.0	1699.0	0.0	645.0	74029.0
GRASO_166	17920926.0	22765.0	22131.0	1244.0	20808.0	2975.0	4127.0	226.0	98628.0	53951.0	65.0	73290.0	108.0	117.0	11733.0	2.0	510.0	1114.0	0.0	307.0	34023.0
GRASO_167	12283467.0	12770.0	12797.0	1083.0	13481.0	3312.0	2000.0	429.0	83100.0	62933.0	56.0	82093.0	111.0	86.0	11231.0	0.0	365.0	771.0	0.0	432.0	33247.0
GRASO_168	17441750.0	29060.0	13998.0	1463.0	19200.0	4627.0	3683.0	608.0	101570.0	114140.0	82.0	126345.0	73.0	102.0	10931.0	0.0	539.0	1061.0	0.0	323.0	115234.0
GRASO_169	9232438.0	73675.0	8146.0	2856.0	13484.0	27565.0	3644.0	1027.0	123502.0	219940.0	56.0	81698.0	43.0	53.0	13316.0	0.0	529.0	595.0	0.0	876.0	188552.0
GRASO_170	18469261.0	19188.0	24966.0	1809.0	22487.0	3374.0	4236.0	103.0	81036.0	97859.0	111.0	102494.0	104.0	174.0	9815.0	1.0	699.0	1262.0	0.0	199.0	22435.0
GRASO_171	20480119.0	14729.0	23115.0	2043.0	25478.0	4373.0	4345.0	430.0	61923.0	70103.0	88.0	112368.0	87.0	145.0	6728.0	1.0	641.0	1417.0	0.0	334.0	17203.0
GRASO_172	12782228.0	10516.0	10252.0	869.0	15466.0	4837.0	3163.0	79.0	61187.0	32885.0	24.0	52657.0	59.0	112.0	9340.0	5.0	278.0	794.0	0.0	411.0	18514.0
GRASO_173	10106998.0	8270.0	8144.0	882.0	10905.0	4063.0	1770.0	72.0	27366.0	46533.0	44.0	77834.0	36.0	73.0	4132.0	0.0	284.0	658.0	0.0	333.0	17870.0
GRASO_174	12493095.0	4779.0	11775.0	1100.0	19766.0	948.0	2561.0	31.0	16662.0	13757.0	64.0	67318.0	47.0	103.0	2538.0	0.0	394.0	720.0	0.0	93.0	13490.0
GRASO_175	13693453.0	12602.0	11462.0	923.0	15497.0	5527.0	3866.0	63.0	80052.0	49187.0	42.0	51441.0	50.0	87.0	13470.0	0.0	246.0	859.0	0.0	406.0	20955.0
GRASO_176	12980497.0	27678.0	10562.0	1236.0	18088.0	5550.0	3863.0	312.0	102449.0	74209.0	43.0	63619.0	50.0	93.0	8640.0	1.0	413.0	956.0	0.0	194.0	19909.0
GRASO_177	10284048.0	8974.0	9578.0	1228.0	14982.0	2539.0	2122.0	209.0	47657.0	42994.0	75.0	52689.0	48.0	77.0	5975.0	0.0	345.0	628.0	0.0	244.0	7308.0
GRASO_178	16740870.0	14105.0	21980.0	1786.0	21576.0	2612.0	3943.0	136.0	55512.0	71803.0	110.0	96585.0	108.0	137.0	6527.0	0.0	472.0	1141.0	0.0	185.0	17484.0
GRASO_179	16985109.0	57139.0	24742.0	3262.0	23393.0	6228.0	3673.0	188.0	72898.0	109275.0	277.0	65243.0	192.0	262.0	13413.0	0.0	734.0	1243.0	0.0	276.0	19612.0
GRASO_180	16633161.0	20913.0	22839.0	2034.0	19001.0	9040.0	4312.0	88.0	88793.0	101173.0	125.0	78288.0	104.0	140.0	9065.0	1.0	491.0	1061.0	0.0	393.0	20177.0
HIGADO_01	17067803.0	5774.0	33545.0	1273.0	16885.0	856.0	2021.0	1952.0	19920.0	46166.0	3.0	13683.0	1.0	16.0	2231.0	0.0	295.0	318.0	0.0	75.0	27530.0
HIGADO_02	25436955.0	10700.0	28873.0	2267.0	23860.0	1116.0	3552.0	1597.0	39812.0	71380.0	6.0	29631.0	8.0	20.0	3018.0	0.0	1998.0	384.0	0.0	99.0	33557.0
HIGADO_03	22079839.0	9600.0	42664.0	2868.0	20335.0	1025.0	2647.0	355.0	25195.0	60110.0	7.0	16182.0	2.0	15.0	2291.0	0.0	444.0	390.0	0.0	93.0	28456.0
HIGADO_04	18259958.0	13604.0	22093.0	611.0	17727.0	5968.0	2531.0	96.0	31686.0	73525.0	6.0	21786.0	8.0	15.0	2868.0	0.0	405.0	312.0	1.0	113.0	28240.0
HIGADO_05	21998891.0	7051.0	20755.0	481.0	22991.0	663.0	2610.0	14.0	15155.0	36940.0	10.0	34896.0	4.0	22.0	2128.0	0.0	916.0	377.0	0.0	58.0	10496.0
HIGADO_06	22567473.0	11347.0	21217.0	583.0	22401.0	1053.0	2880.0	42.0	16541.0	55470.0	2.0	36588.0	5.0	11.0	2424.0	0.0	1733.0	368.0	0.0	92.0	29784.0
HIGADO_07	31479253.0	11428.0	43713.0	4385.0	34016.0	1763.0	4447.0	1907.0	28903.0	89558.0	7.0	62728.0	5.0	24.0	3916.0	0.0	1596.0	493.0	0.0	143.0	44537.0
HIGADO_08	22877744.0	7889.0	21049.0	3072.0	20912.0	1503.0	2667.0	105.0	22349.0	65668.0	3.0	38435.0	9.0	27.0	2564.0	0.0	2092.0	354.0	1.0	99.0	77954.0
HIGADO_09	17196195.0	7070.0	18348.0	774.0	17554.0	994.0	1911.0	1103.0	19387.0	47070.0	8.0	27358.0	12.0	7.0	2788.0	0.0	970.0	242.0	0.0	159.0	30308.0
HIGADO_10	20724427.0	13522.0	43907.0	1589.0	21388.0	3199.0	2521.0	2923.0	35052.0	74409.0	12.0	15346.0	3.0	17.0	3823.0	0.0	580.0	361.0	0.0	143.0	23114.0
HIGADO_11	25426837.0	12008.0	31428.0	197398.0	26996.0	1449.0	3257.0	436.0	46095.0	64089.0	8.0	23317.0	9.0	34.0	4457.0	0.0	469.0	395.0	0.0	305.0	57949.0
HIGADO_12	23696736.0	11127.0	24634.0	1639.0	24623.0	6194.0	3241.0	2593.0	40200.0	70807.0	6.0	40750.0	3.0	21.0	3500.0	0.0	1339.0	372.0	0.0	123.0	41061.0
HIGADO_13	35768597.0	16263.0	63861.0	1898.0	36077.0	2285.0	4147.0	849.0	40987.0	95149.0	4.0	23905.0	8.0	26.0	4563.0	0.0	703.0	550.0	0.0	176.0	37799.0
HIGADO_14	33851854.0	20600.0	64819.0	782.0	30543.0	6086.0	4477.0	43.0	85380.0	114906.0	7.0	23207.0	10.0	33.0	4775.0	0.0	581.0	548.0	0.0	264.0	26590.0
HIGADO_15	32771988.0	25993.0	36645.0	42350.0	29746.0	2365.0	3970.0	44.0	61171.0	122690.0	9.0	25615.0	9.0	29.0	5848.0	0.0	900.0	500.0	0.0	219.0	25660.0
HIGADO_16	18993382.0	10680.0	27640.0	1136.0	20195.0	2067.0	2844.0	379.0	27798.0	64145.0	3.0	43746.0	3.0	13.0	2217.0	0.0	710.0	348.0	0.0	115.0	20911.0
HIGADO_17	29968862.0	16906.0	39245.0	820.0	28113.0	1800.0	3723.0	168.0	50420.0	100803.0	3.0	50106.0	7.0	29.0	4689.0	0.0	1790.0	453.0	0.0	195.0	53877.0
HIGADO_18	34314843.0	18393.0	40601.0	12282.0	33747.0	1573.0	4480.0	6586.0	55616.0	133807.0	9.0	71635.0	11.0	29.0	4914.0	0.0	1475.0	589.0	0.0	198.0	68223.0
HIGADO_19	28952055.0	10779.0	44400.0	689.0	29609.0	1218.0	4298.0	89.0	31600.0	70578.0	4.0	19440.0	7.0	25.0	3529.0	0.0	418.0	461.0	0.0	139.0	36699.0
HIGADO_20	19001877.0	8486.0	41177.0	1258.0	21492.0	818.0	2698.0	1948.0	38380.0	70773.0	6.0	12507.0	2.0	27.0	3283.0	0.0	296.0	277.0	0.0	78.0	15453.0
HIGADO_21	44548068.0	21344.0	52772.0	1281.0	46543.0	3589.0	6936.0	452.0	90934.0	128409.0	7.0	96605.0	10.0	41.0	8009.0	0.0	4016.0	763.0	0.0	176.0	30479.0
HIGADO_22	12864771.0	7475.0	27259.0	854.0	13450.0	1769.0	1775.0	1396.0	12877.0	48121.0	9.0	8201.0	3.0	15.0	2103.0	0.0	277.0	171.0	0.0	60.0	15566.0
HIGADO_23	27734684.0	11610.0	52862.0	719.0	28818.0	1262.0	4241.0	2451.0	46461.0	70628.0	2.0	18290.0	5.0	27.0	3617.0	0.0	431.0	516.0	0.0	146.0	28869.0
HIGADO_24	29249300.0	17324.0	46351.0	690.0	31181.0	1473.0	4120.0	205.0	70264.0	102827.0	7.0	21470.0	4.0	22.0	5212.0	0.0	777.0	506.0	0.0	182.0	26235.0
HIGADO_25	13531993.0	3141.0	13174.0	283.0	13673.0	372.0	1654.0	13.0	8821.0	21265.0	8.0	19965.0	3.0	16.0	1114.0	0.0	1071.0	219.0	0.0	33.0	12714.0
HIGADO_26	18621833.0	5726.0	21518.0	472.0	24767.0	967.0	2192.0	83.0	24940.0	49562.0	4.0	15531.0	3.0	14.0	2452.0	0.0	454.0	362.0	0.0	100.0	14730.0
HIGADO_27	28449065.0	7602.0	31972.0	552.0	27125.0	1652.0	3762.0	50.0	32990.0	60098.0	2.0	47616.0	9.0	25.0	2268.0	0.0	1172.0	468.0	0.0	103.0	15494.0
HIGADO_28	18052677.0	3804.0	31812.0	354.0	17756.0	387.0	1960.0	6.0	12233.0	30633.0	7.0	12441.0	2.0	14.0	1377.0	0.0	401.0	267.0	0.0	53.0	10462.0
HIGADO_29	17201319.0	9833.0	21349.0	400.0	18639.0	2866.0	1968.0	115.0	30801.0	69000.0	5.0	15377.0	6.0	15.0	3095.0	0.0	528.0	293.0	0.0	77.0	12141.0
HIGADO_30	22539001.0	8775.0	53026.0	482.0	23942.0	2720.0	3312.0	1373.0	34413.0	61537.0	10.0	15029.0	2.0	15.0	2397.0	0.0	429.0	327.0	0.0	75.0	13018.0
HIGADO_31	16459242.0	6592.0	18625.0	456.0	18281.0	1240.0	2394.0	116.0	21185.0	59756.0	2.0	31889.0	7.0	19.0	2122.0	0.0	702.0	339.0	1.0	63.0	18758.0
HIGADO_32	18017034.0	4560.0	20867.0	913.0	18384.0	1175.0	2650.0	36.0	14142.0	32141.0	1.0	36915.0	3.0	14.0	1761.0	0.0	613.0	318.0	0.0	71.0	15242.0
HIGADO_33	20593825.0	9214.0	47743.0	438.0	20463.0	1358.0	2088.0	2884.0	17712.0	53188.0	2.0	14681.0	5.0	15.0	2245.0	0.0	446.0	308.0	0.0	103.0	26284.0
HIGADO_34	36540084.0	18698.0	40014.0	2416.0	35065.0	4372.0	4634.0	5471.0	54945.0	119277.0	6.0	49117.0	13.0	35.0	4748.0	0.0	2605.0	729.0	0.0	175.0	41600.0
HIGADO_35	16840612.0	13207.0	19297.0	567.0	17828.0	1970.0	3383.0	3026.0	31746.0	54745.0	1.0	16985.0	5.0	18.0	3589.0	0.0	320.0	298.0	0.0	188.0	27300.0
HIGADO_36	23781720.0	11183.0	51196.0	982.0	20155.0	1386.0	2771.0	2433.0	30951.0	61428.0	7.0	16267.0	11.0	37.0	2630.0	0.0	440.0	404.0	0.0	110.0	15013.0
HIGADO_37	18166953.0	6252.0	25508.0	538.0	18894.0	940.0	2252.0	22.0	25951.0	47634.0	3.0	14233.0	9.0	18.0	1898.0	0.0	406.0	338.0	0.0	87.0	23295.0
HIGADO_38	18443762.0	6700.0	36409.0	402.0	17382.0	959.0	2747.0	78.0	16613.0	42462.0	5.0	12605.0	5.0	5.0	1927.0	0.0	218.0	367.0	0.0	95.0	15627.0
HIGADO_39	21271849.0	10158.0	27889.0	519.0	21558.0	1369.0	2592.0	45.0	24984.0	77411.0	9.0	37859.0	3.0	14.0	3024.0	0.0	1128.0	349.0	0.0	129.0	21446.0
HIGADO_40	18361995.0	7894.0	22863.0	463.0	18501.0	1583.0	2089.0	868.0	28068.0	60410.0	2.0	32986.0	6.0	12.0	2316.0	0.0	939.0	352.0	1.0	145.0	23058.0
HIGADO_41	27759569.0	11013.0	51575.0	778.0	27922.0	1089.0	3813.0	5656.0	41171.0	84069.0	8.0	19747.0	5.0	23.0	4106.0	0.0	347.0	435.0	0.0	132.0	47102.0
HIGADO_42	27474442.0	17664.0	27171.0	2853.0	23663.0	2742.0	3867.0	2910.0	49279.0	75953.0	5.0	43818.0	7.0	21.0	4068.0	0.0	2134.0	454.0	0.0	94.0	19691.0
HIGADO_43	27067232.0	11860.0	30505.0	690.0	25715.0	905.0	3438.0	50.0	32550.0	61946.0	2.0	48616.0	7.0	23.0	2936.0	0.0	1050.0	468.0	0.0	130.0	14411.0
HIGADO_44	19013678.0	9433.0	24210.0	397.0	18186.0	806.0	2409.0	252.0	18531.0	69509.0	4.0	19176.0	7.0	27.0	2043.0	0.0	282.0	339.0	0.0	181.0	22697.0
HIGADO_45	22096503.0	14412.0	26685.0	1616.0	21762.0	1602.0	2893.0	186.0	47296.0	90591.0	12.0	18983.0	4.0	17.0	3608.0	0.0	481.0	414.0	0.0	114.0	37083.0
HIGADO_46	18238200.0	10582.0	22012.0	389.0	17055.0	664.0	2165.0	16.0	29125.0	59162.0	5.0	13090.0	2.0	14.0	2799.0	0.0	496.0	287.0	0.0	35.0	7719.0
HIGADO_47	14487611.0	6851.0	32121.0	3308.0	13215.0	675.0	1892.0	3300.0	20860.0	56343.0	3.0	9464.0	5.0	25.0	1889.0	0.0	232.0	234.0	0.0	139.0	21312.0
HIGADO_48	16371280.0	6973.0	39826.0	2333.0	16639.0	1601.0	2141.0	8862.0	31132.0	58425.0	3.0	10370.0	5.0	13.0	1994.0	0.0	292.0	234.0	0.0	106.0	23668.0
HIGADO_49	32124906.0	26274.0	65137.0	775.0	35092.0	3081.0	4550.0	358.0	76038.0	118152.0	6.0	22598.0	10.0	27.0	5253.0	0.0	699.0	478.0	0.0	247.0	62248.0
HIGADO_50	19755889.0	11191.0	38659.0	481.0	20260.0	2149.0	2570.0	71.0	35586.0	81058.0	6.0	13831.0	1.0	16.0	2786.0	0.0	370.0	303.0	0.0	90.0	29667.0
HIGADO_51	17403904.0	12447.0	43508.0	1492.0	14919.0	1341.0	2098.0	43.0	34862.0	69856.0	7.0	12458.0	8.0	24.0	2495.0	0.0	287.0	269.0	0.0	112.0	31307.0
HIGADO_52	23052583.0	25843.0	26062.0	658.0	22337.0	6443.0	3303.0	151.0	47031.0	138783.0	5.0	19411.0	7.0	29.0	3800.0	0.0	517.0	396.0	0.0	149.0	47270.0
HIGADO_53	16364467.0	9794.0	31842.0	416.0	15835.0	3444.0	2151.0	1500.0	32986.0	63849.0	4.0	12874.0	3.0	12.0	2495.0	0.0	322.0	253.0	0.0	63.0	18351.0
HIGADO_54	21668223.0	10504.0	38250.0	450.0	22356.0	1194.0	2798.0	61.0	25725.0	55845.0	3.0	16114.0	3.0	16.0	2545.0	0.0	537.0	316.0	0.0	136.0	30276.0
HIGADO_55	16163070.0	8458.0	19043.0	471.0	17104.0	1967.0	1885.0	118.0	32457.0	63104.0	5.0	20447.0	2.0	19.0	2810.0	0.0	1194.0	284.0	0.0	75.0	33822.0
HIGADO_56	14543945.0	10650.0	18002.0	1592.0	14524.0	1175.0	2034.0	1554.0	16998.0	48883.0	3.0	17533.0	2.0	11.0	1750.0	0.0	732.0	234.0	0.0	132.0	56811.0
HIGADO_57	18493449.0	19468.0	21859.0	1074.0	18055.0	2065.0	2299.0	304.0	30777.0	76707.0	0.0	22684.0	4.0	10.0	2791.0	0.0	924.0	262.0	0.0	202.0	69337.0
HIGADO_58	18337193.0	22424.0	22345.0	1602.0	18857.0	2395.0	2021.0	1036.0	15878.0	52996.0	7.0	16735.0	4.0	21.0	2523.0	0.0	531.0	260.0	0.0	215.0	56905.0
HIGADO_59	19522803.0	11750.0	19309.0	1451.0	22314.0	2239.0	2497.0	1654.0	21844.0	54862.0	2.0	28126.0	4.0	20.0	2364.0	0.0	768.0	302.0	0.0	122.0	21555.0
HIGADO_60	15976372.0	19522.0	17933.0	7276.0	17305.0	5698.0	2143.0	49.0	22586.0	92943.0	3.0	14266.0	4.0	13.0	2595.0	0.0	325.0	249.0	0.0	125.0	52910.0
MUSCULO_100	43899975.0	33531.0	18105.0	12045.0	34557.0	3700.0	20083.0	146.0	94292.0	85865.0	17.0	60877.0	721.0	99.0	9921.0	0.0	464.0	2436.0	0.0	1999.0	267185.0
MUSCULO_101	24585693.0	9294.0	8352.0	16078.0	21113.0	798.0	10299.0	34.0	28978.0	46863.0	15.0	33063.0	736.0	58.0	3707.0	0.0	276.0	1263.0	0.0	670.0	71428.0
MUSCULO_102	12507092.0	8975.0	5163.0	5372.0	9866.0	707.0	4686.0	1989.0	33425.0	40209.0	4.0	18095.0	328.0	35.0	2923.0	0.0	160.0	619.0	0.0	597.0	36082.0
MUSCULO_103	12058568.0	14726.0	4437.0	3112.0	10962.0	2889.0	5739.0	1669.0	40758.0	55826.0	2.0	16887.0	321.0	38.0	4204.0	0.0	146.0	727.0	0.0	939.0	72317.0
MUSCULO_104	19905368.0	17580.0	8803.0	13650.0	16650.0	3288.0	7362.0	68.0	54443.0	69299.0	12.0	39366.0	560.0	51.0	5081.0	1.0	249.0	790.0	0.0	794.0	38939.0
MUSCULO_105	18721147.0	15758.0	7697.0	14079.0	15951.0	2291.0	10545.0	115.0	55202.0	52871.0	10.0	23490.0	554.0	105.0	4879.0	0.0	259.0	1061.0	0.0	482.0	38100.0
MUSCULO_106	13613107.0	12746.0	5552.0	13117.0	11970.0	1667.0	6524.0	833.0	60901.0	45522.0	13.0	19246.0	338.0	81.0	4025.0	0.0	139.0	717.0	0.0	618.0	152414.0
MUSCULO_107	20314901.0	18496.0	8045.0	9640.0	17383.0	2889.0	9938.0	84.0	66204.0	58096.0	7.0	33253.0	682.0	119.0	5587.0	0.0	284.0	1067.0	0.0	636.0	51107.0
MUSCULO_108	30673318.0	26645.0	11197.0	9202.0	23505.0	3235.0	11318.0	122.0	95207.0	80459.0	9.0	40958.0	816.0	98.0	7453.0	0.0	349.0	1656.0	0.0	1799.0	190512.0
MUSCULO_109	15952377.0	6601.0	5972.0	4856.0	14571.0	1158.0	5971.0	15.0	24539.0	33257.0	2.0	26116.0	497.0	39.0	2565.0	0.0	216.0	792.0	0.0	349.0	44583.0
MUSCULO_110	14871358.0	11365.0	7257.0	13091.0	14913.0	1219.0	5928.0	77.0	41965.0	40732.0	9.0	24366.0	615.0	72.0	3353.0	0.0	200.0	966.0	0.0	338.0	71604.0
MUSCULO_111	13945227.0	16769.0	5751.0	7897.0	12421.0	2185.0	5556.0	92.0	68982.0	48254.0	9.0	20576.0	498.0	78.0	4331.0	0.0	151.0	799.0	0.0	462.0	47613.0
MUSCULO_112	19805616.0	19571.0	8395.0	10048.0	18755.0	4190.0	7856.0	529.0	117601.0	52496.0	6.0	33921.0	729.0	59.0	5609.0	0.0	240.0	1018.0	0.0	322.0	40764.0
MUSCULO_113	19750775.0	8664.0	11342.0	16876.0	15524.0	2069.0	8313.0	26.0	70858.0	32519.0	19.0	51141.0	717.0	131.0	7507.0	0.0	218.0	1126.0	0.0	388.0	25120.0
MUSCULO_114	19074739.0	11418.0	6659.0	3841.0	12009.0	3865.0	6775.0	88.0	77120.0	21241.0	8.0	41839.0	413.0	57.0	7118.0	2.0	191.0	809.0	0.0	981.0	192233.0
MUSCULO_115	24653472.0	14830.0	10807.0	12391.0	18364.0	3550.0	11193.0	121.0	93250.0	36275.0	21.0	54108.0	656.0	85.0	8367.0	1.0	256.0	1214.0	0.0	1044.0	73981.0
MUSCULO_116	36379926.0	52133.0	13002.0	19625.0	30057.0	57174.0	16900.0	1487.0	167177.0	122986.0	16.0	50144.0	768.0	129.0	10656.0	1.0	380.0	2021.0	0.0	3143.0	449304.0
MUSCULO_117	14858234.0	11497.0	6176.0	11615.0	12332.0	3818.0	6272.0	74.0	77265.0	31034.0	6.0	21421.0	406.0	51.0	3445.0	0.0	168.0	746.0	0.0	572.0	49287.0
MUSCULO_118	20030818.0	11993.0	7542.0	7921.0	18316.0	1766.0	8330.0	29.0	45565.0	50639.0	4.0	34851.0	675.0	51.0	4502.0	0.0	271.0	1249.0	0.0	326.0	21086.0
MUSCULO_119	16788371.0	14241.0	6809.0	8583.0	14940.0	5234.0	6327.0	1672.0	85291.0	28510.0	7.0	23869.0	510.0	50.0	3639.0	0.0	204.0	949.0	0.0	575.0	54153.0
MUSCULO_120	18713481.0	11102.0	8504.0	9305.0	17438.0	2410.0	7499.0	13.0	63422.0	37700.0	7.0	37559.0	775.0	94.0	4491.0	1.0	258.0	1028.0	0.0	222.0	9065.0
MUSCULO_61	25152999.0	23557.0	10673.0	5946.0	23277.0	2359.0	12819.0	1225.0	62819.0	76558.0	8.0	37340.0	613.0	87.0	7621.0	0.0	289.0	1473.0	0.0	1095.0	77011.0
MUSCULO_62	35013044.0	28059.0	14432.0	13299.0	33935.0	4417.0	12978.0	70.0	70290.0	52352.0	20.0	54562.0	1414.0	109.0	8183.0	0.0	467.0	1615.0	0.0	917.0	59557.0
MUSCULO_63	28033610.0	24778.0	10539.0	16206.0	25851.0	2216.0	14883.0	2510.0	72200.0	68867.0	18.0	40493.0	921.0	82.0	7865.0	0.0	390.0	1495.0	0.0	1061.0	78581.0
MUSCULO_64	16525352.0	12853.0	6623.0	3351.0	13037.0	2415.0	6460.0	3.0	41784.0	46947.0	7.0	23279.0	247.0	54.0	4803.0	0.0	205.0	794.0	0.0	570.0	57035.0
MUSCULO_65	13105706.0	11472.0	5381.0	2713.0	10121.0	1101.0	6346.0	1677.0	29471.0	36374.0	6.0	21201.0	374.0	46.0	4369.0	0.0	171.0	742.0	0.0	648.0	41197.0
MUSCULO_66	13965922.0	6730.0	6886.0	4975.0	11353.0	1881.0	5087.0	42.0	31296.0	25743.0	8.0	30131.0	347.0	42.0	2961.0	0.0	215.0	766.0	0.0	422.0	17395.0
MUSCULO_67	15226019.0	8104.0	5167.0	9606.0	11450.0	930.0	8366.0	3164.0	32971.0	43451.0	9.0	21347.0	277.0	34.0	3396.0	0.0	189.0	854.0	0.0	809.0	45632.0
MUSCULO_68	13598315.0	6746.0	4963.0	16067.0	12008.0	660.0	7919.0	3175.0	22079.0	33348.0	6.0	17796.0	534.0	49.0	2502.0	0.0	173.0	795.0	0.0	248.0	20159.0
MUSCULO_69	13626099.0	9403.0	6340.0	6374.0	10177.0	1553.0	5031.0	10.0	28986.0	38360.0	9.0	23642.0	280.0	23.0	2869.0	0.0	171.0	797.0	0.0	571.0	53349.0
MUSCULO_70	15166536.0	12491.0	5912.0	13080.0	11347.0	2246.0	8855.0	41.0	37942.0	36233.0	7.0	21086.0	394.0	42.0	3519.0	0.0	139.0	997.0	0.0	1005.0	56669.0
MUSCULO_71	15692557.0	8892.0	7105.0	15117.0	12964.0	2254.0	8449.0	26.0	36441.0	34758.0	9.0	31039.0	452.0	38.0	3382.0	0.0	201.0	1008.0	0.0	586.0	27164.0
MUSCULO_72	10230403.0	6329.0	3762.0	3447.0	7981.0	1561.0	5375.0	9.0	23157.0	31181.0	1.0	15176.0	248.0	26.0	2488.0	0.0	112.0	649.0	0.0	355.0	42091.0
MUSCULO_73	20150182.0	14107.0	8079.0	11875.0	17748.0	2628.0	8585.0	431.0	39816.0	38677.0	11.0	35160.0	628.0	55.0	3808.0	0.0	243.0	1047.0	0.0	169.0	35739.0
MUSCULO_74	22180740.0	20184.0	12501.0	5562.0	18354.0	2257.0	6279.0	112.0	46775.0	40652.0	7.0	43116.0	472.0	42.0	4071.0	0.0	287.0	1116.0	0.0	1090.0	118912.0
MUSCULO_75	19675946.0	11596.0	8645.0	8780.0	15949.0	1056.0	8544.0	11.0	23505.0	29479.0	14.0	30786.0	443.0	42.0	3320.0	0.0	227.0	1178.0	0.0	1000.0	53766.0
MUSCULO_76	18435345.0	8725.0	9257.0	3482.0	16787.0	904.0	6324.0	19.0	26992.0	18108.0	12.0	38046.0	409.0	46.0	3108.0	0.0	256.0	1166.0	0.0	777.0	53314.0
MUSCULO_77	33295190.0	34389.0	15853.0	8602.0	32642.0	6512.0	12003.0	91.0	101673.0	72799.0	35.0	61678.0	802.0	123.0	9142.0	0.0	437.0	1612.0	0.0	1121.0	59987.0
MUSCULO_78	27768688.0	18599.0	11854.0	16314.0	25149.0	2562.0	12300.0	61.0	63394.0	78996.0	10.0	38903.0	896.0	125.0	6121.0	1.0	334.0	1760.0	0.0	715.0	83582.0
MUSCULO_79	21883990.0	20040.0	8874.0	12282.0	19221.0	5997.0	9327.0	4255.0	44035.0	59693.0	15.0	30067.0	746.0	112.0	5296.0	0.0	245.0	1144.0	0.0	406.0	29071.0
MUSCULO_80	15578135.0	13271.0	6503.0	8804.0	14002.0	1241.0	8164.0	18.0	32946.0	45020.0	8.0	26701.0	319.0	48.0	4085.0	0.0	191.0	1048.0	0.0	555.0	46067.0
MUSCULO_81	15912530.0	21279.0	6527.0	10870.0	16295.0	2159.0	6888.0	18.0	55367.0	49716.0	4.0	23745.0	544.0	44.0	5474.0	0.0	210.0	1075.0	0.0	570.0	70075.0
MUSCULO_82	22354695.0	6628.0	9848.0	20756.0	18020.0	569.0	9018.0	19.0	30213.0	36740.0	13.0	34430.0	1016.0	107.0	3338.0	0.0	275.0	1392.0	0.0	401.0	18105.0
MUSCULO_83	26811984.0	54109.0	11176.0	27178.0	25504.0	10134.0	13233.0	1375.0	128145.0	112029.0	21.0	41581.0	833.0	73.0	12169.0	0.0	316.0	1603.0	0.0	1183.0	101699.0
MUSCULO_84	23812188.0	12172.0	10547.0	3778.0	21422.0	1660.0	7998.0	22.0	43534.0	27208.0	15.0	40200.0	351.0	45.0	4838.0	0.0	328.0	1268.0	0.0	781.0	48609.0
MUSCULO_85	22208035.0	22848.0	8873.0	3420.0	20971.0	2446.0	7602.0	65.0	72768.0	50225.0	10.0	34594.0	635.0	52.0	7879.0	0.0	301.0	1306.0	0.0	1048.0	74999.0
MUSCULO_86	16685608.0	25857.0	5944.0	13100.0	14551.0	3532.0	8499.0	79.0	53131.0	56244.0	4.0	25873.0	464.0	57.0	4928.0	0.0	202.0	853.0	0.0	983.0	38329.0
MUSCULO_87	19866960.0	22192.0	10044.0	7970.0	17072.0	2141.0	7234.0	25.0	64768.0	62100.0	10.0	36542.0	383.0	50.0	6592.0	0.0	289.0	1122.0	1.0	1096.0	75204.0
MUSCULO_88	23640032.0	36116.0	9611.0	17352.0	18497.0	11994.0	11765.0	39.0	71499.0	69257.0	20.0	34480.0	702.0	107.0	6260.0	0.0	286.0	1057.0	0.0	1222.0	76359.0
MUSCULO_89	16842405.0	5473.0	5498.0	2359.0	11581.0	1364.0	4221.0	8.0	53867.0	10531.0	7.0	24205.0	365.0	46.0	3240.0	0.0	169.0	868.0	0.0	886.0	69469.0
MUSCULO_90	50639055.0	43798.0	18543.0	12760.0	45492.0	6030.0	18878.0	1531.0	137126.0	104598.0	21.0	72305.0	1541.0	199.0	12515.0	0.0	588.0	2288.0	0.0	1474.0	144151.0
MUSCULO_91	23921038.0	17263.0	11395.0	11162.0	23849.0	2924.0	13153.0	57.0	58960.0	59681.0	14.0	39169.0	843.0	86.0	6739.0	0.0	367.0	1673.0	0.0	562.0	39783.0
MUSCULO_92	25799311.0	17082.0	11643.0	7239.0	22886.0	3713.0	7633.0	110.0	95018.0	24365.0	23.0	54454.0	1033.0	78.0	6432.0	0.0	296.0	1438.0	0.0	731.0	36387.0
MUSCULO_93	22681133.0	13618.0	8651.0	3465.0	21156.0	1027.0	10152.0	64.0	47981.0	41246.0	6.0	29055.0	542.0	69.0	5414.0	0.0	274.0	1180.0	0.0	786.0	82110.0
MUSCULO_94	16884059.0	19570.0	6775.0	22364.0	12291.0	3497.0	10772.0	133.0	58641.0	46137.0	8.0	24429.0	536.0	43.0	4911.0	0.0	185.0	1139.0	0.0	706.0	36407.0
MUSCULO_95	26220361.0	21472.0	11902.0	10549.0	22158.0	1910.0	12162.0	52.0	66971.0	64250.0	14.0	40301.0	584.0	76.0	7575.0	0.0	280.0	1425.0	0.0	1246.0	74240.0
MUSCULO_96	18528663.0	19562.0	9944.0	14199.0	16108.0	3097.0	11339.0	57.0	67712.0	53490.0	17.0	47332.0	709.0	95.0	6667.0	0.0	251.0	1073.0	0.0	185.0	19551.0
MUSCULO_97	10428079.0	51576.0	4825.0	4044.0	10632.0	37428.0	5202.0	1214.0	59197.0	68083.0	8.0	15907.0	166.0	31.0	9411.0	0.0	119.0	380.0	0.0	1475.0	89809.0
MUSCULO_98	24215327.0	14055.0	14229.0	15265.0	19311.0	3399.0	11006.0	44.0	46253.0	44941.0	30.0	57461.0	932.0	104.0	5608.0	0.0	311.0	1265.0	0.0	368.0	14415.0
MUSCULO_99	25945395.0	25263.0	11812.0	17500.0	23759.0	4625.0	13870.0	90.0	81815.0	58218.0	8.0	36286.0	674.0	80.0	5887.0	0.0	323.0	1570.0	0.0	1606.0	93251.0
