Sample	total_records	qc_failed	optical_pcr_duplicate	non_primary_hits	unmapped_reads	mapq_lt_mapq_cut_non-unique	mapq_gte_mapq_cut_unique	read_1	read_2	reads_map_to_sense	reads_map_to_antisense	non-splice_reads	splice_reads	reads_mapped_in_proper_pairs	proper-paired_reads_map_to_different_chrom	unique_percent	proper_pairs_percent
GRASO_121	79459087	0	28987416	35021258	0	1068071	14382342	0	0	7242139	7140203	12622070	1760272	0	0	18.100311170200083	0.0
GRASO_122	102315788	0	35344558	48162729	0	1294241	17514260	0	0	8831192	8683068	15530791	1983469	0	0	17.117846954372283	0.0
GRASO_123	192234875	0	42630896	137326418	0	890860	11386701	0	0	5693066	5693635	9696055	1690646	0	0	5.9233273879154344	0.0
GRASO_124	63084703	0	20625682	35216836	0	612270	6629915	0	0	3338324	3291591	5705989	923926	0	0	10.509544603863793	0.0
GRASO_125	98687921	0	32007851	46261948	0	1345064	19073058	0	0	9544868	9528190	17011592	2061466	0	0	19.32663876868984	0.0
GRASO_126	117298227	0	32970979	69195594	0	1052645	14079009	0	0	7055587	7023422	12262488	1816521	0	0	12.002746639981183	0.0
GRASO_127	106589226	0	40783492	47275153	0	1279271	17251310	0	0	8699263	8552047	14953684	2297626	0	0	16.18485342974533	0.0
GRASO_128	111976844	0	35014884	60801556	0	1103561	15056843	0	0	7548792	7508051	13296138	1760705	0	0	13.446389862532651	0.0
GRASO_129	127524159	0	25799773	98551955	0	423435	2748996	0	0	1379594	1369402	2261208	487788	0	0	2.1556668332939175	0.0
GRASO_130	85460681	0	31147713	39112951	0	1023232	14176785	0	0	7144026	7032759	12045000	2131785	0	0	16.58866373882511	0.0
GRASO_131	103178973	0	30625674	58230265	0	964552	13358482	0	0	6722253	6636229	11213023	2145459	0	0	12.946903435450944	0.0
GRASO_132	67186679	0	22335498	33286341	0	791517	10773323	0	0	5432471	5340852	8968476	1804847	0	0	16.034909241458415	0.0
GRASO_133	82356302	0	28761965	41298519	0	841147	11454671	0	0	5758361	5696310	9466928	1987743	0	0	13.908675744085741	0.0
GRASO_134	45166924	0	20565580	16459972	0	600131	7541241	0	0	3798354	3742887	6303975	1237266	0	0	16.696379412509916	0.0
GRASO_135	52906546	0	19003416	23687111	0	746381	9469638	0	0	4774200	4695438	8298016	1171622	0	0	17.89880216334667	0.0
GRASO_136	91684382	0	25839198	54254364	0	799764	10791056	0	0	5421816	5369240	9009046	1782010	0	0	11.769786483372927	0.0
GRASO_137	47702854	0	17241539	23013967	0	619940	6827408	0	0	3449534	3377874	6177641	649767	0	0	14.312367976976809	0.0
GRASO_138	74799076	0	27711576	31996694	0	1037148	14053658	0	0	7094913	6958745	12410355	1643303	0	0	18.788544928014886	0.0
GRASO_139	49575835	0	17440561	20525620	0	863388	10746266	0	0	5417164	5329102	9630030	1116236	0	0	21.676419570139362	0.0
GRASO_140	99157307	0	34733247	47581432	0	1159825	15682803	0	0	7884919	7797884	13809122	1873681	0	0	15.816084033020381	0.0
GRASO_141	84729723	0	25721385	43942075	0	1070870	13995393	0	0	7048809	6946584	12383111	1612282	0	0	16.51769002006533	0.0
GRASO_142	82391211	0	29973563	36212069	0	1121620	15083959	0	0	7592128	7491831	13155193	1928766	0	0	18.307728235721648	0.0
GRASO_143	129254159	0	26847121	98559551	0	460778	3386709	0	0	1701261	1685448	2774477	612232	0	0	2.620193443833401	0.0
GRASO_144	107760297	0	25574519	79131190	0	346156	2708432	0	0	1371450	1336982	2268050	440382	0	0	2.5133857973683944	0.0
GRASO_145	327168265	0	138687784	150938948	0	2616062	34925471	0	0	17532016	17393455	31182464	3743007	0	0	10.67507907589998	0.0
GRASO_146	98112874	0	36585183	51804282	0	770317	8953092	0	0	4505893	4447199	7712867	1240225	0	0	9.12529786865687	0.0
GRASO_147	54020361	0	21669275	23324658	0	669115	8357313	0	0	4220580	4136733	7048633	1308680	0	0	15.470672252634522	0.0
GRASO_148	71652087	0	28777578	31925712	0	777888	10170909	0	0	5126012	5044897	8514619	1656290	0	0	14.194853807956772	0.0
GRASO_149	46275314	0	18178509	19050034	0	652928	8393843	0	0	4238597	4155246	7104360	1289483	0	0	18.13892175858601	0.0
GRASO_150	108252617	0	44089832	48352472	0	1142505	14667808	0	0	7388061	7279747	12713379	1954429	0	0	13.549610537360035	0.0
GRASO_151	74142079	0	31956123	32134381	0	746224	9305351	0	0	4694276	4611075	7742591	1562760	0	0	12.55070147142758	0.0
GRASO_152	86012561	0	36984199	31848741	0	1234860	15944761	0	0	8019720	7925041	14002318	1942443	0	0	18.537712183689077	0.0
GRASO_153	105913036	0	29317605	60226776	0	1155833	15212822	0	0	7654653	7558169	13413460	1799362	0	0	14.363502902513343	0.0
GRASO_154	24837557	0	5895665	14015859	0	366771	4559262	0	0	2283450	2275812	3885442	673820	0	0	18.356322242159322	0.0
GRASO_155	144172589	0	47261914	76623910	0	1401429	18885336	0	0	9487633	9397703	16602302	2283034	0	0	13.099116920207349	0.0
GRASO_156	53303368	0	17881920	30657861	0	399620	4363967	0	0	2198948	2165019	3480746	883221	0	0	8.187038012307214	0.0
GRASO_157	60330847	0	21259600	26442171	0	909881	11719195	0	0	5903242	5815953	10378065	1341130	0	0	19.424880608753927	0.0
GRASO_158	53207299	0	21612723	23373955	0	614139	7606482	0	0	3826771	3779711	6408637	1197845	0	0	14.295937104418698	0.0
GRASO_159	129069174	0	47235056	61113698	0	1416379	19304041	0	0	9731866	9572175	16876323	2427718	0	0	14.956352784902768	0.0
GRASO_160	80251025	0	33757160	32109055	0	988411	13396399	0	0	6731861	6664538	11360896	2035503	0	0	16.693118872936513	0.0
GRASO_161	57462349	0	22383274	24979911	0	781352	9317812	0	0	4701489	4616323	8162092	1155720	0	0	16.21550834964996	0.0
GRASO_162	85605501	0	35881495	35522996	0	1032182	13168828	0	0	6628088	6540740	11421477	1747351	0	0	15.383156276370604	0.0
GRASO_163	58868087	0	24489691	25218657	0	673295	8486444	0	0	4276847	4209597	7064726	1421718	0	0	14.41603495625737	0.0
GRASO_164	50055298	0	19103624	22117566	0	650715	8183393	0	0	4125441	4057952	6970493	1212900	0	0	16.348704986233425	0.0
GRASO_165	78905781	0	32446914	34394791	0	861643	11202433	0	0	5640902	5561531	9445367	1757066	0	0	14.197227196826049	0.0
GRASO_166	58610649	0	23489008	24047354	0	800549	10273738	0	0	5178726	5095012	8804628	1469110	0	0	17.528790715148027	0.0
GRASO_167	53094773	0	20313179	25046411	0	645188	7089995	0	0	3582069	3507926	6182795	907200	0	0	13.353470783272773	0.0
GRASO_168	87968190	0	25764608	50454353	0	850169	10899060	0	0	5488093	5410967	9248323	1650737	0	0	12.389774076288258	0.0
GRASO_169	121872747	0	28073513	88699579	0	568274	4531381	0	0	2276871	2254510	3791753	739628	0	0	3.718124938957846	0.0
GRASO_170	68866394	0	24103656	31161216	0	941341	12660181	0	0	6372072	6288109	10917895	1742286	0	0	18.38368508157985	0.0
GRASO_171	64009159	0	25346702	23720851	0	1002035	13939571	0	0	7012350	6927221	12133291	1806280	0	0	21.777463128362616	0.0
GRASO_172	39670694	0	16662439	15629282	0	538021	6840952	0	0	3454796	3386156	5745364	1095588	0	0	17.244346670617862	0.0
GRASO_173	36913138	0	12365878	16659349	0	555955	7331956	0	0	3693859	3638097	6241979	1089977	0	0	19.862727465760294	0.0
GRASO_174	32743109	0	12892222	10370848	0	642412	8837627	0	0	4443624	4394003	7309376	1528251	0	0	26.990799804624537	0.0
GRASO_175	56183686	0	18992248	28564575	0	646433	7980430	0	0	4020000	3960430	6815715	1164715	0	0	14.204176635901034	0.0
GRASO_176	54942527	0	16857111	29155515	0	648060	8281841	0	0	4157739	4124102	6792383	1489458	0	0	15.073644137263653	0.0
GRASO_177	37478424	0	11749735	16162214	0	637217	8929258	0	0	4502118	4427140	7550270	1378988	0	0	23.825062654715683	0.0
GRASO_178	56491240	0	20633767	20362772	0	1051553	14443148	0	0	7268741	7174407	12706365	1736783	0	0	25.567057830559214	0.0
GRASO_179	81359102	0	26644403	32124759	0	1468577	21121363	0	0	10584682	10536681	19418044	1703319	0	0	25.960663872617474	0.0
GRASO_180	69985415	0	22520815	32880734	0	995736	13588130	0	0	6846241	6741889	12006083	1582047	0	0	19.41565967709129	0.0
HIGADO_01	49682397	0	20843016	23811486	0	393016	4634879	0	0	2315870	2319009	3438131	1196748	0	0	9.329016472373505	0.0
HIGADO_02	76185617	0	32648113	37094341	0	512810	5930353	0	0	2963039	2967314	4419647	1510706	0	0	7.784084757100543	0.0
HIGADO_03	66228769	0	28244307	32698418	0	416179	4869865	0	0	2438272	2431593	3576043	1293822	0	0	7.3530960540728145	0.0
HIGADO_04	68662016	0	24932025	37916594	0	470402	5342995	0	0	2668887	2674108	4065347	1277648	0	0	7.781587712193012	0.0
HIGADO_05	51094172	0	25474868	19971141	0	438458	5209705	0	0	2613047	2596658	3825591	1384114	0	0	10.196280311578393	0.0
HIGADO_06	68263972	0	28630729	33987455	0	455499	5190289	0	0	2592957	2597332	3778093	1412196	0	0	7.603262523311711	0.0
HIGADO_07	100671023	0	41596521	52055794	0	568456	6450252	0	0	3224818	3225434	4728965	1721287	0	0	6.407257826316119	0.0
HIGADO_08	86221255	0	32350160	48379058	0	449836	5042201	0	0	2520176	2522025	3685358	1356843	0	0	5.847979132291684	0.0
HIGADO_09	63811060	0	23964176	34189344	0	460582	5196958	0	0	2597800	2599158	3952829	1244129	0	0	8.144290347159254	0.0
HIGADO_10	82893508	0	30074292	46452128	0	493904	5873184	0	0	2942596	2930588	4503763	1369421	0	0	7.08521588928291	0.0
HIGADO_11	93790700	0	35928887	50913656	0	552660	6395497	0	0	3194047	3201450	4763786	1631711	0	0	6.818903153510955	0.0
HIGADO_12	91985027	0	33925340	51559409	0	520631	5979647	0	0	2997951	2981696	4505492	1474155	0	0	6.500674289088375	0.0
HIGADO_13	115399360	0	48426825	59691228	0	570878	6710429	0	0	3349465	3360964	4879219	1831210	0	0	5.814962058715057	0.0
HIGADO_14	110612217	0	45652553	57600914	0	573330	6785420	0	0	3383602	3401818	4945991	1839429	0	0	6.134421842390159	0.0
HIGADO_15	114670815	0	44756134	62847203	0	560371	6507107	0	0	3255805	3251302	4675206	1831901	0	0	5.674597324524117	0.0
HIGADO_16	77525484	0	26978721	45791940	0	389500	4365323	0	0	2180421	2184902	3119298	1246025	0	0	5.630823278704071	0.0
HIGADO_17	92561317	0	39543331	45885181	0	575404	6557401	0	0	3276152	3281249	4884842	1672559	0	0	7.084386018405507	0.0
HIGADO_18	141860888	0	50821258	83537712	0	605407	6896511	0	0	3454572	3441939	5199735	1696776	0	0	4.861460475279134	0.0
HIGADO_19	85461953	0	37182346	41397785	0	535057	6346765	0	0	3172776	3173989	4697058	1649707	0	0	7.42642167327957	0.0
HIGADO_20	60663753	0	24587759	30753702	0	415363	4906929	0	0	2441237	2465692	3569381	1337548	0	0	8.088732986895817	0.0
HIGADO_21	145900830	0	61145023	75141282	0	770022	8844503	0	0	4418093	4426410	6698128	2146375	0	0	6.061996357388782	0.0
HIGADO_22	40809999	0	16256171	20880689	0	300512	3372627	0	0	1680422	1692205	2441771	930856	0	0	8.264217306155778	0.0
HIGADO_23	88296513	0	37026957	44284567	0	541950	6443039	0	0	3221423	3221616	4822825	1620214	0	0	7.297048072555255	0.0
HIGADO_24	102999413	0	39870886	56628174	0	506571	5993782	0	0	3003102	2990680	4350409	1643373	0	0	5.8192389892552105	0.0
HIGADO_25	31567882	0	15130524	12559741	0	311834	3565783	0	0	1780974	1784809	2569278	996505	0	0	11.295604184024763	0.0
HIGADO_26	45077973	0	21561658	18347321	0	404278	4764716	0	0	2377482	2387234	3469587	1295129	0	0	10.5699428854088	0.0
HIGADO_27	62114157	0	33269691	22512437	0	494973	5837056	0	0	2922740	2914316	4312668	1524388	0	0	9.397303741882869	0.0
HIGADO_28	39240543	0	20006294	14646469	0	351918	4235862	0	0	2113743	2122119	3058815	1177047	0	0	10.794605976782737	0.0
HIGADO_29	50438458	0	21145061	24371748	0	389283	4532366	0	0	2266412	2265954	3322321	1210045	0	0	8.985932916505893	0.0
HIGADO_30	60398512	0	27367572	27310097	0	445355	5275488	0	0	2627644	2647844	3897627	1377861	0	0	8.734466835871718	0.0
HIGADO_31	47458744	0	20321476	22362014	0	392286	4382968	0	0	2191676	2191292	3239638	1143330	0	0	9.235322367570452	0.0
HIGADO_32	43013000	0	20688488	17411904	0	385683	4526925	0	0	2263788	2263137	3290803	1236122	0	0	10.524550717225024	0.0
HIGADO_33	60498631	0	25470051	29906387	0	403296	4718897	0	0	2357092	2361805	3396021	1322876	0	0	7.800006251381126	0.0
HIGADO_34	109422705	0	47494268	53607864	0	659070	7661503	0	0	3838330	3823173	5903980	1757523	0	0	7.001748860074334	0.0
HIGADO_35	59950462	0	22851418	32280218	0	408634	4410192	0	0	2199817	2210375	3269011	1141181	0	0	7.356393683838499	0.0
HIGADO_36	70394248	0	30220835	34444467	0	453159	5275787	0	0	2633680	2642107	3932689	1343098	0	0	7.494627970171654	0.0
HIGADO_37	47191689	0	21563678	20094646	0	436977	5096388	0	0	2550008	2546380	3941987	1154401	0	0	10.799333755568698	0.0
HIGADO_38	47164503	0	21723666	20620961	0	382469	4437407	0	0	2216241	2221166	3252091	1185316	0	0	9.408361623146968	0.0
HIGADO_39	60938622	0	27070345	28437623	0	430967	4999687	0	0	2500750	2498937	3677418	1322269	0	0	8.204463500996132	0.0
HIGADO_40	54750750	0	23569575	26267235	0	399434	4514506	0	0	2253426	2261080	3331183	1183323	0	0	8.245560106482559	0.0
HIGADO_41	97452808	0	38022040	52337633	0	547490	6545645	0	0	3279755	3265890	4972686	1572959	0	0	6.716733087875723	0.0
HIGADO_42	86011747	0	36193417	42757740	0	559834	6500756	0	0	3262503	3238253	4978344	1522412	0	0	7.5579862364613986	0.0
HIGADO_43	78885999	0	34720748	38235230	0	481440	5448581	0	0	2723326	2725255	3998145	1450436	0	0	6.906904988298367	0.0
HIGADO_44	57440474	0	24165980	28750094	0	370460	4153940	0	0	2076802	2077138	3047419	1106521	0	0	7.231730016712606	0.0
HIGADO_45	90400408	0	32403202	52485994	0	461748	5049464	0	0	2530371	2519093	3817483	1231981	0	0	5.5856650558479775	0.0
HIGADO_46	55273059	0	22825283	27981155	0	357264	4109357	0	0	2058398	2050959	2907652	1201705	0	0	7.43464732067751	0.0
HIGADO_47	56591761	0	19935194	32512544	0	337041	3806982	0	0	1897237	1909745	2769001	1037981	0	0	6.727095839975716	0.0
HIGADO_48	85785898	0	26394130	54188170	0	422805	4780793	0	0	2391768	2389025	3681999	1098794	0	0	5.572935775528047	0.0
HIGADO_49	111672937	0	44165607	60006835	0	583764	6916731	0	0	3449925	3466806	5054369	1862362	0	0	6.1937396703374965	0.0
HIGADO_50	66770234	0	25547722	35830891	0	425490	4966131	0	0	2474775	2491356	3604262	1361869	0	0	7.437642048700923	0.0
HIGADO_51	60594507	0	22765053	31546871	0	491550	5791033	0	0	2887073	2903960	4593605	1197428	0	0	9.557026348939516	0.0
HIGADO_52	91963938	0	32708371	52815543	0	506366	5933658	0	0	2967422	2966236	4451945	1481713	0	0	6.4521573662928615	0.0
HIGADO_53	59606381	0	21695479	32737975	0	408099	4764828	0	0	2378675	2386153	3530641	1234187	0	0	7.99382200372138	0.0
HIGADO_54	55867061	0	25420550	25169697	0	415903	4860911	0	0	2433268	2427643	3452282	1408629	0	0	8.700853263070345	0.0
HIGADO_55	61873593	0	22238704	34967593	0	389807	4277489	0	0	2132873	2144616	3080460	1197029	0	0	6.913270738940278	0.0
HIGADO_56	61336154	0	20569065	36297298	0	379865	4089926	0	0	2034402	2055524	2953063	1136863	0	0	6.668050950830729	0.0
HIGADO_57	99137242	0	30429734	63716987	0	423442	4567079	0	0	2282876	2284203	3299329	1267750	0	0	4.606824749068569	0.0
HIGADO_58	61933927	0	23586395	33192195	0	417437	4737900	0	0	2369635	2368265	3392340	1345560	0	0	7.649926671047356	0.0
HIGADO_59	57270969	0	24135681	28052037	0	411318	4671933	0	0	2330073	2341860	3328151	1343782	0	0	8.157593771462118	0.0
HIGADO_60	74820103	0	23784151	45819407	0	427161	4789384	0	0	2389274	2400110	3566703	1222681	0	0	6.401199420963106	0.0
MUSCULO_100	144074977	0	63823622	70131169	0	747236	9372950	0	0	4772514	4600436	7315132	2057818	0	0	6.50560575831291	0.0
MUSCULO_101	67049833	0	33367963	27108142	0	476257	6097471	0	0	3114526	2982945	4564018	1533453	0	0	9.093939130318192	0.0
MUSCULO_102	36111275	0	15918914	16043794	0	309349	3839218	0	0	1977196	1862022	2813552	1025666	0	0	10.63163236413004	0.0
MUSCULO_103	50074315	0	18465095	27272227	0	335788	4001205	0	0	2058123	1943082	2990365	1010840	0	0	7.990533669806567	0.0
MUSCULO_104	59258643	0	27404656	25627014	0	449842	5777131	0	0	2961812	2815319	4404787	1372344	0	0	9.749009946110307	0.0
MUSCULO_105	64133548	0	25879949	32682449	0	419246	5151904	0	0	2628871	2523033	3867154	1284750	0	0	8.033087456817452	0.0
MUSCULO_106	55034660	0	20462099	30219670	0	345239	4007652	0	0	2047904	1959748	3042542	965110	0	0	7.282050983870891	0.0
MUSCULO_107	61157309	0	27219921	27721632	0	461088	5754668	0	0	2937097	2817571	4416121	1338547	0	0	9.40961610982589	0.0
MUSCULO_108	90415207	0	43289504	39145776	0	585643	7394284	0	0	3768508	3625776	5690105	1704179	0	0	8.178141980032185	0.0
MUSCULO_109	42403241	0	20576799	16918411	0	363185	4544846	0	0	2332819	2212027	3304423	1240423	0	0	10.718157133319126	0.0
MUSCULO_110	52140657	0	20311426	26546351	0	386466	4896414	0	0	2507274	2389140	3698672	1197742	0	0	9.390779253126787	0.0
MUSCULO_111	49218726	0	19075247	25253559	0	365909	4524011	0	0	2325843	2198168	3417099	1106912	0	0	9.191645878847005	0.0
MUSCULO_112	56700196	0	26382264	24778573	0	412082	5127277	0	0	2624546	2502731	3863429	1263848	0	0	9.042785319472264	0.0
MUSCULO_113	47215311	0	25984476	14033111	0	517064	6680660	0	0	3416137	3264523	5530874	1149786	0	0	14.149350832402648	0.0
MUSCULO_114	54360167	0	26575372	22367283	0	434066	4983446	0	0	2557718	2425728	3929906	1053540	0	0	9.167458959425199	0.0
MUSCULO_115	65932582	0	33852040	24350392	0	551460	7178690	0	0	3668888	3509802	5829340	1349350	0	0	10.887924880600004	0.0
MUSCULO_116	132136351	0	54931697	69108914	0	610520	7485220	0	0	3812482	3672738	5800243	1684977	0	0	5.664769719575501	0.0
MUSCULO_117	38470447	0	18774729	15461936	0	323389	3910393	0	0	2006060	1904333	2958477	951916	0	0	10.164667439398352	0.0
MUSCULO_118	60845865	0	27481339	27356294	0	433268	5574964	0	0	2850075	2724889	4137809	1437155	0	0	9.162436921555802	0.0
MUSCULO_119	67329551	0	25050708	37392430	0	375859	4510554	0	0	2312422	2198132	3437432	1073122	0	0	6.6992188912710855	0.0
MUSCULO_120	50742600	0	23721469	21205614	0	412076	5403441	0	0	2759673	2643768	4098914	1304527	0	0	10.648727105036006	0.0
MUSCULO_61	92193031	0	36810450	48254949	0	525099	6602533	0	0	3374829	3227704	5022124	1580409	0	0	7.161640015935694	0.0
MUSCULO_62	88752868	0	47789949	32190829	0	610774	8161316	0	0	4157545	4003771	6270000	1891316	0	0	9.195551855293285	0.0
MUSCULO_63	91610783	0	40154590	43624935	0	564011	7267247	0	0	3694912	3572335	5520042	1747205	0	0	7.932741934975056	0.0
MUSCULO_64	56377149	0	23341567	28037872	0	371111	4626599	0	0	2373420	2253179	3398309	1228290	0	0	8.206514664301311	0.0
MUSCULO_65	41809924	0	17977895	18962770	0	356980	4512279	0	0	2319820	2192459	3436881	1075398	0	0	10.792363554643151	0.0
MUSCULO_66	34140926	0	17581261	11582887	0	361646	4615132	0	0	2372000	2243132	3562135	1052997	0	0	13.517887593324213	0.0
MUSCULO_67	45212310	0	20768457	20092854	0	332708	4018291	0	0	2063519	1954772	3003604	1014687	0	0	8.887603840635437	0.0
MUSCULO_68	38877486	0	17996404	16420511	0	322681	4137890	0	0	2128513	2009377	3141099	996791	0	0	10.643409401523545	0.0
MUSCULO_69	40232757	0	18173154	16889737	0	371005	4798861	0	0	2466136	2332725	3749155	1049706	0	0	11.927745841529081	0.0
MUSCULO_70	46529581	0	20737404	21266529	0	347047	4178601	0	0	2147058	2031543	3118951	1059650	0	0	8.980525743397518	0.0
MUSCULO_71	41951298	0	20025716	16706734	0	372895	4845953	0	0	2480532	2365421	3679129	1166824	0	0	11.551377981200964	0.0
MUSCULO_72	32744525	0	13719814	15222700	0	281736	3520275	0	0	1817428	1702847	2655106	865169	0	0	10.750728556911422	0.0
MUSCULO_73	72929298	0	29683599	37119722	0	440404	5685573	0	0	2910228	2775345	4280658	1404915	0	0	7.796006757119751	0.0
MUSCULO_74	55852435	0	28927860	19755246	0	515888	6653441	0	0	3417764	3235677	5118917	1534524	0	0	11.912535236825397	0.0
MUSCULO_75	46010765	0	24211632	16090890	0	411553	5296690	0	0	2720012	2576678	3964051	1332639	0	0	11.511849455230749	0.0
MUSCULO_76	40208221	0	21810596	11743486	0	463573	6190566	0	0	3168304	3022262	4829583	1360983	0	0	15.396269335069562	0.0
MUSCULO_77	90254009	0	46326464	33984587	0	689682	9253276	0	0	4723666	4529610	7322575	1930701	0	0	10.252481970080686	0.0
MUSCULO_78	95423741	0	40367843	47721476	0	530774	6803648	0	0	3474260	3329388	5100417	1703231	0	0	7.129932162269764	0.0
MUSCULO_79	62852516	0	29686361	26605973	0	467262	6092920	0	0	3117686	2975234	4664116	1428804	0	0	9.69399538436934	0.0
MUSCULO_80	52427862	0	22058961	24949043	0	392950	5026908	0	0	2579566	2447342	3868909	1157999	0	0	9.588237643564408	0.0
MUSCULO_81	50231807	0	20767711	24245740	0	381749	4836607	0	0	2472263	2364344	3585526	1251081	0	0	9.62857458024554	0.0
MUSCULO_82	55568427	0	31551753	17169653	0	470801	6376220	0	0	3267127	3109093	5049551	1326669	0	0	11.474537510302389	0.0
MUSCULO_83	96489851	0	39776260	49207415	0	546554	6959622	0	0	3541051	3418571	5284047	1675575	0	0	7.212802100813691	0.0
MUSCULO_84	52439416	0	28896594	16658589	0	481853	6402380	0	0	3270861	3131519	4891468	1510912	0	0	12.209098591029313	0.0
MUSCULO_85	60050202	0	29556579	23992298	0	469785	6031540	0	0	3081640	2949900	4570674	1460866	0	0	10.044162715722422	0.0
MUSCULO_86	68895871	0	26163559	37599932	0	382097	4750283	0	0	2434744	2315539	3561805	1188478	0	0	6.894873279125828	0.0
MUSCULO_87	65326407	0	27448639	31350767	0	465576	6061425	0	0	3105623	2955802	4667934	1393491	0	0	9.278675008102006	0.0
MUSCULO_88	87232737	0	35287684	44763187	0	529117	6652749	0	0	3400137	3252612	5246395	1406354	0	0	7.6264361623778925	0.0
MUSCULO_89	34911753	0	21113155	9060701	0	351805	4386092	0	0	2255210	2130882	3302251	1083841	0	0	12.563367986706368	0.0
MUSCULO_90	135865904	0	71671692	53615041	0	750065	9829106	0	0	4996832	4832274	7572459	2256647	0	0	7.234416958650641	0.0
MUSCULO_91	64499999	0	29950317	27028415	0	524248	6997019	0	0	3562150	3434869	5419393	1577626	0	0	10.848091641055685	0.0
MUSCULO_92	58327687	0	34420670	15729558	0	564152	7613307	0	0	3889038	3724269	6103012	1510295	0	0	13.052646850199976	0.0
MUSCULO_93	65053172	0	32201764	26387536	0	478384	5985488	0	0	3066265	2919223	4543313	1442175	0	0	9.200916444166628	0.0
MUSCULO_94	58621439	0	24271347	29190961	0	380829	4778302	0	0	2449546	2328756	3653109	1125193	0	0	8.15111686357614	0.0
MUSCULO_95	76713317	0	35837943	33865952	0	506518	6502904	0	0	3325684	3177220	4962262	1540642	0	0	8.476890655112722	0.0
MUSCULO_96	60877937	0	26722693	25415857	0	596898	8142489	0	0	4158104	3984385	6888939	1253550	0	0	13.375106649885327	0.0
MUSCULO_97	82906933	0	21574002	57120415	0	348605	3863911	0	0	1978843	1885068	2899869	964042	0	0	4.660540271101333	0.0
MUSCULO_98	64970079	0	34975691	19557607	0	703537	9733244	0	0	4969859	4763385	8275754	1457490	0	0	14.981117692653568	0.0
MUSCULO_99	80886966	0	35394025	38746296	0	504676	6241969	0	0	3180832	3061137	4757992	1483977	0	0	7.716903363639576	0.0
