Sample	LIBRARY	UNPAIRED_READS_EXAMINED	READ_PAIRS_EXAMINED	SECONDARY_OR_SUPPLEMENTARY_RDS	UNMAPPED_READS	UNPAIRED_READ_DUPLICATES	READ_PAIR_DUPLICATES	READ_PAIR_OPTICAL_DUPLICATES	PERCENT_DUPLICATION	ESTIMATED_LIBRARY_SIZE
GRASO_121	Unknown Library	44437829.0	0.0	35021258.0	0.0	28987416.0	0.0	0.0	0.652314	
GRASO_122	Unknown Library	54153059.0	0.0	48162729.0	0.0	35344558.0	0.0	0.0	0.652679	
GRASO_123	Unknown Library	54908457.0	0.0	137326418.0	0.0	42630896.0	0.0	0.0	0.776399	
GRASO_124	Unknown Library	27867867.0	0.0	35216836.0	0.0	20625682.0	0.0	0.0	0.740124	
GRASO_125	Unknown Library	52425973.0	0.0	46261948.0	0.0	32007851.0	0.0	0.0	0.610534	
GRASO_126	Unknown Library	48102633.0	0.0	69195594.0	0.0	32970979.0	0.0	0.0	0.68543	
GRASO_127	Unknown Library	59314073.0	0.0	47275153.0	0.0	40783492.0	0.0	0.0	0.687585	
GRASO_128	Unknown Library	51175288.0	0.0	60801556.0	0.0	35014884.0	0.0	0.0	0.684215	
GRASO_129	Unknown Library	28972204.0	0.0	98551955.0	0.0	25799773.0	0.0	0.0	0.890501	
GRASO_130	Unknown Library	46347730.0	0.0	39112951.0	0.0	31147713.0	0.0	0.0	0.672044	
GRASO_131	Unknown Library	44948708.0	0.0	58230265.0	0.0	30625674.0	0.0	0.0	0.681347	
GRASO_132	Unknown Library	33900338.0	0.0	33286341.0	0.0	22335498.0	0.0	0.0	0.658858	
GRASO_133	Unknown Library	41057783.0	0.0	41298519.0	0.0	28761965.0	0.0	0.0	0.700524	
GRASO_134	Unknown Library	28706952.0	0.0	16459972.0	0.0	20565580.0	0.0	0.0	0.716397	
GRASO_135	Unknown Library	29219435.0	0.0	23687111.0	0.0	19003416.0	0.0	0.0	0.650369	
GRASO_136	Unknown Library	37430018.0	0.0	54254364.0	0.0	25839198.0	0.0	0.0	0.690334	
GRASO_137	Unknown Library	24688887.0	0.0	23013967.0	0.0	17241539.0	0.0	0.0	0.698352	
GRASO_138	Unknown Library	42802382.0	0.0	31996694.0	0.0	27711576.0	0.0	0.0	0.647431	
GRASO_139	Unknown Library	29050215.0	0.0	20525620.0	0.0	17440561.0	0.0	0.0	0.600359	
GRASO_140	Unknown Library	51575875.0	0.0	47581432.0	0.0	34733247.0	0.0	0.0	0.67344	
GRASO_141	Unknown Library	40787648.0	0.0	43942075.0	0.0	25721385.0	0.0	0.0	0.630617	
GRASO_142	Unknown Library	46179142.0	0.0	36212069.0	0.0	29973563.0	0.0	0.0	0.649071	
GRASO_143	Unknown Library	30694608.0	0.0	98559551.0	0.0	26847121.0	0.0	0.0	0.874653	
GRASO_144	Unknown Library	28629107.0	0.0	79131190.0	0.0	25574519.0	0.0	0.0	0.893305	
GRASO_145	Unknown Library	176229317.0	0.0	150938948.0	0.0	138687784.0	0.0	0.0	0.786973	
GRASO_146	Unknown Library	46308592.0	0.0	51804282.0	0.0	36585183.0	0.0	0.0	0.79003	
GRASO_147	Unknown Library	30695703.0	0.0	23324658.0	0.0	21669275.0	0.0	0.0	0.705938	
GRASO_148	Unknown Library	39726375.0	0.0	31925712.0	0.0	28777578.0	0.0	0.0	0.724395	
GRASO_149	Unknown Library	27225280.0	0.0	19050034.0	0.0	18178509.0	0.0	0.0	0.667707	
GRASO_150	Unknown Library	59900145.0	0.0	48352472.0	0.0	44089832.0	0.0	0.0	0.736056	
GRASO_151	Unknown Library	42007698.0	0.0	32134381.0	0.0	31956123.0	0.0	0.0	0.760721	
GRASO_152	Unknown Library	54163820.0	0.0	31848741.0	0.0	36984199.0	0.0	0.0	0.682821	
GRASO_153	Unknown Library	45686260.0	0.0	60226776.0	0.0	29317605.0	0.0	0.0	0.641716	
GRASO_154	Unknown Library	10821698.0	0.0	14015859.0	0.0	5895665.0	0.0	0.0	0.5448	
GRASO_155	Unknown Library	67548679.0	0.0	76623910.0	0.0	47261914.0	0.0	0.0	0.699672	
GRASO_156	Unknown Library	22645507.0	0.0	30657861.0	0.0	17881920.0	0.0	0.0	0.789645	
GRASO_157	Unknown Library	33888676.0	0.0	26442171.0	0.0	21259600.0	0.0	0.0	0.627336	
GRASO_158	Unknown Library	29833344.0	0.0	23373955.0	0.0	21612723.0	0.0	0.0	0.724449	
GRASO_159	Unknown Library	67955476.0	0.0	61113698.0	0.0	47235056.0	0.0	0.0	0.695088	
GRASO_160	Unknown Library	48141970.0	0.0	32109055.0	0.0	33757160.0	0.0	0.0	0.7012	
GRASO_161	Unknown Library	32482438.0	0.0	24979911.0	0.0	22383274.0	0.0	0.0	0.689088	
GRASO_162	Unknown Library	50082505.0	0.0	35522996.0	0.0	35881495.0	0.0	0.0	0.716448	
GRASO_163	Unknown Library	33649430.0	0.0	25218657.0	0.0	24489691.0	0.0	0.0	0.727789	
GRASO_164	Unknown Library	27937732.0	0.0	22117566.0	0.0	19103624.0	0.0	0.0	0.683793	
GRASO_165	Unknown Library	44510990.0	0.0	34394791.0	0.0	32446914.0	0.0	0.0	0.728964	
GRASO_166	Unknown Library	34563295.0	0.0	24047354.0	0.0	23489008.0	0.0	0.0	0.679594	
GRASO_167	Unknown Library	28048362.0	0.0	25046411.0	0.0	20313179.0	0.0	0.0	0.72422	
GRASO_168	Unknown Library	37513837.0	0.0	50454353.0	0.0	25764608.0	0.0	0.0	0.686803	
GRASO_169	Unknown Library	33173168.0	0.0	88699579.0	0.0	28073513.0	0.0	0.0	0.846272	
GRASO_170	Unknown Library	37705178.0	0.0	31161216.0	0.0	24103656.0	0.0	0.0	0.639266	
GRASO_171	Unknown Library	40288308.0	0.0	23720851.0	0.0	25346702.0	0.0	0.0	0.629133	
GRASO_172	Unknown Library	24041412.0	0.0	15629282.0	0.0	16662439.0	0.0	0.0	0.693072	
GRASO_173	Unknown Library	20253789.0	0.0	16659349.0	0.0	12365878.0	0.0	0.0	0.610546	
GRASO_174	Unknown Library	22372261.0	0.0	10370848.0	0.0	12892222.0	0.0	0.0	0.576259	
GRASO_175	Unknown Library	27619111.0	0.0	28564575.0	0.0	18992248.0	0.0	0.0	0.687649	
GRASO_176	Unknown Library	25787012.0	0.0	29155515.0	0.0	16857111.0	0.0	0.0	0.653705	
GRASO_177	Unknown Library	21316210.0	0.0	16162214.0	0.0	11749735.0	0.0	0.0	0.551211	
GRASO_178	Unknown Library	36128468.0	0.0	20362772.0	0.0	20633767.0	0.0	0.0	0.571122	
GRASO_179	Unknown Library	49234343.0	0.0	32124759.0	0.0	26644403.0	0.0	0.0	0.541175	
GRASO_180	Unknown Library	37104681.0	0.0	32880734.0	0.0	22520815.0	0.0	0.0	0.606953	
HIGADO_01	Unknown Library	25870911.0	0.0	23811486.0	0.0	20843016.0	0.0	0.0	0.805655	
HIGADO_02	Unknown Library	39091276.0	0.0	37094341.0	0.0	32648113.0	0.0	0.0	0.835176	
HIGADO_03	Unknown Library	33530351.0	0.0	32698418.0	0.0	28244307.0	0.0	0.0	0.84235	
HIGADO_04	Unknown Library	30745422.0	0.0	37916594.0	0.0	24932025.0	0.0	0.0	0.810918	
HIGADO_05	Unknown Library	31123031.0	0.0	19971141.0	0.0	25474868.0	0.0	0.0	0.818521	
HIGADO_06	Unknown Library	34276517.0	0.0	33987455.0	0.0	28630729.0	0.0	0.0	0.835287	
HIGADO_07	Unknown Library	48615229.0	0.0	52055794.0	0.0	41596521.0	0.0	0.0	0.855627	
HIGADO_08	Unknown Library	37842197.0	0.0	48379058.0	0.0	32350160.0	0.0	0.0	0.85487	
HIGADO_09	Unknown Library	29621716.0	0.0	34189344.0	0.0	23964176.0	0.0	0.0	0.809007	
HIGADO_10	Unknown Library	36441380.0	0.0	46452128.0	0.0	30074292.0	0.0	0.0	0.825279	
HIGADO_11	Unknown Library	42877044.0	0.0	50913656.0	0.0	35928887.0	0.0	0.0	0.837952	
HIGADO_12	Unknown Library	40425618.0	0.0	51559409.0	0.0	33925340.0	0.0	0.0	0.839204	
HIGADO_13	Unknown Library	55708132.0	0.0	59691228.0	0.0	48426825.0	0.0	0.0	0.869295	
HIGADO_14	Unknown Library	53011303.0	0.0	57600914.0	0.0	45652553.0	0.0	0.0	0.861185	
HIGADO_15	Unknown Library	51823612.0	0.0	62847203.0	0.0	44756134.0	0.0	0.0	0.863624	
HIGADO_16	Unknown Library	31733544.0	0.0	45791940.0	0.0	26978721.0	0.0	0.0	0.850164	
HIGADO_17	Unknown Library	46676136.0	0.0	45885181.0	0.0	39543331.0	0.0	0.0	0.847185	
HIGADO_18	Unknown Library	58323176.0	0.0	83537712.0	0.0	50821258.0	0.0	0.0	0.871373	
HIGADO_19	Unknown Library	44064168.0	0.0	41397785.0	0.0	37182346.0	0.0	0.0	0.843823	
HIGADO_20	Unknown Library	29910051.0	0.0	30753702.0	0.0	24587759.0	0.0	0.0	0.822057	
HIGADO_21	Unknown Library	70759548.0	0.0	75141282.0	0.0	61145023.0	0.0	0.0	0.864124	
HIGADO_22	Unknown Library	19929310.0	0.0	20880689.0	0.0	16256171.0	0.0	0.0	0.815692	
HIGADO_23	Unknown Library	44011946.0	0.0	44284567.0	0.0	37026957.0	0.0	0.0	0.841293	
HIGADO_24	Unknown Library	46371239.0	0.0	56628174.0	0.0	39870886.0	0.0	0.0	0.859819	
HIGADO_25	Unknown Library	19008141.0	0.0	12559741.0	0.0	15130524.0	0.0	0.0	0.796002	
HIGADO_26	Unknown Library	26730652.0	0.0	18347321.0	0.0	21561658.0	0.0	0.0	0.806627	
HIGADO_27	Unknown Library	39601720.0	0.0	22512437.0	0.0	33269691.0	0.0	0.0	0.840107	
HIGADO_28	Unknown Library	24594074.0	0.0	14646469.0	0.0	20006294.0	0.0	0.0	0.81346	
HIGADO_29	Unknown Library	26066710.0	0.0	24371748.0	0.0	21145061.0	0.0	0.0	0.81119	
HIGADO_30	Unknown Library	33088415.0	0.0	27310097.0	0.0	27367572.0	0.0	0.0	0.827104	
HIGADO_31	Unknown Library	25096730.0	0.0	22362014.0	0.0	20321476.0	0.0	0.0	0.809726	
HIGADO_32	Unknown Library	25601096.0	0.0	17411904.0	0.0	20688488.0	0.0	0.0	0.808109	
HIGADO_33	Unknown Library	30592244.0	0.0	29906387.0	0.0	25470051.0	0.0	0.0	0.832566	
HIGADO_34	Unknown Library	55814841.0	0.0	53607864.0	0.0	47494268.0	0.0	0.0	0.850925	
HIGADO_35	Unknown Library	27670244.0	0.0	32280218.0	0.0	22851418.0	0.0	0.0	0.825848	
HIGADO_36	Unknown Library	35949781.0	0.0	34444467.0	0.0	30220835.0	0.0	0.0	0.84064	
HIGADO_37	Unknown Library	27097043.0	0.0	20094646.0	0.0	21563678.0	0.0	0.0	0.795795	
HIGADO_38	Unknown Library	26543542.0	0.0	20620961.0	0.0	21723666.0	0.0	0.0	0.818416	
HIGADO_39	Unknown Library	32500999.0	0.0	28437623.0	0.0	27070345.0	0.0	0.0	0.832908	
HIGADO_40	Unknown Library	28483515.0	0.0	26267235.0	0.0	23569575.0	0.0	0.0	0.827481	
HIGADO_41	Unknown Library	45115175.0	0.0	52337633.0	0.0	38022040.0	0.0	0.0	0.842777	
HIGADO_42	Unknown Library	43254007.0	0.0	42757740.0	0.0	36193417.0	0.0	0.0	0.836764	
HIGADO_43	Unknown Library	40650769.0	0.0	38235230.0	0.0	34720748.0	0.0	0.0	0.854123	
HIGADO_44	Unknown Library	28690380.0	0.0	28750094.0	0.0	24165980.0	0.0	0.0	0.842303	
HIGADO_45	Unknown Library	37914414.0	0.0	52485994.0	0.0	32403202.0	0.0	0.0	0.854641	
HIGADO_46	Unknown Library	27291904.0	0.0	27981155.0	0.0	22825283.0	0.0	0.0	0.836339	
HIGADO_47	Unknown Library	24079217.0	0.0	32512544.0	0.0	19935194.0	0.0	0.0	0.8279	
HIGADO_48	Unknown Library	31597728.0	0.0	54188170.0	0.0	26394130.0	0.0	0.0	0.835317	
HIGADO_49	Unknown Library	51666102.0	0.0	60006835.0	0.0	44165607.0	0.0	0.0	0.854828	
HIGADO_50	Unknown Library	30939343.0	0.0	35830891.0	0.0	25547722.0	0.0	0.0	0.825736	
HIGADO_51	Unknown Library	29047636.0	0.0	31546871.0	0.0	22765053.0	0.0	0.0	0.783714	
HIGADO_52	Unknown Library	39148395.0	0.0	52815543.0	0.0	32708371.0	0.0	0.0	0.835497	
HIGADO_53	Unknown Library	26868406.0	0.0	32737975.0	0.0	21695479.0	0.0	0.0	0.807472	
HIGADO_54	Unknown Library	30697364.0	0.0	25169697.0	0.0	25420550.0	0.0	0.0	0.828102	
HIGADO_55	Unknown Library	26906000.0	0.0	34967593.0	0.0	22238704.0	0.0	0.0	0.826533	
HIGADO_56	Unknown Library	25038856.0	0.0	36297298.0	0.0	20569065.0	0.0	0.0	0.821486	
HIGADO_57	Unknown Library	35420255.0	0.0	63716987.0	0.0	30429734.0	0.0	0.0	0.859105	
HIGADO_58	Unknown Library	28741732.0	0.0	33192195.0	0.0	23586395.0	0.0	0.0	0.820632	
HIGADO_59	Unknown Library	29218932.0	0.0	28052037.0	0.0	24135681.0	0.0	0.0	0.826029	
HIGADO_60	Unknown Library	29000696.0	0.0	45819407.0	0.0	23784151.0	0.0	0.0	0.820123	
MUSCULO_100	Unknown Library	73943808.0	0.0	70131169.0	0.0	63823622.0	0.0	0.0	0.863137	
MUSCULO_101	Unknown Library	39941691.0	0.0	27108142.0	0.0	33367963.0	0.0	0.0	0.835417	
MUSCULO_102	Unknown Library	20067481.0	0.0	16043794.0	0.0	15918914.0	0.0	0.0	0.793269	
MUSCULO_103	Unknown Library	22802088.0	0.0	27272227.0	0.0	18465095.0	0.0	0.0	0.809798	
MUSCULO_104	Unknown Library	33631629.0	0.0	25627014.0	0.0	27404656.0	0.0	0.0	0.814848	
MUSCULO_105	Unknown Library	31451099.0	0.0	32682449.0	0.0	25879949.0	0.0	0.0	0.822863	
MUSCULO_106	Unknown Library	24814990.0	0.0	30219670.0	0.0	20462099.0	0.0	0.0	0.824586	
MUSCULO_107	Unknown Library	33435677.0	0.0	27721632.0	0.0	27219921.0	0.0	0.0	0.814098	
MUSCULO_108	Unknown Library	51269431.0	0.0	39145776.0	0.0	43289504.0	0.0	0.0	0.844353	
MUSCULO_109	Unknown Library	25484830.0	0.0	16918411.0	0.0	20576799.0	0.0	0.0	0.807414	
MUSCULO_110	Unknown Library	25594306.0	0.0	26546351.0	0.0	20311426.0	0.0	0.0	0.793592	
MUSCULO_111	Unknown Library	23965167.0	0.0	25253559.0	0.0	19075247.0	0.0	0.0	0.795957	
MUSCULO_112	Unknown Library	31921623.0	0.0	24778573.0	0.0	26382264.0	0.0	0.0	0.82647	
MUSCULO_113	Unknown Library	33182200.0	0.0	14033111.0	0.0	25984476.0	0.0	0.0	0.783085	
MUSCULO_114	Unknown Library	31992884.0	0.0	22367283.0	0.0	26575372.0	0.0	0.0	0.830665	
MUSCULO_115	Unknown Library	41582190.0	0.0	24350392.0	0.0	33852040.0	0.0	0.0	0.814099	
MUSCULO_116	Unknown Library	63027437.0	0.0	69108914.0	0.0	54931697.0	0.0	0.0	0.871552	
MUSCULO_117	Unknown Library	23008511.0	0.0	15461936.0	0.0	18774729.0	0.0	0.0	0.815991	
MUSCULO_118	Unknown Library	33489571.0	0.0	27356294.0	0.0	27481339.0	0.0	0.0	0.820594	
MUSCULO_119	Unknown Library	29937121.0	0.0	37392430.0	0.0	25050708.0	0.0	0.0	0.836777	
MUSCULO_120	Unknown Library	29536986.0	0.0	21205614.0	0.0	23721469.0	0.0	0.0	0.803111	
MUSCULO_61	Unknown Library	43938082.0	0.0	48254949.0	0.0	36810450.0	0.0	0.0	0.83778	
MUSCULO_62	Unknown Library	56562039.0	0.0	32190829.0	0.0	47789949.0	0.0	0.0	0.844912	
MUSCULO_63	Unknown Library	47985848.0	0.0	43624935.0	0.0	40154590.0	0.0	0.0	0.836801	
MUSCULO_64	Unknown Library	28339277.0	0.0	28037872.0	0.0	23341567.0	0.0	0.0	0.823647	
MUSCULO_65	Unknown Library	22847154.0	0.0	18962770.0	0.0	17977895.0	0.0	0.0	0.786877	
MUSCULO_66	Unknown Library	22558039.0	0.0	11582887.0	0.0	17581261.0	0.0	0.0	0.779379	
MUSCULO_67	Unknown Library	25119456.0	0.0	20092854.0	0.0	20768457.0	0.0	0.0	0.826788	
MUSCULO_68	Unknown Library	22456975.0	0.0	16420511.0	0.0	17996404.0	0.0	0.0	0.801373	
MUSCULO_69	Unknown Library	23343020.0	0.0	16889737.0	0.0	18173154.0	0.0	0.0	0.778526	
MUSCULO_70	Unknown Library	25263052.0	0.0	21266529.0	0.0	20737404.0	0.0	0.0	0.820859	
MUSCULO_71	Unknown Library	25244564.0	0.0	16706734.0	0.0	20025716.0	0.0	0.0	0.793268	
MUSCULO_72	Unknown Library	17521825.0	0.0	15222700.0	0.0	13719814.0	0.0	0.0	0.783013	
MUSCULO_73	Unknown Library	35809576.0	0.0	37119722.0	0.0	29683599.0	0.0	0.0	0.828929	
MUSCULO_74	Unknown Library	36097189.0	0.0	19755246.0	0.0	28927860.0	0.0	0.0	0.801388	
MUSCULO_75	Unknown Library	29919875.0	0.0	16090890.0	0.0	24211632.0	0.0	0.0	0.809216	
MUSCULO_76	Unknown Library	28464735.0	0.0	11743486.0	0.0	21810596.0	0.0	0.0	0.766232	
MUSCULO_77	Unknown Library	56269422.0	0.0	33984587.0	0.0	46326464.0	0.0	0.0	0.823297	
MUSCULO_78	Unknown Library	47702265.0	0.0	47721476.0	0.0	40367843.0	0.0	0.0	0.846246	
MUSCULO_79	Unknown Library	36246543.0	0.0	26605973.0	0.0	29686361.0	0.0	0.0	0.819012	
MUSCULO_80	Unknown Library	27478819.0	0.0	24949043.0	0.0	22058961.0	0.0	0.0	0.802762	
MUSCULO_81	Unknown Library	25986067.0	0.0	24245740.0	0.0	20767711.0	0.0	0.0	0.799186	
MUSCULO_82	Unknown Library	38398774.0	0.0	17169653.0	0.0	31551753.0	0.0	0.0	0.821686	
MUSCULO_83	Unknown Library	47282436.0	0.0	49207415.0	0.0	39776260.0	0.0	0.0	0.841248	
MUSCULO_84	Unknown Library	35780827.0	0.0	16658589.0	0.0	28896594.0	0.0	0.0	0.8076	
MUSCULO_85	Unknown Library	36057904.0	0.0	23992298.0	0.0	29556579.0	0.0	0.0	0.819698	
MUSCULO_86	Unknown Library	31295939.0	0.0	37599932.0	0.0	26163559.0	0.0	0.0	0.836005	
MUSCULO_87	Unknown Library	33975640.0	0.0	31350767.0	0.0	27448639.0	0.0	0.0	0.807892	
MUSCULO_88	Unknown Library	42469550.0	0.0	44763187.0	0.0	35287684.0	0.0	0.0	0.830894	
MUSCULO_89	Unknown Library	25851052.0	0.0	9060701.0	0.0	21113155.0	0.0	0.0	0.816723	
MUSCULO_90	Unknown Library	82250863.0	0.0	53615041.0	0.0	71671692.0	0.0	0.0	0.871379	
MUSCULO_91	Unknown Library	37471584.0	0.0	27028415.0	0.0	29950317.0	0.0	0.0	0.799281	
MUSCULO_92	Unknown Library	42598129.0	0.0	15729558.0	0.0	34420670.0	0.0	0.0	0.808032	
MUSCULO_93	Unknown Library	38665636.0	0.0	26387536.0	0.0	32201764.0	0.0	0.0	0.832826	
MUSCULO_94	Unknown Library	29430478.0	0.0	29190961.0	0.0	24271347.0	0.0	0.0	0.824701	
MUSCULO_95	Unknown Library	42847365.0	0.0	33865952.0	0.0	35837943.0	0.0	0.0	0.836409	
MUSCULO_96	Unknown Library	35462080.0	0.0	25415857.0	0.0	26722693.0	0.0	0.0	0.753557	
MUSCULO_97	Unknown Library	25786518.0	0.0	57120415.0	0.0	21574002.0	0.0	0.0	0.836639	
MUSCULO_98	Unknown Library	45412472.0	0.0	19557607.0	0.0	34975691.0	0.0	0.0	0.770178	
MUSCULO_99	Unknown Library	42140670.0	0.0	38746296.0	0.0	35394025.0	0.0	0.0	0.839902	
