Sample	1	2	3	4	5	6	7	8	9	10	11	12	13	14	15	16	17	18	19	20	21	22	23	24	25	26	27	28	29	30	31	32	33	34	35	36	37	38	39	40	41	42	43	44	45	46	47	48	49	50	51	52	53	54	55	56	57	58	59	60	61	62	63	64	65	66	67	68	69	70	71	72	73	74	75	76	77	78	79	80	81	82	83	84	85	86	87	88	89	90	91	92	93	94	95	96	97	98	99	100
GRASO_121 - Adapter 1	4638926	1175590	341691	13908	22120	2707	3414	1916	2801	2993	2148	391	1185	469	1717	895	1033	1033	768	747	848	759	1032	870	801	604	894	672	754	565	630	592	582	499	514	426	522	441	449	633	414	350	376	499	700	780	526	449	288	445	419	494	380	448	384	241	235	199	216	230	199	176	189	228	187	189	178	210	181	274	239	218	198	168	209	140	197	186	203	138	180	210	235	231	203	205	187	212	250	194	269	337	289	389	339	784	754	2853	35157	967
GRASO_122 - Adapter 1	5833979	1477356	426586	17234	27980	3456	4031	2539	3416	3622	2208	464	1183	426	1596	857	989	996	758	765	864	723	914	758	736	570	780	579	665	589	659	605	525	473	424	422	483	384	378	555	351	488	489	513	514	818	477	466	431	520	379	376	305	459	344	213	281	248	280	308	303	241	245	274	260	266	215	303	264	314	274	295	282	255	243	222	241	270	252	170	223	233	261	272	257	231	218	265	310	221	255	428	260	456	343	690	633	1676	21500	636
GRASO_123 - Adapter 1	9599529	1232327	250382	10674	17450	2004	2991	1216	2901	2376	2641	415	1771	460	2641	1293	1545	1317	1243	1212	1497	1156	1868	1426	1414	1029	1994	1074	1533	1006	1385	1219	1486	995	1195	842	1544	1374	1181	1897	1644	1961	2299	2149	3216	2562	1176	1048	791	1515	1281	1126	957	969	569	293	288	256	262	281	290	275	290	241	266	261	211	236	208	238	191	169	173	186	172	120	134	197	162	118	155	164	213	169	175	186	195	194	244	192	296	406	381	568	556	1406	1428	6843	93343	2097
GRASO_124 - Adapter 1	3232975	678389	184704	9794	12392	2716	2199	2382	2533	3700	1868	317	1282	355	2013	938	1233	1173	860	898	1065	889	1184	899	819	705	1361	1016	658	659	971	737	745	627	828	829	914	1385	1466	1175	2132	2013	1919	1912	1958	3835	988	959	986	1958	1244	836	618	826	670	251	496	413	367	643	825	699	474	606	365	740	286	228	149	213	249	202	146	162	156	169	118	122	104	132	105	102	137	177	136	105	122	137	144	118	153	311	192	414	174	360	308	672	8072	747
GRASO_125 - Adapter 1	5952559	1415778	390773	16017	26933	2996	3727	1886	3247	2910	1831	408	956	413	1274	822	1011	876	660	628	653	583	746	685	688	530	565	469	490	447	479	498	463	413	430	418	424	381	315	380	397	397	464	404	450	507	338	338	315	373	310	362	317	343	309	263	224	253	271	299	229	204	231	274	297	229	226	283	239	358	276	316	252	267	284	236	254	275	266	194	265	242	311	328	289	306	246	263	288	190	277	366	227	423	306	524	475	1004	8201	368
GRASO_126 - Adapter 1	7129765	1125340	279979	11181	19367	2241	3037	1667	2526	2638	2024	316	1219	388	1860	893	1019	949	745	768	785	700	1029	797	800	597	751	574	566	486	568	522	501	394	432	354	396	375	366	415	411	396	534	326	456	639	344	315	260	353	291	291	281	281	253	172	188	151	142	162	151	150	155	162	167	173	168	195	162	202	165	186	145	147	141	139	126	173	147	151	142	158	158	170	170	182	146	162	165	118	209	255	185	248	214	417	370	1240	13938	503
GRASO_127 - Adapter 1	6690969	1614423	464902	17445	30617	3331	4340	2322	3471	3579	2490	466	1338	414	1906	993	1181	1102	919	812	899	725	1104	903	926	635	819	653	651	583	713	602	617	696	641	376	313	420	467	446	411	425	579	419	507	618	331	324	352	374	369	396	342	471	369	202	232	235	278	273	244	185	227	298	252	189	210	308	256	301	276	282	235	260	210	196	202	237	222	188	175	211	265	248	217	238	177	239	250	198	228	367	220	386	248	468	447	799	6451	323
GRASO_128 - Adapter 1	6685019	1286679	330261	13523	22565	2736	3359	1792	2981	3055	2362	422	1395	476	2037	993	1211	1138	897	848	920	821	1133	906	870	650	836	685	533	555	626	657	714	523	328	295	372	474	406	445	468	441	401	327	466	441	277	223	261	313	247	340	306	357	292	199	183	259	245	227	202	199	171	208	179	190	153	242	177	270	220	217	202	186	197	190	187	196	201	130	177	232	217	234	218	220	161	199	189	171	210	327	160	298	199	323	337	565	2870	331
GRASO_129 - Adapter 1	4076581	588917	130045	5369	8470	2258	2495	2194	2402	3975	3266	401	2322	568	3501	1784	2115	2064	1762	1768	2170	1565	2564	2090	2101	1442	2492	1638	1940	1339	2092	1881	1914	1535	2121	1461	1305	2119	3438	2943	2611	3141	6033	2519	5948	4926	1806	1451	2184	2896	2652	1325	1833	1292	1072	534	446	460	362	456	727	496	603	482	640	957	419	255	110	117	90	70	55	70	79	142	44	36	35	35	25	38	31	52	52	62	43	33	46	39	52	65	98	125	133	375	350	1737	26796	1940
GRASO_130 - Adapter 1	5036667	1227939	372387	13391	23898	2369	3312	1518	2528	2640	1902	394	1144	339	1684	975	1128	1077	780	764	868	692	1076	912	902	611	911	605	708	557	669	678	614	530	494	538	576	505	529	561	605	707	604	672	904	992	450	415	313	554	493	457	430	449	364	201	245	184	198	208	191	164	172	214	178	170	201	206	192	213	180	206	159	184	157	161	132	186	173	124	158	191	199	213	181	190	143	196	203	162	227	399	240	429	269	601	602	2101	27265	826
GRASO_131 - Adapter 1	5449238	1191101	330569	11638	22193	1982	2853	1118	2275	2269	1932	344	1175	372	1713	883	1108	917	821	739	785	678	940	832	762	513	695	640	447	400	557	590	645	290	306	393	299	300	296	402	271	427	443	259	369	498	298	228	256	285	286	250	197	216	184	103	187	128	140	171	142	117	122	182	131	123	137	150	140	154	147	158	142	160	151	135	121	148	139	118	121	145	149	151	128	146	115	136	171	118	165	308	173	285	173	340	278	828	9614	392
GRASO_132 - Adapter 1	3871270	886816	265331	9064	17324	1449	2088	1005	1860	1696	1303	250	820	215	1169	636	754	709	528	490	534	479	718	576	551	362	540	435	464	342	469	470	404	327	317	305	309	414	434	539	285	338	493	590	477	880	354	312	317	393	336	290	320	298	220	136	117	120	142	147	168	123	134	159	146	129	113	126	128	142	125	139	131	127	126	115	122	120	126	104	111	104	149	116	112	113	90	138	142	125	159	276	127	235	193	303	254	925	10840	390
GRASO_133 - Adapter 1	4846974	1079336	321071	10339	20000	1697	2594	988	2148	1953	1440	258	904	231	1229	718	866	729	594	532	609	518	763	650	638	406	607	431	468	391	492	432	430	328	417	257	325	251	292	376	317	264	329	256	366	448	233	206	225	255	269	291	219	287	213	164	175	147	168	142	142	86	95	144	126	110	115	174	139	142	127	152	130	147	151	153	117	112	110	92	123	132	156	145	154	146	111	133	142	139	163	327	189	292	190	386	399	1411	17548	476
GRASO_134 - Adapter 1	2669326	746521	221651	7946	13601	1455	1916	918	2082	2009	1594	344	1127	311	1621	877	991	941	708	656	843	701	1053	819	827	559	1011	572	842	573	800	1027	914	441	281	377	575	619	730	891	1871	565	1390	1319	1091	2384	800	635	689	1148	1010	1075	898	914	739	408	318	224	231	196	253	193	200	277	251	207	150	172	165	171	133	148	137	160	127	138	93	123	95	87	86	95	132	149	137	127	86	171	161	130	184	302	219	371	273	697	654	3088	38623	1557
GRASO_135 - Adapter 1	2963047	753930	214028	9885	14258	2267	2113	1705	2385	2815	1469	275	882	303	1255	627	855	822	603	585	664	572	762	588	661	450	694	468	571	409	575	546	566	366	355	392	638	856	339	317	932	645	1106	942	802	1443	507	587	652	789	837	565	470	661	501	171	245	218	244	271	366	245	308	329	425	558	229	183	162	194	210	215	144	168	183	144	126	170	171	105	115	121	161	171	151	150	117	135	162	111	182	279	125	279	150	285	262	379	2863	321
GRASO_136 - Adapter 1	4815419	946012	249022	9164	16654	1727	2699	949	2309	2296	1901	304	1232	315	1916	1030	1202	1093	902	721	885	766	1132	905	925	588	820	582	586	500	655	619	631	493	403	474	464	485	569	426	743	698	482	562	1009	684	291	230	233	346	361	385	320	352	233	163	197	166	158	158	151	98	134	145	135	116	112	169	130	151	121	123	137	114	115	115	106	116	111	86	116	107	150	128	115	127	110	118	128	114	142	249	117	220	148	279	264	866	10552	561
GRASO_137 - Adapter 1	2600718	622571	159230	9731	11395	2960	2634	2530	3220	3682	1819	320	1146	348	1592	848	949	1217	736	758	1373	742	943	711	741	629	1927	809	1417	739	1198	948	1079	963	1718	1188	1398	2618	3125	4875	7579	4328	11742	4218	10861	7264	2261	1764	3086	3938	3675	1475	1520	1529	1244	465	470	488	441	784	1427	1220	1448	1673	2378	3475	1020	327	210	220	155	248	182	130	124	203	112	167	168	144	121	142	134	184	117	123	113	168	122	94	152	182	125	264	146	349	331	937	10295	1201
GRASO_138 - Adapter 1	4792165	1150295	314998	13595	20967	2741	3267	1700	3228	3324	2057	452	1293	464	1615	1278	1281	1457	1020	804	919	872	1288	1040	1101	666	998	630	850	625	797	795	704	553	588	526	416	363	392	453	423	377	386	494	489	675	421	458	294	388	333	298	258	325	269	182	176	195	175	199	169	176	183	197	155	172	170	214	202	216	164	183	190	143	148	156	162	169	171	164	155	152	170	196	185	184	143	178	213	173	203	287	226	331	270	636	548	2180	30155	917
GRASO_139 - Adapter 1	3227132	792858	217214	11947	14549	3448	2667	2845	2983	3634	1849	374	1030	369	1553	863	1025	1248	735	674	827	752	981	862	868	537	749	591	654	579	650	513	526	421	313	422	636	525	701	762	463	514	518	629	622	1046	511	486	400	555	393	322	262	359	249	137	188	197	199	245	256	217	168	192	127	162	151	173	168	167	151	175	114	146	130	145	109	118	116	89	117	146	148	141	135	147	128	147	155	122	185	264	189	287	323	544	529	1707	27966	1074
GRASO_140 - Adapter 1	6543550	1306127	361539	14972	23246	2992	3397	2179	6031	4733	3119	460	1667	475	2276	1254	1401	1451	1166	955	1151	981	1603	1318	1214	768	1059	770	853	663	859	864	812	487	492	561	510	443	646	823	566	744	791	713	690	811	359	359	329	511	461	411	356	432	274	200	189	224	231	226	211	177	221	230	162	184	217	249	239	233	227	223	198	199	172	194	169	188	151	155	191	197	240	208	172	181	175	211	250	177	253	346	216	399	355	600	538	1471	18009	674
GRASO_141 - Adapter 1	5683899	1018170	266789	12190	19063	3121	3169	2539	3569	4091	2703	441	1799	499	2582	1299	1580	1388	1212	1126	1125	1006	1465	1317	1158	806	979	792	783	645	823	717	823	623	319	305	613	361	431	606	492	596	511	402	514	734	380	377	278	400	380	317	287	312	245	129	152	165	158	183	176	139	181	162	150	148	137	184	196	186	168	164	147	162	148	155	158	174	162	122	140	171	182	155	161	155	133	157	191	143	191	242	181	310	282	520	495	1466	16281	499
GRASO_142 - Adapter 1	5436750	1210471	340267	14357	21685	2934	3172	1910	5458	4603	3002	509	1661	495	2268	1158	1541	1344	1058	970	1033	931	1269	1138	1168	756	1018	793	817	603	740	658	666	546	535	450	734	885	627	841	1046	432	431	437	576	933	333	348	400	461	455	511	429	491	338	212	218	242	268	211	187	209	189	243	196	167	160	230	229	253	219	233	172	217	175	218	161	218	204	156	176	194	244	189	166	216	157	208	235	178	218	319	227	401	338	608	485	1445	16118	580
GRASO_143 - Adapter 1	4325564	612020	131488	5225	7678	1846	2550	1534	3805	3148	3943	413	2864	581	4402	1872	2331	2043	1824	1943	2285	1982	2961	2725	2498	1680	2489	1626	2002	1548	2300	1863	1873	1072	1305	1289	1435	1144	1412	1481	1838	1850	1688	1965	2281	2570	953	778	476	1090	1197	1048	1027	902	633	357	281	196	165	160	255	162	218	136	169	146	130	111	108	72	53	49	77	60	35	83	54	37	42	36	54	56	39	61	75	89	59	68	119	103	169	183	251	341	381	1080	1087	5469	73529	3092
GRASO_144 - Adapter 1	2543627	577548	155032	7133	10491	4666	4691	2487	7843	5681	7113	701	5571	1117	8916	4214	4811	4224	4250	4559	8232	3913	6579	5675	6304	5519	15604	10472	4643	4694	7150	7652	7266	4927	7049	12949	11006	10990	17927	19242	39166	10585	32548	23217	21944	40924	6699	5408	8496	18536	13695	12695	10337	8793	5213	2318	1703	1639	1312	1771	3425	2478	2660	1460	1747	1310	1117	831	513	258	208	187	99	101	153	112	85	78	89	51	55	43	33	53	40	70	54	82	65	74	76	140	83	133	136	247	239	1032	13195	414
GRASO_145 - Adapter 1	20058139	4766734	1372852	53744	89760	9907	11766	6773	9822	9219	6295	1248	3662	1287	5066	2750	3439	3116	2717	2251	2618	2221	2942	2562	2498	1951	2605	1886	2140	1804	2285	1856	1919	1540	1510	2019	2804	1133	1411	1791	2253	2745	2910	3665	1866	4291	1269	1425	1359	1909	1279	1339	1094	1390	1320	647	797	708	851	967	913	708	741	932	775	821	688	843	727	894	987	956	733	874	926	601	691	819	731	560	658	673	888	793	759	768	599	842	813	684	850	1466	749	1350	909	1601	1486	2669	21815	985
GRASO_146 - Adapter 1	4541390	1116364	295658	12506	19012	3315	2753	2577	2709	2913	2037	423	1337	371	1922	1040	1263	1252	991	967	1330	839	1408	1293	1173	782	1562	946	1266	844	1123	1002	1107	935	1226	1257	2341	1704	1440	1900	5213	2877	1945	3927	7209	3368	1144	818	797	1762	1569	1655	1192	1598	1126	631	573	401	382	311	377	282	362	349	423	510	290	252	203	233	270	210	155	218	230	182	166	151	151	128	128	121	177	157	173	189	99	232	198	129	207	332	181	411	210	463	410	937	10109	395
GRASO_147 - Adapter 1	3084771	818015	234082	9755	14637	2096	2047	1659	2233	1996	1406	265	836	278	1246	647	738	679	549	587	873	500	726	650	754	530	1184	688	1061	568	918	721	997	538	860	1076	2529	1645	1641	2751	1940	3669	2136	3344	5643	3419	908	680	636	1683	1432	1537	1125	1532	1146	642	608	364	410	301	314	219	305	300	366	317	232	186	246	221	252	174	131	167	179	139	106	156	137	114	82	116	160	141	157	148	125	185	175	130	182	374	195	396	198	399	335	881	9789	259
GRASO_148 - Adapter 1	4291729	1049334	313419	11442	18950	2086	2652	1664	2626	2056	1513	287	967	270	1289	721	737	760	582	590	1137	523	767	615	718	697	1882	940	1496	761	1284	863	1114	830	1157	3651	2186	1867	3212	2610	6438	2401	7015	7587	4899	7313	954	1006	1562	3085	2220	2400	1440	1798	1481	621	667	434	419	358	413	301	410	371	432	538	269	231	256	222	294	232	182	220	188	112	164	177	143	108	135	129	212	188	166	139	145	198	192	185	219	470	236	553	305	513	433	1354	14482	450
GRASO_149 - Adapter 1	2834050	728206	218416	8215	12951	1672	1868	1302	1658	1530	972	208	613	193	848	423	538	438	405	402	539	347	444	405	399	353	644	398	642	361	548	469	409	375	345	623	682	2589	424	816	626	1208	2092	1536	1141	2292	489	477	397	1029	629	436	283	383	359	126	183	174	216	274	358	272	227	254	219	301	148	157	156	142	160	146	111	126	124	89	114	108	84	86	86	113	135	128	124	118	81	160	107	96	131	245	133	264	134	270	268	593	6389	228
GRASO_150 - Adapter 1	6324065	1552005	452575	18093	27140	3795	3865	2830	3466	3311	2246	545	1357	401	1839	1029	1251	1180	921	822	1239	817	1153	1012	981	711	1402	829	1064	685	1094	845	1108	873	818	1052	1106	1382	1348	1590	2940	2144	3848	1171	3528	3092	885	883	1018	1748	924	729	504	846	653	259	405	296	344	472	547	381	364	448	385	513	295	291	287	302	435	337	220	292	367	243	235	260	260	210	200	217	296	271	252	242	220	316	310	296	311	511	249	705	382	637	544	1276	13529	512
GRASO_151 - Adapter 1	4391852	1037738	311217	11180	17394	2301	2523	1725	2434	2264	1635	311	997	270	1519	722	949	775	677	621	877	567	798	710	679	582	1103	682	889	524	820	747	778	565	354	1109	665	2365	984	2798	1544	1596	2729	3265	2272	3354	510	596	677	1479	1191	1288	836	1170	1000	519	537	378	351	326	284	196	239	279	295	377	186	195	186	226	283	218	140	194	228	119	154	126	142	106	112	124	189	167	141	158	111	212	195	174	174	436	181	366	242	372	335	705	6762	261
GRASO_152 - Adapter 1	5063984	1432830	421617	18110	27263	3821	3654	2727	3685	4185	2491	617	1518	488	2202	1237	1447	1387	1044	1010	1125	991	1429	1149	1118	883	1243	875	821	693	915	803	898	662	842	717	919	1112	811	835	855	1140	2261	937	1296	1893	676	658	566	949	590	652	485	725	611	275	291	289	328	365	335	271	296	371	325	290	248	320	295	367	457	411	272	331	300	237	234	325	264	194	213	258	307	319	266	276	253	331	302	306	363	496	329	643	463	786	700	2007	22458	830
GRASO_153 - Adapter 1	5354503	1198322	328731	13015	22420	3043	3045	2400	2629	2949	1800	413	1107	384	1740	893	1039	1067	844	831	877	739	1087	888	855	677	916	729	628	507	689	639	671	551	442	727	549	1026	779	492	412	444	941	768	1091	979	420	355	288	481	412	453	376	453	375	232	218	222	196	235	209	156	200	206	208	242	202	192	163	249	221	244	167	214	191	192	155	181	166	146	163	140	179	178	148	193	171	211	197	186	197	333	204	324	238	387	383	886	9096	355
GRASO_154 - Adapter 1	1168281	289207	81451	3696	5684	666	770	467	878	852	623	110	376	128	536	235	362	311	254	225	249	226	287	244	241	186	275	201	198	211	222	331	335	171	181	202	131	361	342	233	279	380	349	476	655	830	345	236	189	442	449	598	849	615	474	365	264	177	189	155	148	96	126	99	155	123	151	134	142	113	87	110	71	83	87	62	75	71	64	46	64	40	76	61	55	79	57	67	64	41	71	94	59	123	77	177	161	356	3540	622
GRASO_155 - Adapter 1	8404731	1784074	502734	20042	34062	3732	4262	2832	3843	3630	2533	526	1449	498	2084	1047	1286	1159	1031	962	1182	891	1232	922	954	797	1191	854	1003	759	938	733	941	697	817	682	839	1503	751	1176	1613	1146	1866	2518	1092	3215	648	740	586	1078	607	708	496	567	482	276	330	289	316	347	350	258	325	333	346	357	270	356	296	392	381	348	252	301	336	265	260	324	258	250	247	256	334	320	333	290	250	312	315	279	348	481	299	531	367	633	598	1053	8225	469
GRASO_156 - Adapter 1	2825998	566639	163728	5965	10344	1345	1732	1157	1934	2017	1232	231	785	252	1298	618	690	776	606	611	834	592	829	632	702	519	1156	619	858	595	915	659	896	629	953	1090	1207	1247	2580	3018	5253	2233	1704	4122	7380	4522	1685	1049	1039	2292	2252	2554	2471	2872	2351	1899	1829	1341	1239	683	630	479	840	736	1169	1490	519	226	223	229	179	116	126	101	111	130	70	58	86	70	47	60	86	100	117	100	61	89	88	56	109	204	98	191	99	191	166	628	7280	714
GRASO_157 - Adapter 1	3510167	926862	262927	12385	17393	2694	2731	2309	3201	2440	1875	330	1071	377	1707	788	920	853	725	792	1450	701	1036	844	1005	878	2487	1204	2085	1016	1761	1329	2597	2820	1372	1779	2468	3057	3572	2938	8569	7435	2072	5316	4562	8393	1231	1105	1514	3055	2695	2877	2089	2614	2302	1374	1437	1010	804	627	465	336	462	414	576	472	238	258	337	232	303	273	208	204	189	141	186	161	175	126	171	144	193	175	179	178	145	185	197	147	201	329	218	405	276	569	459	1350	14327	412
GRASO_158 - Adapter 1	3672150	854637	240516	8862	14340	1483	1735	1171	1496	1169	798	170	408	178	613	333	400	406	310	332	314	284	345	286	283	257	382	292	263	254	349	207	284	220	346	210	299	361	490	283	511	569	757	793	354	962	267	307	294	420	189	390	188	486	357	125	193	125	183	158	184	121	130	147	128	105	102	137	128	134	217	158	142	124	138	90	126	114	97	76	104	104	130	182	120	99	89	170	120	123	138	382	163	296	157	313	274	723	7672	191
GRASO_159 - Adapter 1	7580771	1817923	534859	19898	34644	3730	4138	2617	3578	3319	2052	444	1212	452	1529	845	1067	1039	812	749	842	734	906	783	755	622	752	631	579	510	699	584	623	428	436	420	485	461	495	702	293	435	615	384	444	575	362	341	378	461	360	489	394	482	468	238	276	280	316	295	269	231	285	338	266	266	239	289	299	347	392	340	290	318	304	249	283	277	253	193	256	267	352	305	269	277	245	311	369	264	345	607	323	568	348	624	571	1089	8574	388
GRASO_160 - Adapter 1	5036294	1243529	373987	13876	24265	2458	2775	1745	2590	2473	1651	391	989	325	1351	826	915	927	685	604	714	621	870	646	646	495	761	559	541	488	627	572	530	411	351	435	499	480	377	504	400	569	860	373	583	710	343	300	424	406	327	332	296	402	365	136	187	229	273	255	201	196	198	252	176	178	168	246	265	270	286	215	210	226	201	162	169	231	203	120	171	181	229	176	177	182	137	205	243	244	273	490	243	458	309	505	459	1201	13855	592
GRASO_161 - Adapter 1	3246687	825150	221732	11509	15126	2827	2873	2228	3619	4023	2613	409	1710	476	2828	1241	1535	1353	1047	1145	1703	953	1414	1131	1155	1042	2792	1780	1123	896	1277	1104	1235	888	1251	3278	1631	5030	4272	7379	7243	8509	2263	4958	3717	8441	1515	1685	1621	3129	1700	1161	793	1232	867	261	388	365	312	468	643	413	515	391	502	563	339	276	234	260	285	245	185	215	174	166	142	156	177	128	145	115	169	174	160	176	168	224	190	175	250	439	231	470	272	558	528	1543	18480	748
GRASO_162 - Adapter 1	5320440	1354418	396790	16637	25075	3488	3310	2843	3441	3252	1938	396	1251	391	1713	874	1015	922	727	723	1025	645	904	680	800	641	1203	672	1044	616	912	759	818	690	490	1519	1163	1922	968	1314	2549	1891	2797	2855	1726	3805	615	783	825	1446	721	700	543	972	666	197	368	337	294	420	478	319	337	374	302	365	278	308	286	307	357	319	233	259	218	234	219	249	192	163	199	205	241	251	175	222	171	275	261	205	291	479	239	583	308	580	472	748	6791	387
GRASO_163 - Adapter 1	3743997	885657	254555	10135	15846	1924	2183	1566	2485	1955	1459	267	972	273	1470	673	712	664	558	590	1025	490	770	603	775	608	1653	980	1168	738	1180	951	1126	885	2671	1221	662	2524	1836	2663	8502	1382	7901	2899	2436	6185	1061	1273	932	2015	1311	1284	1062	1188	952	342	372	284	295	302	412	306	371	319	452	438	270	237	324	180	262	183	156	154	165	119	122	120	112	113	96	101	146	124	149	133	93	152	146	121	150	316	170	343	200	382	287	682	6975	258
GRASO_164 - Adapter 1	2991272	727945	209244	8218	12953	1718	1940	1306	2413	1655	1356	203	823	231	1327	570	647	641	467	573	1041	438	670	569	611	581	2048	1350	678	585	933	754	1150	653	1392	1174	1928	1880	5430	3883	3807	3583	6045	3472	4212	5044	854	724	1066	2384	1788	1549	1094	1232	862	360	395	231	245	295	385	287	361	321	413	442	261	205	189	163	215	150	128	123	153	118	105	111	103	96	87	84	131	127	111	104	115	131	125	94	134	261	133	298	161	320	281	698	6699	245
GRASO_165 - Adapter 1	4571110	1173626	345740	13433	21839	2592	3058	2010	3665	3025	2182	396	1453	394	2065	1048	1160	1092	882	868	1505	811	1112	941	1151	814	2068	940	1978	997	1552	1419	1643	1009	812	3472	2299	5601	5926	2163	1766	10064	4347	3664	4507	6761	1134	1103	1148	2549	1965	1970	1400	1558	1304	495	493	358	427	386	512	378	509	419	504	410	286	263	294	251	360	248	194	237	245	183	168	167	173	128	175	115	210	212	206	192	130	213	228	198	237	494	175	472	237	390	312	440	2658	177
GRASO_166 - Adapter 1	3453318	925032	271326	11089	17228	2203	2621	1666	2939	2368	1549	275	977	277	1369	674	738	734	539	574	1167	536	724	621	735	589	1826	730	1540	653	1168	850	1116	844	2271	3191	2152	2047	3443	4448	1065	3596	5481	4119	3139	6411	983	1031	1224	2885	1338	1028	589	933	693	209	341	333	332	461	695	383	403	409	383	509	316	262	238	236	319	241	147	168	193	159	160	170	142	120	147	136	172	169	148	177	138	184	183	145	227	348	181	358	235	411	369	788	8877	317
GRASO_167 - Adapter 1	2927044	700743	189585	9847	13542	2467	2477	2110	2880	3220	1842	319	1039	361	1569	765	906	948	690	739	1072	650	899	842	750	701	1551	834	1366	789	1129	847	944	662	799	1211	1707	2233	1043	4108	2296	3114	3841	2604	2877	4899	1536	1469	1328	1974	1690	1099	1133	953	875	290	363	256	345	341	645	488	820	878	1084	1303	454	269	223	165	189	191	147	148	132	171	122	132	134	116	123	122	147	168	153	159	142	143	198	171	214	280	255	370	341	833	825	3457	42138	1343
GRASO_168 - Adapter 1	4631112	926110	266177	10110	17502	1900	2314	1390	2356	2158	1608	334	976	278	1457	687	843	769	631	620	840	560	800	629	676	495	1090	560	878	463	686	647	763	539	599	538	845	1033	1903	1081	2283	3814	2551	1412	2355	3030	598	601	544	1246	527	535	379	469	384	170	170	162	171	209	244	163	227	254	214	219	161	180	153	179	172	203	140	138	124	123	137	149	131	95	98	107	137	124	127	114	115	163	184	149	133	236	137	282	151	293	258	620	5874	224
GRASO_169 - Adapter 1	5392579	784172	170689	6188	11237	2346	2565	2535	2381	3640	2754	297	1853	474	2827	1237	1660	1456	1188	1369	1527	1132	1783	1459	1358	1028	1814	1312	1524	1217	1774	1522	1520	769	1229	870	1028	1055	1673	1291	1929	3163	1938	2565	1826	3860	932	711	926	1849	1734	1184	1255	707	652	268	218	184	201	280	366	297	393	396	459	569	188	125	105	84	73	56	45	36	47	57	34	60	36	34	45	47	64	56	51	50	37	56	80	53	86	104	108	143	142	362	390	1922	24859	1052
GRASO_170 - Adapter 1	4029172	1038400	311381	11860	20251	2174	2563	1633	2146	1987	1157	250	597	291	782	482	559	578	402	355	418	356	450	404	398	340	335	318	308	288	400	314	372	311	265	222	297	301	332	511	290	419	537	385	759	487	225	232	254	304	296	401	339	476	397	203	257	232	300	218	215	142	185	261	222	189	173	199	214	221	255	234	190	183	156	158	178	183	154	108	177	158	211	190	173	164	119	196	212	149	203	310	173	316	206	313	275	380	1476	174
GRASO_171 - Adapter 1	3995224	1113856	331735	13219	22159	2470	2905	1736	2504	2443	1645	325	892	319	1167	590	703	676	580	539	665	463	621	515	542	427	742	492	603	458	662	437	525	401	542	442	695	495	683	1020	2829	1270	1541	720	1389	1993	500	503	588	909	707	602	482	593	582	203	254	238	262	245	395	289	376	370	453	539	234	278	216	251	276	219	177	196	198	194	194	220	175	160	148	185	210	209	199	181	152	231	210	151	223	422	204	351	176	333	313	566	3195	201
GRASO_172 - Adapter 1	2393804	626740	177077	7376	11807	1486	1857	1171	2279	2174	1396	236	835	233	1293	530	639	677	505	531	1036	481	677	510	642	544	1754	1139	637	545	1024	674	884	819	1602	1578	1762	4225	5834	2784	6756	4197	12652	7434	3599	9918	1578	1559	2162	4115	2817	2208	1809	1586	1421	448	355	294	395	523	1016	796	1252	1430	2024	2363	653	298	244	207	253	173	133	130	135	99	137	124	105	60	95	76	119	101	113	125	79	156	143	113	142	306	150	360	181	341	335	944	10569	461
GRASO_173 - Adapter 1	2179393	536188	155360	6410	10368	1211	1670	877	1674	1332	936	187	543	178	739	462	439	478	390	348	695	307	429	343	409	303	885	345	803	381	611	515	640	407	405	975	1051	1983	2140	3324	6442	3673	1229	2551	2263	4344	861	781	912	1763	1140	838	851	750	678	294	265	234	212	317	517	338	499	500	610	861	322	182	141	121	93	123	108	82	76	76	94	80	91	79	88	73	96	97	74	88	68	94	82	92	81	148	81	169	76	185	166	283	2395	191
GRASO_174 - Adapter 1	5967767	1551615	635253	157934	43284	8659	2473	132	238	574	237	96	84	93	52	111	59	89	135	261	62	93	73	86	95	79	59	54	71	72	72	89	67	82	69	50	77	43	57	96	39	191	52	125	45	54	43	74	47	81	49	68	53	131	84	45	67	81	77	89	49	60	36	73	59	80	43	47	43	109	35	74	32	47	67	55	72	97	75	147	59	122	53	53	60	57	47	43	40	49	89	68	47	29	56	66	128	116	21	38
GRASO_175 - Adapter 1	3135052	676105	197186	8147	12644	1760	1763	1448	2008	2223	1225	226	694	244	1012	564	683	752	549	454	608	477	586	501	530	342	663	420	542	365	552	426	448	312	279	439	749	573	538	1248	1017	817	1815	1728	1444	1734	380	315	447	857	661	740	527	818	626	250	248	205	237	193	209	156	226	222	274	329	154	162	160	206	207	176	108	157	99	130	99	118	103	92	119	80	135	114	123	121	92	158	130	84	169	290	124	327	136	258	208	326	2219	251
GRASO_176 - Adapter 1	6293887	1616767	709490	192979	45858	9919	2363	145	214	595	244	104	94	73	48	114	53	114	86	237	69	108	53	81	78	100	47	66	77	78	77	98	67	87	64	49	83	58	36	120	61	286	69	150	50	49	42	53	67	62	67	75	65	156	77	40	80	90	62	59	46	60	50	52	83	94	51	59	47	147	27	60	48	61	51	68	76	75	93	200	65	99	50	70	58	54	44	54	46	54	73	107	68	27	60	74	109	145	25	37
GRASO_177 - Adapter 1	2535253	615296	177858	6642	12004	1139	1543	727	1169	1036	622	158	314	149	419	234	246	267	186	198	234	201	225	204	219	184	233	188	210	164	207	202	213	180	159	140	148	141	165	223	134	167	219	168	198	213	129	114	143	169	174	205	257	251	157	88	124	92	134	114	74	72	123	133	120	102	97	132	124	132	83	121	121	114	102	72	95	105	105	89	77	85	111	93	105	102	76	104	147	87	105	153	129	150	130	208	154	179	512	169
GRASO_178 - Adapter 1	3670874	1012197	298040	12154	20082	2550	2644	1987	2263	2413	1209	309	616	291	826	445	580	568	441	389	438	364	458	386	348	329	397	357	316	304	363	314	264	243	254	285	273	229	283	472	323	362	341	275	379	469	223	220	238	202	275	255	272	380	307	174	208	188	193	209	148	133	184	205	233	186	143	190	199	250	234	212	180	166	163	178	190	207	155	143	159	158	218	181	161	203	144	175	202	165	230	297	148	316	201	356	292	333	443	138
GRASO_179 - Adapter 1	5026642	1354926	377479	18871	27049	4394	3946	3391	3626	3971	2290	459	1261	433	1671	887	1146	1061	843	835	853	729	919	775	772	595	693	581	561	493	613	539	542	527	438	625	468	880	1266	564	338	355	613	599	601	933	379	364	330	531	401	481	429	480	428	370	289	278	263	306	276	274	308	351	369	386	338	272	262	327	301	327	298	264	258	255	278	340	278	258	306	298	331	330	325	304	247	275	264	233	319	358	219	441	298	511	506	746	1302	241
GRASO_180 - Adapter 1	4051500	993207	292610	11794	19642	2537	3744	1738	2468	2236	1508	354	852	304	1216	674	707	648	611	522	653	505	643	508	533	440	659	482	605	436	613	486	584	533	1440	1720	454	228	196	486	297	543	1173	981	1414	1469	443	374	375	691	586	575	621	631	522	277	239	212	273	238	298	263	323	337	394	451	219	229	184	205	240	214	174	186	173	153	159	183	140	139	162	134	175	199	181	137	122	171	151	120	194	244	149	250	175	305	261	367	1415	178
HIGADO_01 - Adapter 1	2599497	659214	209226	7112	16083	769	1069	431	956	1162	1050	172	589	129	825	439	472	379	440	427	418	355	522	454	381	335	447	303	273	259	331	335	297	241	226	307	402	184	91	212	282	222	1085	148	272	203	101	126	170	143	125	161	128	137	217	76	79	85	79	67	94	55	127	63	122	64	50	348	66	103	82	74	67	160	49	34	86	102	65	68	34	44	61	42	39	35	72	53	65	25	86	179	51	100	66	183	125	333	3161	229
HIGADO_02 - Adapter 1	4028182	1001820	301397	10447	22200	1039	1318	684	1220	1136	1122	235	657	142	939	497	617	494	496	504	452	458	652	492	433	402	524	406	352	408	502	375	379	309	311	252	388	369	223	373	396	345	1309	250	516	356	174	142	244	219	170	149	163	121	203	79	93	68	97	104	170	69	222	104	332	123	85	550	69	109	117	189	98	225	90	44	109	105	109	107	42	59	74	70	58	49	88	74	71	50	123	193	70	189	128	263	208	469	3527	240
HIGADO_03 - Adapter 1	3446184	859258	275121	9284	19051	1002	1110	524	956	1075	834	189	474	123	578	449	479	411	484	370	383	328	453	375	352	272	346	291	271	319	432	310	291	268	166	199	286	196	199	361	316	263	1294	149	366	221	100	159	131	198	140	171	146	149	214	90	95	96	91	109	147	48	212	69	209	75	57	454	68	145	109	114	90	180	67	67	129	143	79	96	58	53	67	54	35	38	78	52	90	44	106	203	70	150	76	242	171	368	3613	121
HIGADO_04 - Adapter 1	3277570	764424	220510	7174	18215	904	1115	557	947	1244	1102	203	653	194	950	457	544	415	502	447	443	455	590	493	443	394	436	380	294	317	377	387	344	233	232	254	322	263	268	323	328	273	1315	187	368	271	89	104	201	227	181	127	106	76	241	76	76	89	61	84	132	71	211	69	219	77	67	400	75	102	114	110	74	215	66	38	97	88	90	86	39	68	53	64	47	32	80	57	64	48	79	142	56	120	81	223	187	414	3919	112
HIGADO_05 - Adapter 1	3027960	845898	272212	10053	23302	797	1082	572	897	807	734	152	371	113	515	304	331	279	342	311	291	265	302	281	243	204	258	223	175	246	276	226	230	202	155	141	175	154	170	244	247	196	1225	117	301	215	67	124	154	166	120	151	121	108	185	82	97	80	60	89	121	57	219	91	164	76	61	392	65	133	75	138	81	202	72	46	102	118	88	113	55	51	83	54	41	43	72	62	63	43	103	184	74	151	101	253	163	291	1811	110
HIGADO_06 - Adapter 1	3329309	902672	284256	9988	22867	993	1317	692	1055	1078	1081	209	666	172	941	572	694	569	618	506	518	508	713	593	509	353	500	413	324	385	484	405	373	288	333	322	316	332	261	385	324	306	1612	160	445	294	132	133	227	204	165	107	113	105	208	100	68	104	73	104	153	85	276	76	214	87	80	542	64	108	117	148	82	230	56	56	116	85	115	100	36	56	78	57	43	46	66	74	72	28	85	189	80	127	81	274	197	371	3246	114
HIGADO_07 - Adapter 1	4879298	1241765	380515	13760	30196	1331	1844	838	1631	1660	1828	267	1037	232	1387	732	903	648	799	840	749	703	865	734	698	621	692	576	476	560	621	602	767	550	256	242	419	371	537	694	394	504	1697	251	565	563	193	208	342	386	214	167	150	135	250	73	110	96	99	133	209	99	289	122	311	123	98	607	91	124	124	183	129	301	91	78	147	171	112	126	71	73	95	75	63	65	97	89	93	58	135	169	114	177	145	372	278	501	3722	165
HIGADO_08 - Adapter 1	3833954	944657	293667	10023	23155	954	1272	571	970	1019	1065	222	609	133	818	502	532	448	501	455	412	415	573	462	431	348	458	346	345	316	362	394	296	285	241	280	371	211	256	443	356	297	1353	188	452	254	93	107	176	205	170	175	157	169	212	82	106	77	85	100	121	62	246	74	244	61	51	564	73	119	123	144	88	212	69	33	119	112	98	100	65	55	74	54	44	40	72	72	64	66	98	155	57	116	118	259	164	360	2758	189
HIGADO_09 - Adapter 1	3336868	747840	219284	7967	17019	838	1165	496	1066	989	1008	178	603	116	808	441	527	447	507	460	426	389	490	444	452	319	417	308	320	315	412	399	326	295	336	434	206	153	204	300	274	249	1030	185	284	240	109	136	214	201	167	129	132	101	173	72	78	61	71	82	111	84	150	80	129	83	84	310	85	111	95	115	67	180	43	56	86	87	84	94	41	45	69	69	38	46	57	44	58	35	89	133	64	99	62	185	152	269	1694	153
HIGADO_10 - Adapter 1	4065255	852871	236765	8055	16027	989	1379	595	1224	1174	1271	257	789	196	1214	636	762	718	669	608	630	549	838	632	562	459	629	465	427	422	516	481	447	308	353	377	411	314	285	418	453	294	786	225	472	308	136	111	136	219	229	198	201	173	238	98	89	80	75	107	156	83	176	83	225	89	78	378	73	121	117	135	70	173	64	67	111	103	92	114	43	71	74	84	54	49	85	58	88	48	118	147	70	121	110	195	166	323	2552	136
HIGADO_11 - Adapter 1	4835418	1079093	312282	11501	23854	1258	1524	621	1247	1340	1280	282	725	205	1070	515	636	514	617	597	528	533	653	585	462	467	522	429	323	414	465	473	424	359	286	249	276	317	291	397	368	359	1344	203	414	351	151	185	247	229	191	132	121	107	244	79	87	80	94	112	183	71	233	95	273	100	86	586	79	119	136	148	80	181	78	75	131	123	97	113	56	67	96	69	54	44	105	79	101	59	145	219	90	170	133	351	227	650	5926	234
HIGADO_12 - Adapter 1	4597896	1020958	297597	10205	20780	1050	1374	714	989	1024	989	193	507	143	761	461	510	464	540	480	435	363	505	442	436	370	367	347	273	412	430	329	315	301	213	293	305	272	208	333	309	263	1151	181	419	236	107	119	190	191	181	160	170	124	215	83	94	90	62	105	176	84	212	65	266	76	72	516	74	132	119	163	95	198	78	69	117	105	120	127	53	74	74	51	46	51	89	73	106	47	106	201	74	171	107	315	228	467	4268	204
HIGADO_13 - Adapter 1	5875464	1383940	423031	14935	26503	1656	2074	1015	1601	1756	2033	312	1261	280	1853	916	1125	752	983	959	904	808	1121	888	824	606	772	656	521	601	740	679	758	617	231	227	642	503	346	484	454	392	1415	272	520	448	169	221	262	316	176	229	202	153	300	87	111	94	98	131	201	89	258	102	236	103	88	496	98	192	127	179	137	215	106	85	142	140	95	144	74	78	104	66	65	66	135	81	125	82	144	256	94	205	175	323	249	397	2478	167
HIGADO_14 - Adapter 1	6280108	1339109	400390	14390	26114	1845	1913	951	1365	1548	1251	286	714	196	956	731	844	670	679	702	715	629	843	665	620	471	597	497	404	551	589	513	420	428	290	364	491	383	254	506	474	381	1252	220	551	322	156	176	252	300	207	214	142	118	247	132	133	97	90	128	199	90	204	92	268	94	80	396	80	206	113	193	140	207	110	80	158	163	114	163	61	89	117	105	54	67	105	86	82	71	135	252	78	239	151	352	220	355	1983	136
HIGADO_15 - Adapter 1	5989218	1296347	390259	13090	28080	1472	1944	938	1482	1396	1652	318	1002	237	1539	803	940	726	829	753	732	713	889	760	738	633	754	604	464	535	734	757	765	388	371	401	473	377	417	711	498	399	1258	241	566	407	151	166	223	296	238	274	247	210	288	130	119	106	117	128	193	92	256	110	338	100	87	508	89	165	159	214	140	202	103	64	155	173	117	165	65	80	96	92	51	67	100	106	106	69	146	239	120	217	167	340	231	379	2529	174
HIGADO_16 - Adapter 1	3463497	763232	232379	7691	18400	852	1018	509	909	834	961	188	610	134	882	542	584	452	523	478	451	393	549	435	439	323	393	387	264	420	414	355	359	308	184	196	265	252	311	373	273	254	1068	110	332	206	94	92	155	158	137	135	121	110	156	63	58	69	60	65	92	45	212	48	286	72	44	414	64	91	76	125	71	196	44	52	115	83	69	92	31	50	63	51	24	36	45	58	73	42	68	161	88	136	95	215	158	214	932	90
HIGADO_17 - Adapter 1	4741294	1176608	368511	13042	28656	1362	1590	1038	1478	1581	1579	284	937	248	1422	800	956	743	807	796	818	766	1024	814	832	578	779	625	516	597	689	700	623	384	371	478	473	455	402	473	446	439	1648	341	625	433	173	196	297	296	209	181	163	120	246	101	86	121	104	115	165	86	253	123	302	120	77	510	99	156	109	195	124	257	88	69	149	140	133	165	71	67	115	80	72	70	84	73	120	67	99	230	88	169	117	321	242	272	922	111
HIGADO_18 - Adapter 1	6086738	1387516	408533	13987	29451	1501	1754	889	1528	1462	1633	287	989	238	1396	791	953	798	829	778	746	668	1011	757	686	539	670	591	470	602	663	575	597	374	454	366	483	462	445	513	533	514	1539	221	590	364	143	144	253	295	231	220	203	161	256	94	92	101	102	120	186	85	296	103	346	123	78	608	115	205	147	228	134	263	100	87	166	127	132	153	59	81	115	89	57	58	109	83	125	63	123	244	121	178	168	382	265	343	1388	169
HIGADO_19 - Adapter 1	4588976	1126693	345087	10824	25038	1188	1533	661	1259	1352	1273	244	672	181	968	499	625	469	580	555	500	427	626	543	495	407	508	411	320	415	509	474	404	390	255	281	375	372	256	414	380	355	1468	216	394	289	135	141	210	250	160	158	127	118	302	72	99	80	99	119	165	81	258	99	270	103	80	627	102	171	157	187	98	222	76	80	162	136	130	139	66	66	83	70	40	59	87	82	96	60	130	208	79	180	115	300	222	365	2865	161
HIGADO_20 - Adapter 1	3420813	765471	236278	8890	14449	859	1077	466	776	953	776	185	416	126	538	310	424	327	395	368	382	318	447	358	314	295	339	241	201	280	329	343	234	205	171	186	234	188	180	311	241	193	917	144	292	220	98	114	138	151	130	139	112	117	162	80	65	48	53	84	111	55	126	64	136	48	64	300	57	113	87	90	78	125	75	66	84	111	84	79	42	47	57	65	49	50	67	47	51	36	97	164	39	124	83	202	112	302	2464	97
HIGADO_21 - Adapter 1	7640466	1790168	522973	18012	39612	2088	2610	1282	2304	2485	2488	438	1536	328	2267	1200	1350	1117	1197	1093	1113	1075	1523	1305	1039	846	1085	919	763	785	1001	938	822	647	576	490	633	554	594	944	841	698	2012	277	703	577	294	241	445	393	328	268	202	207	365	125	152	141	138	205	285	137	361	146	543	138	124	1050	160	211	252	345	184	335	129	96	230	200	194	201	110	122	167	106	97	97	162	115	138	100	199	306	134	271	209	418	350	543	3133	222
HIGADO_22 - Adapter 1	2134182	504199	164380	4662	13659	549	872	367	645	718	943	126	490	104	692	380	413	342	358	342	376	372	447	406	356	294	354	291	266	198	283	421	342	166	135	147	208	263	202	229	227	162	635	117	147	171	98	79	168	119	103	73	87	67	116	44	39	46	44	61	63	32	106	52	87	47	20	243	47	80	90	56	49	84	30	37	62	85	42	58	31	29	37	32	20	20	43	27	36	23	55	107	27	57	34	107	70	153	770	114
HIGADO_23 - Adapter 1	4832013	1092752	327072	10440	21194	1362	1537	661	1275	1303	1361	231	786	189	1179	600	699	481	636	614	502	537	671	531	517	438	497	434	322	425	503	420	380	317	372	294	368	348	172	307	317	299	1110	243	354	287	147	146	192	251	159	143	170	96	257	87	89	72	86	133	157	78	207	84	318	104	79	431	103	159	111	183	115	182	101	62	137	142	99	142	64	68	100	69	51	70	78	80	116	59	124	179	95	156	149	265	224	251	936	94
HIGADO_24 - Adapter 1	5457586	1148583	342547	11636	24354	1325	1514	800	1415	1302	1468	237	856	231	1222	706	879	752	687	585	651	538	811	668	615	498	620	494	404	536	656	511	559	307	287	481	302	358	280	479	432	407	1246	217	450	353	176	168	229	250	191	163	154	134	252	82	82	98	85	118	210	93	259	103	460	90	95	623	85	172	133	182	117	214	83	74	169	157	123	147	59	67	89	60	46	78	92	89	136	67	155	208	90	227	127	287	199	317	1215	183
HIGADO_25 - Adapter 1	1845283	515732	166035	5873	13586	487	610	400	599	593	486	116	269	51	302	188	212	192	198	183	160	161	224	187	172	118	157	156	114	172	158	160	143	135	116	116	139	96	107	257	209	123	1151	80	180	102	46	56	117	87	71	89	62	71	100	57	42	45	56	43	73	41	168	41	182	29	46	382	31	67	75	73	40	189	29	26	64	67	52	68	28	25	49	22	21	24	61	42	37	34	53	92	44	66	34	221	97	120	222	44
HIGADO_26 - Adapter 1	2715315	717678	226197	8713	19238	772	930	524	824	862	638	159	287	77	321	259	276	278	293	236	240	204	257	210	206	204	214	187	177	170	219	230	180	161	143	122	196	224	216	232	276	194	949	220	296	217	72	102	148	167	109	128	86	92	146	63	51	60	71	67	101	49	145	71	170	63	62	357	43	122	87	98	77	144	63	54	98	105	62	86	34	37	51	67	38	42	67	59	47	47	103	138	54	112	59	192	96	143	489	74
HIGADO_27 - Adapter 1	3862595	1085172	348190	13414	34319	1127	1340	857	1225	1156	911	233	443	128	568	402	422	389	425	333	321	329	410	319	353	280	283	309	222	335	372	334	320	295	175	164	260	202	164	412	404	290	2176	138	430	255	84	139	223	180	114	178	119	145	189	97	105	90	103	90	139	66	304	99	319	102	75	706	89	156	152	180	84	342	108	78	161	142	143	150	62	64	77	86	58	55	101	75	111	58	128	251	83	178	95	370	180	233	191	87
HIGADO_28 - Adapter 1	2455854	671603	218561	7798	15969	661	877	448	712	721	509	131	247	71	269	211	229	191	233	213	161	193	211	167	166	180	160	147	121	186	216	193	137	141	121	128	223	161	122	241	277	154	1008	118	261	215	76	109	156	181	98	127	71	90	138	53	59	49	70	86	124	55	164	81	162	78	55	367	63	121	78	81	66	173	54	66	103	123	63	100	30	39	61	60	33	50	50	32	63	29	99	153	49	113	51	192	83	155	260	63
HIGADO_29 - Adapter 1	2800922	676842	206665	7442	18466	697	887	418	822	730	675	139	338	96	427	269	330	299	336	276	235	257	295	236	241	210	254	208	187	198	216	233	221	206	173	157	207	132	207	399	203	221	895	103	242	246	87	128	186	169	122	92	85	104	137	57	61	54	69	67	98	68	160	57	174	85	48	343	56	99	93	71	64	183	59	43	79	96	54	76	35	44	72	39	39	40	51	39	50	36	88	116	41	98	78	175	99	142	306	62
HIGADO_30 - Adapter 1	3510113	861182	270466	9060	18695	885	1252	498	1021	994	919	171	472	114	650	376	414	303	390	347	338	292	368	282	275	246	285	217	172	229	356	274	252	225	173	126	229	184	174	370	263	259	975	148	368	209	69	98	153	157	119	133	95	134	202	78	81	63	72	95	116	70	183	77	172	66	55	339	74	128	88	122	58	156	73	68	98	91	67	72	41	54	82	62	50	56	67	55	68	34	81	168	58	185	79	239	131	162	211	76
HIGADO_31 - Adapter 1	2571872	651650	199400	7294	17088	618	848	447	748	846	739	141	369	94	546	255	335	240	295	253	238	263	317	260	245	197	232	188	157	184	239	247	188	142	131	151	176	163	110	236	187	171	954	96	243	119	64	74	117	92	79	105	66	76	137	71	64	57	55	61	88	41	141	61	168	49	46	337	55	113	72	74	64	182	53	33	91	81	53	75	45	43	61	34	31	34	42	51	79	39	53	126	49	94	57	157	94	135	236	56
HIGADO_32 - Adapter 1	2564122	698660	221377	8076	18090	691	927	484	708	754	571	141	262	89	354	231	264	189	242	217	224	222	246	212	207	172	232	207	128	155	204	201	161	172	142	107	153	121	131	267	271	152	1109	119	232	170	63	92	138	123	98	105	92	100	110	47	51	44	50	64	105	43	182	62	213	54	35	415	39	95	81	115	47	179	43	52	94	100	61	106	39	42	62	42	20	35	67	41	73	33	88	137	54	128	64	227	116	158	515	126
HIGADO_33 - Adapter 1	3136613	774852	243853	8667	18036	887	1158	513	1126	1275	1222	161	701	154	876	483	625	452	510	437	383	390	519	411	407	287	379	341	272	296	418	400	400	225	105	123	229	200	216	315	325	207	977	109	231	161	69	119	142	152	111	127	96	114	204	81	88	75	94	102	96	45	165	63	163	66	58	390	63	112	88	97	71	189	58	58	84	110	69	93	42	54	81	52	38	34	72	58	74	31	90	150	67	121	74	188	112	175	336	56
HIGADO_34 - Adapter 1	5390500	1416585	434605	16081	37135	1651	2118	1174	2277	2377	2114	329	1279	280	1782	944	1141	803	809	807	813	749	952	891	803	639	757	584	488	507	667	613	640	466	361	491	536	367	386	513	382	422	1433	309	466	407	153	182	247	274	212	214	213	223	282	126	148	115	125	149	201	99	303	148	242	130	109	674	120	215	183	226	132	451	109	99	169	204	153	166	85	95	138	103	77	79	111	103	117	76	169	267	131	234	134	420	246	332	468	137
HIGADO_35 - Adapter 1	2859838	690634	181333	5796	21834	878	951	589	1425	1684	1426	248	870	213	1162	596	766	635	641	508	478	488	728	616	632	379	500	402	342	305	426	430	365	272	263	270	284	334	338	281	222	249	946	145	317	272	101	96	149	144	120	125	89	91	164	82	64	95	71	94	83	58	189	74	173	87	63	377	94	102	99	113	88	276	37	44	94	83	83	85	42	51	51	51	37	41	56	32	62	23	86	124	51	113	69	209	135	152	619	119
HIGADO_36 - Adapter 1	3719246	903058	261999	8339	20782	1035	1225	668	1415	1683	1162	220	700	153	897	517	601	483	472	483	463	421	551	436	417	373	383	354	229	315	374	346	273	317	300	223	236	250	258	312	258	203	1018	184	297	215	103	101	171	192	117	137	146	130	231	88	82	70	77	94	158	73	249	97	213	95	77	382	87	144	137	151	126	307	81	60	131	121	129	127	41	70	78	42	46	50	88	89	75	69	105	183	73	134	114	260	187	228	432	100
HIGADO_37 - Adapter 1	2691587	705478	213594	7008	16404	799	974	579	1210	1229	1009	152	601	149	840	422	514	350	392	397	416	324	464	453	370	358	380	313	236	307	356	431	493	248	121	90	209	237	273	497	306	325	1207	171	468	375	132	135	199	239	163	141	110	124	183	68	77	73	86	96	137	63	194	81	167	101	73	328	64	123	83	78	82	163	63	62	80	108	77	89	54	52	96	44	32	40	70	49	66	38	77	129	51	139	83	193	117	138	366	82
HIGADO_38 - Adapter 1	2620287	686150	212121	6869	17988	798	949	531	1139	1286	906	177	483	112	687	403	485	350	374	320	358	312	460	409	399	303	372	263	249	263	360	326	299	214	197	283	242	185	207	305	283	168	869	143	260	224	73	88	125	130	99	137	99	105	148	64	56	73	79	86	104	48	168	69	138	63	57	268	60	86	78	97	71	220	43	44	93	96	75	76	48	40	57	41	39	47	51	57	83	42	92	152	51	145	76	233	146	175	480	96
HIGADO_39 - Adapter 1	3401955	828334	247928	9036	21318	820	1042	568	1070	1038	927	161	533	146	784	405	466	361	405	372	346	347	410	404	362	298	348	334	201	274	357	298	315	257	190	203	312	269	231	372	529	217	1244	148	381	284	102	98	172	199	127	123	134	137	195	60	70	60	50	91	126	61	208	87	236	99	75	518	83	105	84	155	68	260	48	63	128	95	87	104	44	54	55	44	36	55	67	62	83	36	87	176	63	125	73	286	154	175	536	102
HIGADO_40 - Adapter 1	2914383	724619	211362	8052	20711	720	922	484	920	930	878	143	504	123	666	316	409	261	354	340	276	284	366	355	334	277	302	249	218	246	308	323	326	180	165	158	224	185	212	321	236	300	862	129	285	263	83	101	154	140	146	120	126	125	201	69	83	70	58	77	99	47	141	68	165	42	45	344	43	91	80	105	59	170	52	27	81	87	74	67	43	54	55	43	36	45	41	40	44	25	86	120	35	113	68	182	91	175	601	99
HIGADO_41 - Adapter 1	4814739	1085933	331646	11930	24333	1279	1513	834	1354	1517	1338	305	831	205	1055	668	721	522	625	571	564	482	733	563	554	428	546	392	336	374	502	453	365	419	438	262	231	225	280	546	352	327	1380	173	354	312	173	197	231	272	163	149	114	132	216	84	78	77	97	106	166	92	235	100	279	92	77	528	91	164	133	141	112	186	94	93	168	158	120	135	63	79	93	72	62	58	87	80	104	68	136	223	102	183	116	302	178	265	1439	141
HIGADO_42 - Adapter 1	4529418	1086299	322045	11188	27313	1220	1523	938	1399	1505	1421	255	884	213	1220	641	751	633	658	622	602	526	759	641	622	461	628	500	411	454	513	487	380	382	398	458	275	280	349	593	599	411	2059	203	591	537	151	142	228	288	217	189	166	151	244	91	98	90	100	111	187	98	357	115	457	113	108	836	87	159	158	208	92	326	74	81	164	164	148	174	62	88	96	84	40	50	90	79	94	61	120	177	92	175	110	337	190	391	1843	139
HIGADO_43 - Adapter 1	4035818	1029596	302223	11427	24559	1236	1367	885	1410	1510	1389	271	926	198	1161	691	859	791	689	695	657	550	841	678	658	484	733	521	539	527	635	521	534	410	468	684	899	703	534	860	1248	948	1721	979	1289	1367	266	289	292	545	284	303	179	227	230	86	105	83	122	125	158	79	268	64	438	73	74	707	79	126	125	205	94	264	85	53	153	165	128	126	45	77	88	71	52	57	71	77	100	68	110	198	93	251	145	294	217	321	1574	103
HIGADO_44 - Adapter 1	2840290	708040	210825	7941	17733	782	900	535	972	1053	975	199	573	137	950	509	551	458	418	379	423	364	567	526	440	366	571	433	315	316	441	325	494	524	275	250	244	254	377	648	981	576	1157	591	1112	501	138	169	179	279	236	256	189	212	219	107	103	66	90	77	109	54	199	71	222	74	68	551	62	98	112	108	79	210	49	39	104	119	80	87	43	44	51	34	36	46	57	53	50	43	91	178	58	114	63	218	128	225	1314	87
HIGADO_45 - Adapter 1	4142394	876996	259916	9405	21461	936	1220	699	1391	1264	1666	255	1108	220	1625	747	940	658	727	724	734	582	845	757	746	510	711	523	502	456	582	562	564	373	293	265	433	804	342	798	2143	303	1836	510	820	1068	174	207	225	394	227	269	218	228	212	101	77	64	81	107	164	84	263	97	242	92	73	392	66	128	101	119	60	219	60	49	74	108	72	125	37	55	83	57	38	55	58	69	60	52	100	134	58	161	96	227	138	168	531	101
HIGADO_46 - Adapter 1	3021891	694971	214544	7543	16303	696	854	559	762	711	687	139	375	87	541	273	352	258	313	248	304	235	345	269	242	248	285	237	193	255	267	197	184	195	141	122	194	212	122	305	205	192	819	154	359	260	66	81	122	176	107	113	96	90	156	57	50	51	56	73	113	46	184	44	209	55	51	315	53	98	62	129	67	133	51	53	97	92	74	74	31	35	64	41	33	48	48	45	58	60	71	170	56	111	74	185	102	141	245	82
HIGADO_47 - Adapter 1	2595396	555528	164075	6182	11510	740	833	378	811	965	813	130	553	133	807	416	532	398	429	363	363	329	447	387	319	289	312	259	219	226	267	271	224	174	163	273	303	107	72	184	213	191	603	118	169	146	54	88	85	129	76	77	74	54	113	41	45	50	53	50	93	38	131	46	122	51	40	173	43	78	44	83	65	131	38	46	75	100	63	76	36	33	66	22	27	24	36	35	52	33	53	133	36	94	59	167	94	105	116	45
HIGADO_48 - Adapter 1	3635232	688399	199993	6824	13020	834	1036	461	956	1062	1277	179	774	159	1146	529	675	449	513	487	492	384	616	481	447	322	432	340	246	259	358	307	324	230	137	196	231	209	199	302	198	222	587	96	207	182	64	88	128	128	84	84	65	90	122	33	49	51	66	76	93	49	117	68	115	56	61	201	72	94	60	86	70	117	49	47	63	63	56	64	35	55	49	47	40	37	44	47	45	31	67	115	44	103	86	181	110	146	275	86
HIGADO_49 - Adapter 1	6147767	1312132	391245	12487	27553	1542	2043	949	1568	1605	1598	286	912	183	1305	629	778	580	691	645	581	552	698	575	474	498	528	449	312	443	522	434	340	288	305	250	401	311	268	568	476	356	1248	162	441	313	148	192	236	270	184	195	169	133	278	98	102	83	104	121	190	93	240	98	270	106	106	487	94	209	125	222	133	222	130	86	152	160	111	153	54	106	113	88	54	71	116	82	108	59	168	247	121	209	120	328	197	275	742	105
HIGADO_50 - Adapter 1	3346109	783456	236280	7806	14773	961	1168	578	936	1041	993	176	538	127	775	446	457	347	431	374	373	370	441	371	344	262	349	211	194	255	330	231	206	223	176	190	242	194	147	230	259	212	970	140	312	235	97	101	177	175	94	102	112	74	203	75	76	77	66	87	120	41	163	81	156	54	58	289	54	104	101	106	76	137	63	47	84	120	66	90	47	45	58	54	40	49	81	61	73	36	85	158	49	122	101	202	139	258	1761	83
HIGADO_51 - Adapter 1	3077071	720005	207919	7170	14667	961	1102	560	1062	1207	1120	183	573	125	837	415	546	371	410	397	374	321	473	394	329	262	336	267	204	231	288	250	252	324	387	148	140	158	254	142	178	166	637	114	230	237	88	122	113	171	125	120	107	116	210	75	81	59	77	85	108	55	144	85	129	65	71	233	66	133	91	74	59	108	72	58	88	98	77	91	43	62	74	58	52	44	65	57	72	49	94	159	57	127	75	170	125	259	1490	99
HIGADO_52 - Adapter 1	4276024	952015	280764	9662	23205	1043	1519	684	1400	1468	1705	208	963	190	1290	643	705	526	585	586	485	504	686	574	516	367	466	404	327	363	489	469	515	231	138	193	326	241	217	470	378	331	1536	219	436	370	142	143	215	233	211	179	153	184	270	106	78	81	54	111	156	77	237	95	226	102	64	457	75	107	101	141	86	238	67	59	103	127	92	125	59	66	101	80	52	59	83	52	88	44	126	153	70	139	100	246	173	328	2344	135
HIGADO_53 - Adapter 1	3169331	672155	194525	6493	12737	762	1088	458	897	1033	907	110	536	112	686	353	372	292	365	312	313	287	417	352	290	223	319	229	181	237	255	260	299	156	101	155	209	187	255	220	214	219	763	159	267	221	74	101	136	193	107	107	92	110	166	59	55	60	56	77	106	61	147	50	120	77	58	246	58	82	71	87	78	119	52	46	91	98	57	67	35	50	69	48	32	36	57	34	49	41	83	123	56	119	66	164	109	214	1266	78
HIGADO_54 - Adapter 1	2931590	804572	252794	9480	18445	1017	1254	739	1242	1408	1330	191	791	157	1087	601	640	438	514	519	510	450	579	585	530	358	461	365	301	302	421	375	388	334	173	179	265	249	422	364	265	293	1225	160	465	376	149	169	249	256	179	139	108	104	233	79	65	71	81	105	164	71	178	83	193	87	84	376	52	120	114	112	79	159	83	62	112	108	73	96	38	46	66	57	32	43	81	69	65	37	93	219	55	141	84	228	145	238	1365	104
HIGADO_55 - Adapter 1	3044412	687496	195227	7554	15066	766	1035	482	807	818	793	139	457	117	620	342	427	332	331	292	277	236	366	318	274	221	291	189	132	182	270	210	236	153	112	148	201	132	140	215	227	256	733	113	267	183	81	96	105	159	118	110	114	79	130	74	51	46	51	78	87	45	112	51	144	52	50	282	30	79	85	71	55	156	64	40	65	100	66	79	37	39	55	38	31	24	62	43	54	36	65	130	38	102	60	161	103	247	1663	108
HIGADO_56 - Adapter 1	2638921	618063	182372	6033	14597	708	933	394	864	847	1008	129	608	107	856	392	444	344	398	402	355	300	384	343	323	280	361	354	150	257	292	299	262	231	292	150	227	111	149	245	218	269	814	202	272	264	87	84	153	204	127	95	84	75	114	37	47	44	56	68	79	48	126	69	162	59	60	297	64	70	77	108	55	138	44	56	69	65	49	74	26	44	47	40	26	29	31	33	56	29	54	107	51	97	72	156	123	277	2209	105
HIGADO_57 - Adapter 1	4066138	830717	226460	7952	15786	1027	1378	718	1068	1097	1590	217	1024	195	1399	652	828	552	641	603	579	550	732	622	550	395	508	396	334	354	468	448	503	299	334	171	233	229	403	413	253	215	1061	249	410	309	123	134	162	215	221	176	154	119	221	76	64	67	84	95	125	57	152	58	183	73	69	317	70	90	73	108	56	169	63	46	70	101	70	81	29	50	49	46	33	28	63	49	64	48	75	135	41	118	90	225	152	304	2080	131
HIGADO_58 - Adapter 1	2777287	733097	223534	7817	16881	882	1134	613	992	971	1304	197	774	156	1054	509	643	457	492	508	482	511	641	494	464	388	470	445	221	293	348	332	380	344	173	197	292	227	123	250	345	305	1170	193	331	308	134	129	162	182	203	187	204	173	228	105	89	87	83	80	102	51	129	64	167	54	55	361	79	107	97	131	68	152	57	38	97	100	85	86	40	47	64	49	52	43	60	61	68	47	101	133	58	138	83	283	232	666	7138	239
HIGADO_59 - Adapter 1	2905287	770122	238805	8800	19886	879	1151	620	1062	1157	1206	195	620	146	911	446	571	414	479	438	418	382	496	439	391	301	356	282	258	273	341	285	383	399	142	80	129	130	232	286	307	380	1243	181	388	332	129	160	255	193	186	128	119	94	198	75	52	78	81	83	105	68	157	76	173	91	69	363	61	109	95	118	56	179	56	52	88	109	86	72	48	64	69	55	43	43	75	46	65	37	80	185	43	98	90	183	124	298	2300	208
HIGADO_60 - Adapter 1	3133674	681621	199570	6643	15981	945	1162	576	1069	1232	1578	198	954	198	1300	568	666	423	544	548	497	508	632	525	450	360	484	395	234	300	391	407	430	169	134	341	337	418	140	186	215	289	1206	243	424	306	117	121	183	261	193	169	130	146	169	83	61	80	67	91	116	47	116	65	180	74	61	300	61	86	99	91	84	158	60	53	76	55	76	62	38	48	44	53	35	31	61	43	57	26	62	116	53	95	78	177	133	300	2321	141
MUSCULO_100 - Adapter 1	7032143	1932382	492704	17008	27219	2908	4473	1680	4922	4254	4290	538	3043	646	4599	2134	3708	2460	3061	1843	1997	1742	2641	2156	2089	1621	2093	1415	1248	1058	1500	1625	1868	978	1659	1961	2020	1151	877	1624	770	1050	736	1256	1478	1712	424	464	578	713	598	647	416	438	338	268	290	210	212	618	367	592	860	475	651	256	312	208	238	374	284	283	196	384	154	306	759	498	212	200	181	164	202	156	165	141	143	161	232	108	344	572	187	304	239	398	357	568	4089	219
MUSCULO_101 - Adapter 1	3784643	1195408	317375	10443	16431	1563	2257	709	2534	1957	1681	252	1001	201	1450	656	1302	773	1132	583	642	521	789	632	568	560	588	493	318	315	452	423	463	243	397	862	1048	456	250	570	220	277	238	417	371	697	111	168	144	166	162	358	167	251	128	98	134	90	76	320	196	530	415	147	262	95	176	109	87	170	147	191	108	189	113	206	510	228	116	118	86	87	122	127	91	66	68	100	113	77	169	351	119	206	156	228	157	251	773	90
MUSCULO_102 - Adapter 1	1950725	557421	148920	4903	7843	760	1065	335	1299	962	904	135	575	121	785	351	788	441	780	332	334	310	446	368	303	280	320	254	200	180	263	221	225	159	230	629	690	300	145	383	116	128	113	248	224	528	78	91	126	131	102	200	85	107	74	55	75	60	50	205	127	238	167	148	180	63	90	46	49	83	58	75	66	90	61	85	200	110	56	52	62	36	63	59	51	27	34	37	51	32	79	108	55	76	58	102	106	111	364	42
MUSCULO_103 - Adapter 1	2365709	580133	143017	4614	8117	881	1386	463	1620	1388	1425	187	1016	175	1486	688	1117	664	912	602	691	587	886	721	664	527	610	442	403	342	485	448	660	407	261	587	859	440	151	409	350	267	248	367	464	633	151	104	137	225	214	292	199	213	166	153	140	84	77	215	134	169	185	130	188	94	135	69	74	82	96	69	65	131	49	57	141	149	77	70	57	60	70	53	44	31	30	42	50	37	84	89	39	59	48	87	78	149	916	68
MUSCULO_104 - Adapter 1	3206598	973904	253577	8236	13867	1447	1871	674	2670	2197	1494	218	880	220	1338	641	1227	754	1091	586	585	530	773	648	580	473	568	380	380	307	441	443	519	285	349	878	1006	362	292	780	206	273	248	444	441	963	218	192	328	279	261	321	147	221	138	92	166	92	107	325	225	365	276	251	313	192	174	98	87	154	126	170	96	158	89	110	381	167	99	89	79	80	99	86	101	48	65	65	79	49	112	210	87	128	105	182	144	187	274	82
MUSCULO_105 - Adapter 1	3142539	873237	224902	7400	12585	1466	1845	687	2823	2195	1859	286	1213	283	1633	1000	1416	1008	1219	671	900	770	1123	986	872	647	924	594	669	474	694	666	712	382	488	937	1125	336	326	538	371	599	395	538	712	891	253	196	214	344	358	463	362	343	243	179	165	130	111	300	204	284	343	226	332	196	159	103	109	123	102	132	78	139	77	102	375	211	90	94	56	72	68	84	83	37	62	58	90	35	123	206	74	122	91	162	92	127	515	102
MUSCULO_106 - Adapter 1	2377774	643924	169333	5298	9036	1011	1418	553	2175	1461	1314	195	939	223	1365	783	1057	797	1035	615	718	581	915	827	786	541	732	509	547	466	657	585	667	442	448	808	806	401	467	777	520	359	348	548	593	935	282	240	395	478	390	444	273	358	198	120	168	95	122	301	192	221	192	162	178	139	145	72	88	101	67	136	74	97	63	129	254	144	82	81	52	70	60	89	83	54	49	58	66	42	108	184	74	87	67	118	105	168	1181	192
MUSCULO_107 - Adapter 1	3239164	959216	244810	8690	12935	1535	1933	732	2906	2286	1718	253	1132	271	1754	839	1384	971	1244	732	905	742	1062	919	866	732	926	893	475	498	636	780	765	332	697	1635	812	347	154	651	417	498	546	725	795	978	290	260	334	481	420	582	422	504	339	180	209	109	148	244	241	431	410	242	338	288	168	103	125	146	135	206	82	142	97	206	576	290	113	111	77	96	108	136	109	70	64	73	108	70	192	393	123	173	138	302	220	452	3893	196
MUSCULO_108 - Adapter 1	4781803	1356407	367025	12239	19039	2124	2927	1039	3798	2802	2353	327	1523	309	2211	1238	2201	1414	2034	1011	1162	1045	1587	1273	1290	917	1184	841	871	710	997	949	870	571	715	1829	2253	852	572	1155	551	768	527	888	1024	1363	327	296	400	462	379	566	362	409	251	164	232	147	152	486	348	496	467	307	422	240	252	157	170	216	205	222	135	306	150	206	512	322	162	149	128	108	143	123	139	95	81	99	144	72	183	300	124	161	157	273	207	354	2765	187
MUSCULO_109 - Adapter 1	2437310	757658	206621	6411	10578	971	1532	404	1877	1252	936	152	604	146	765	496	868	519	826	421	406	373	564	436	405	316	404	268	334	233	355	311	296	193	299	802	1087	369	176	515	154	179	203	264	290	660	120	98	143	177	178	326	185	219	155	110	109	88	64	219	125	218	210	143	200	131	152	73	66	90	109	117	54	119	66	91	222	136	70	72	68	59	90	104	49	43	57	44	62	51	78	165	66	79	99	134	100	175	1024	113
MUSCULO_110 - Adapter 1	2573420	742101	199849	6117	10463	1041	1462	493	1947	1307	1085	140	682	172	913	552	1001	632	878	467	555	454	646	599	562	445	578	359	407	342	452	476	375	252	358	822	880	372	312	591	306	258	311	383	505	692	161	156	225	258	209	318	213	247	164	110	133	62	74	234	188	236	229	190	252	175	147	87	78	102	98	166	76	105	71	100	275	187	77	77	78	84	86	100	77	44	62	47	81	38	71	144	65	79	99	157	113	191	1406	148
MUSCULO_111 - Adapter 1	2339789	667067	172635	5785	8898	989	1403	572	2263	1629	1428	167	985	205	1514	701	1062	693	915	629	711	619	864	792	706	537	744	520	573	439	642	635	613	293	260	745	814	415	551	659	524	279	445	624	622	1036	286	283	530	512	441	340	223	280	151	99	156	113	116	243	304	324	290	228	263	289	181	99	89	89	118	134	54	108	44	117	284	133	86	48	44	64	75	78	59	43	46	42	73	40	92	192	76	102	101	180	146	262	2051	155
MUSCULO_112 - Adapter 1	3061340	944650	237866	7724	11919	1443	1768	657	3269	2255	1700	253	1156	264	1766	935	1368	961	1084	857	910	734	1166	990	985	745	897	671	701	535	677	688	570	412	529	836	986	598	502	466	368	562	394	527	608	631	218	185	240	323	339	512	367	466	266	168	212	121	119	267	186	346	340	183	211	160	138	110	113	142	102	225	79	110	75	184	585	148	86	90	59	81	105	138	98	57	73	88	104	64	145	436	114	124	123	256	152	354	3127	195
MUSCULO_113 - Adapter 1	2982431	1055292	251173	10089	13633	1764	2095	1099	2754	2620	1585	252	974	269	1510	681	1057	792	825	616	723	519	806	633	655	554	811	514	633	423	597	509	606	266	305	738	1010	809	1166	836	941	1360	1211	699	1430	1677	472	542	539	882	704	1142	551	1036	462	205	459	182	189	275	306	405	394	308	410	457	247	171	194	231	153	362	125	178	115	311	839	307	154	175	110	132	164	186	231	117	120	131	169	102	338	717	176	277	221	375	261	363	2221	245
MUSCULO_114 - Adapter 1	2475516	808853	202778	7610	9995	1605	1860	1058	3080	3270	2061	271	1512	360	2396	1256	1689	1428	1399	992	1272	996	1519	1229	1344	915	1755	1060	1424	838	1313	1094	1127	706	804	1066	1706	1022	2503	2089	1159	1840	5674	1728	2803	2614	550	464	857	1552	1138	1172	624	993	379	157	305	211	155	300	269	385	384	201	311	242	175	133	152	122	99	222	104	124	96	237	825	199	93	96	63	118	100	112	119	90	73	75	171	81	188	788	118	169	173	296	186	261	1539	225
MUSCULO_115 - Adapter 1	3607710	1165930	293638	10846	14637	1920	2163	983	3110	3162	2033	329	1459	334	2209	1178	1743	1314	1303	965	1091	887	1343	1223	1183	913	1140	807	804	651	976	990	1035	436	603	770	763	681	661	635	741	523	789	666	778	904	306	266	286	423	381	815	384	812	390	248	411	203	143	274	199	391	448	215	263	182	134	143	150	204	179	303	103	150	103	287	1214	249	150	131	108	149	126	162	159	116	122	122	205	113	305	1026	202	241	218	366	282	496	3409	226
MUSCULO_116 - Adapter 1	6009267	1592906	416530	13190	20211	2257	3195	1147	4716	3381	3049	428	2122	462	3118	1626	2789	1793	2448	1264	1495	1348	2132	1716	1658	1170	1590	1130	1177	965	1284	1213	1058	791	1119	1723	1588	788	1094	1379	592	772	342	644	790	1196	430	370	601	552	466	464	228	462	210	187	294	146	158	507	332	484	415	365	391	252	209	175	168	211	168	247	133	193	135	206	637	315	159	152	97	127	153	145	147	77	99	106	159	94	234	437	142	243	193	383	300	640	6244	260
MUSCULO_117 - Adapter 1	1943552	663593	165684	5791	7928	1006	1217	461	2141	1564	1079	210	778	183	1086	608	1110	738	915	529	614	551	778	698	648	474	598	488	498	385	558	512	484	322	483	722	514	393	342	348	250	313	442	367	428	518	164	193	320	333	250	423	119	382	114	69	184	79	84	227	191	300	201	172	161	145	93	84	81	97	95	217	49	85	51	178	371	134	72	86	55	54	59	92	102	53	44	70	74	58	129	298	94	84	114	180	138	192	1202	114
MUSCULO_118 - Adapter 1	3367877	963025	258322	8286	13251	1275	1803	577	2210	1629	1501	177	870	191	1417	707	1172	809	980	624	653	619	833	689	683	493	655	606	310	347	455	445	497	317	369	721	724	465	308	547	180	239	182	315	357	438	109	107	142	178	132	263	162	188	128	110	114	87	70	218	133	320	280	177	149	60	128	101	100	137	112	173	93	148	79	156	372	200	87	93	68	82	85	92	85	56	58	64	109	69	123	243	60	132	121	179	146	263	1391	107
MUSCULO_119 - Adapter 1	2593914	790803	219050	6782	9474	1473	1621	657	2751	1773	1662	268	1167	265	1594	1069	1816	1254	1336	871	939	846	1246	1056	1077	771	1083	724	766	639	808	736	750	558	595	1150	978	358	227	647	330	512	596	375	392	636	223	261	328	296	266	410	189	292	123	70	125	81	75	343	195	364	222	161	171	83	110	74	109	119	101	344	63	92	69	228	424	108	72	73	60	84	78	93	95	42	59	72	92	72	110	341	73	98	136	210	121	189	688	111
MUSCULO_120 - Adapter 1	2935424	894022	227285	7381	11859	1217	1634	568	2697	1934	1238	206	828	210	1090	651	1283	799	1097	519	589	509	820	694	689	484	607	406	472	367	465	489	488	326	385	639	644	408	222	356	238	295	228	325	267	381	145	156	169	172	119	326	130	253	131	91	110	90	81	230	165	442	302	121	145	49	89	92	111	154	94	244	90	107	76	248	509	164	82	80	58	111	97	122	100	57	66	86	124	77	160	404	82	118	163	221	138	186	535	104
MUSCULO_61 - Adapter 1	4658527	1214422	307693	9753	16574	1676	2720	758	2839	2031	2001	267	1257	328	1825	868	1562	879	1329	713	816	635	879	719	698	654	686	491	464	366	533	552	692	215	277	1025	1400	327	265	826	304	398	287	465	631	920	167	215	192	299	266	424	224	275	207	177	197	122	125	311	219	275	302	309	387	128	184	98	105	151	175	119	104	227	110	122	313	329	118	116	129	96	106	123	99	71	65	67	103	67	163	216	112	168	135	282	236	553	5579	223
MUSCULO_62 - Adapter 1	5223768	1661603	453783	14596	22284	2294	3282	813	3592	2960	1779	303	1135	309	1597	838	1350	999	1298	627	726	580	922	696	700	656	793	517	487	392	587	500	466	342	676	1120	1202	879	331	624	177	276	689	605	684	1010	275	245	325	370	268	484	269	386	283	138	243	177	145	454	300	468	709	304	415	189	231	154	180	222	227	245	159	241	141	161	965	261	153	134	138	131	200	206	151	105	116	117	165	152	310	677	207	302	246	332	307	487	2868	232
MUSCULO_63 - Adapter 1	5162089	1379124	362527	11604	19066	1769	2923	723	2363	1846	1563	240	919	229	1338	654	1195	833	1038	547	607	497	723	596	527	531	565	403	364	313	392	395	425	260	448	786	1023	432	241	676	174	294	320	552	395	675	159	182	265	260	211	287	170	195	143	121	186	143	110	335	213	352	512	237	375	129	218	123	127	166	171	178	146	230	92	175	542	348	143	173	108	101	143	128	118	83	81	100	143	95	220	363	113	203	185	254	188	431	3543	168
MUSCULO_64 - Adapter 1	3074015	803068	208705	6659	10787	922	1635	498	1258	959	802	137	468	132	731	355	869	489	792	243	343	270	359	309	296	324	350	196	186	169	215	229	284	115	205	717	885	217	159	480	90	166	175	332	339	518	85	93	119	131	82	190	89	104	69	84	95	61	68	203	129	199	292	170	280	60	133	56	67	127	113	107	65	213	78	88	277	178	71	77	85	54	76	68	64	44	33	46	72	46	73	171	64	113	80	133	109	160	789	70
MUSCULO_65 - Adapter 1	2355349	635837	165892	5414	8682	760	1344	368	1114	849	699	121	412	114	627	262	637	316	501	203	283	215	318	268	246	259	307	172	210	145	210	195	256	106	238	515	678	223	210	573	323	660	119	398	311	596	89	113	127	168	105	203	74	117	71	46	80	76	60	238	135	179	283	134	197	69	108	59	67	94	69	106	59	159	67	73	322	135	77	60	62	50	48	68	52	38	38	53	62	45	114	181	75	108	71	119	112	165	849	66
MUSCULO_66 - Adapter 1	2084249	676378	175332	5978	8951	1031	1292	522	1736	1178	781	137	434	110	628	402	781	491	705	280	496	277	388	338	342	309	572	239	382	212	357	262	299	230	405	643	670	581	801	1039	936	1068	763	515	1297	1048	280	258	399	513	309	434	170	458	182	73	226	88	97	250	210	216	188	164	191	138	87	72	102	106	76	170	56	103	61	128	427	142	71	66	61	49	72	91	120	46	50	73	69	50	157	283	91	107	101	172	133	291	1904	160
MUSCULO_67 - Adapter 1	2483158	711680	181007	6164	8935	905	1344	431	1409	1072	978	120	582	129	956	440	803	467	696	324	448	293	454	349	365	388	468	293	353	237	361	260	310	194	377	629	846	451	311	693	878	1252	150	596	575	1267	154	218	244	422	242	342	219	317	147	96	162	66	61	268	172	205	243	164	227	121	133	53	79	93	73	138	69	115	53	111	422	211	52	77	58	56	67	63	69	41	41	53	67	42	116	186	70	93	104	144	108	124	452	77
MUSCULO_68 - Adapter 1	2267947	684647	176248	5698	8954	936	1261	420	1418	957	790	118	480	114	634	332	761	391	621	294	297	259	378	298	308	311	315	227	240	194	225	199	252	180	292	565	527	265	227	495	526	175	410	577	810	605	121	111	174	234	181	393	191	397	165	103	189	82	90	171	153	214	250	197	226	96	97	75	62	78	87	171	56	110	62	133	462	187	80	85	50	46	72	62	86	42	38	49	74	37	98	207	78	92	89	162	116	133	769	67
MUSCULO_69 - Adapter 1	2229587	648232	172843	5759	8828	949	1187	533	1358	955	754	128	450	123	652	333	818	412	768	271	336	235	318	290	281	244	274	177	163	158	233	189	220	132	176	656	707	235	146	487	134	101	83	253	248	463	61	76	127	107	63	250	60	175	73	44	93	64	44	237	120	194	190	196	196	41	96	72	59	99	93	112	45	132	71	69	284	104	65	66	54	44	55	75	70	46	53	49	51	39	81	167	59	112	62	110	102	117	342	69
MUSCULO_70 - Adapter 1	2432319	682525	174422	5961	9063	941	1407	487	1761	1304	1170	165	795	197	1264	596	975	602	777	445	593	467	677	621	602	499	666	393	495	364	488	504	554	293	286	1225	1041	383	746	1323	1497	1067	751	1460	2055	1506	342	264	301	586	455	645	388	528	336	268	319	190	171	221	203	216	322	183	268	153	124	74	109	97	104	120	72	131	59	106	487	185	84	78	60	55	52	78	83	28	50	47	86	48	118	263	63	92	82	158	129	170	1085	107
MUSCULO_71 - Adapter 1	2552451	760486	201565	6485	10242	977	1335	472	1580	907	681	137	384	96	537	284	655	350	684	226	306	212	308	253	251	258	333	199	246	168	223	191	196	176	305	605	574	336	230	574	433	404	330	620	432	652	118	122	192	249	221	403	207	468	211	126	210	85	101	216	152	222	229	189	239	109	121	83	93	102	93	175	67	136	64	125	533	187	76	81	60	61	97	92	76	48	55	54	62	55	121	256	81	115	117	198	140	174	633	316
MUSCULO_72 - Adapter 1	1771571	486920	127770	4102	6375	586	876	320	893	613	479	68	302	71	406	187	546	275	536	143	171	146	216	156	178	170	170	134	125	113	145	119	131	78	149	453	499	127	98	314	106	100	68	208	191	271	56	53	61	66	48	185	63	143	65	62	91	43	42	178	79	148	147	114	133	29	67	47	52	62	56	75	43	90	35	67	244	110	44	37	39	26	32	45	42	37	27	30	40	29	51	122	43	55	50	103	61	82	257	61
MUSCULO_73 - Adapter 1	3649819	1057146	283433	8679	14124	1438	2121	562	2344	1663	1596	226	1032	223	1601	663	1241	709	974	630	654	550	835	663	630	533	648	509	416	359	489	483	504	294	380	614	713	389	234	568	221	225	245	338	332	553	141	173	175	196	171	234	150	190	116	96	107	92	68	196	143	238	284	168	197	64	123	94	76	90	121	155	67	151	76	100	372	199	106	73	82	58	96	114	72	53	64	76	96	65	131	246	93	140	134	230	224	535	4916	310
MUSCULO_74 - Adapter 1	3190440	989625	276139	8669	14409	1651	2237	857	2491	1981	1605	244	1010	268	1581	744	1475	826	1255	558	703	567	894	725	684	608	713	469	489	392	547	441	586	319	412	973	1293	436	391	832	261	354	471	516	562	956	239	214	263	409	331	394	211	228	196	99	158	87	92	349	215	267	257	278	313	116	191	107	95	146	150	147	99	263	122	72	299	153	109	96	104	75	89	106	75	77	81	86	114	87	128	225	144	201	171	340	366	1330	17416	425
MUSCULO_75 - Adapter 1	2785698	867701	240217	7820	11812	1332	1852	559	2047	1245	1081	170	684	157	922	505	1045	624	918	339	462	376	612	495	462	441	490	333	329	270	380	321	383	176	276	820	1033	323	291	705	266	340	330	352	504	806	175	184	256	264	180	293	113	242	116	103	166	86	86	305	227	230	280	217	275	123	130	56	74	119	128	142	77	218	123	108	441	178	107	98	89	63	67	95	87	60	58	70	81	55	126	229	115	160	135	247	204	748	9073	247
MUSCULO_76 - Adapter 1	2371130	782298	220431	6967	11124	1166	1713	578	2538	1636	1162	199	717	184	1041	526	969	671	845	449	503	410	638	518	503	470	595	341	444	334	438	364	426	389	350	719	675	344	311	647	312	377	405	592	472	917	221	223	264	384	370	443	304	368	243	127	183	114	103	293	224	218	215	239	274	189	172	112	93	124	119	127	80	163	108	105	313	110	104	66	81	75	91	93	93	81	81	76	106	94	133	310	121	245	229	385	360	1509	19641	613
MUSCULO_77 - Adapter 1	5315983	1643426	453044	15454	22828	2476	3523	1069	3977	3108	2393	359	1489	379	2302	1028	2140	1165	1673	943	982	899	1287	1030	977	872	1007	742	689	598	696	800	772	567	795	985	955	477	406	1009	378	626	399	601	615	1022	309	330	255	377	285	469	257	321	212	179	202	144	137	361	292	431	498	333	459	174	253	186	141	220	205	195	131	274	144	154	622	235	152	163	134	112	168	188	129	117	115	126	182	127	229	483	187	295	255	395	420	1301	13255	416
MUSCULO_78 - Adapter 1	5117630	1362508	355509	10941	18291	1702	2883	919	3019	2262	2367	310	1572	328	2284	969	1838	1023	1524	880	927	709	1234	885	859	757	830	741	431	429	674	511	665	393	446	1258	1246	644	334	792	417	430	220	496	576	745	165	181	216	226	190	407	258	286	241	223	209	175	127	357	243	375	437	227	312	86	199	126	149	165	164	189	130	338	93	204	507	364	134	150	123	106	145	132	109	82	68	96	133	51	173	303	139	213	173	376	331	850	9898	327
MUSCULO_79 - Adapter 1	3760930	1105854	297576	8946	14957	1451	2106	739	2172	1632	1199	212	693	206	958	501	950	603	799	421	416	417	570	465	394	417	462	330	328	252	365	283	308	274	370	666	731	398	229	457	147	201	179	322	326	519	140	138	151	179	154	264	133	196	114	120	123	85	86	232	173	308	323	183	247	74	119	81	77	115	129	173	109	154	104	158	483	248	96	113	96	86	106	116	99	55	56	73	103	64	147	234	99	165	130	276	215	547	6405	288
MUSCULO_80 - Adapter 1	2692943	760653	195765	6218	10516	1140	1572	534	1587	1119	906	128	534	155	735	419	940	501	781	344	382	323	462	390	371	300	417	256	261	232	304	242	265	178	279	707	815	231	186	522	134	131	188	311	277	501	103	110	112	161	139	249	101	161	97	78	103	75	61	244	154	220	225	148	186	52	97	78	79	114	78	115	56	149	73	111	338	168	74	84	67	60	69	87	68	46	37	63	76	49	116	225	94	123	131	232	227	666	7858	431
MUSCULO_81 - Adapter 1	2653197	726462	193068	6567	10443	950	1489	436	1839	1272	1175	169	751	187	1053	486	946	589	819	439	489	445	632	488	498	437	506	373	345	315	412	489	653	218	199	665	820	410	352	535	181	192	262	415	403	773	237	278	218	291	208	231	144	161	107	104	99	80	79	211	149	213	234	125	228	86	172	66	81	123	131	113	74	189	72	106	308	180	80	63	78	76	88	85	79	63	68	79	92	69	155	203	129	179	161	358	374	1454	19795	696
MUSCULO_82 - Adapter 1	3673254	1200712	322932	10133	16528	1836	2217	652	2372	1798	1162	210	662	171	928	526	1025	575	817	381	515	346	571	409	423	359	561	305	418	293	366	322	352	287	359	976	827	656	345	824	812	1403	454	1384	1849	1381	288	272	317	571	462	611	424	623	332	197	261	150	158	374	332	443	377	361	445	380	260	179	132	136	156	247	105	160	112	150	483	276	129	153	107	72	122	135	116	92	67	67	98	91	150	231	115	145	149	264	176	438	2972	153
MUSCULO_83 - Adapter 1	5222105	1314322	338497	10852	18037	1750	2712	900	3065	2008	2173	275	1395	301	2062	859	1647	974	1160	730	862	694	1118	951	839	675	848	619	568	472	622	646	711	320	426	923	1306	644	475	747	210	621	408	561	606	902	316	377	372	456	321	268	188	261	167	146	168	133	121	355	302	312	414	252	266	142	182	137	117	186	171	170	121	303	127	160	458	301	115	123	116	98	100	116	127	80	100	92	149	90	244	372	158	253	224	433	386	1407	18318	544
MUSCULO_84 - Adapter 1	3215136	999195	283077	9148	13828	1346	1920	663	2597	1473	1086	208	690	179	937	478	1266	646	1045	358	475	360	539	440	420	406	551	321	388	300	387	337	343	343	552	1069	1023	262	260	776	302	190	278	412	479	896	257	355	216	338	248	418	251	375	202	115	200	124	111	410	241	336	359	292	293	157	185	108	112	177	156	227	106	251	123	140	429	165	126	75	104	68	118	121	84	66	86	111	127	102	190	402	169	275	239	472	465	1758	20773	545
MUSCULO_85 - Adapter 1	3343696	985166	266827	8461	13309	1457	2044	673	2477	1729	1478	221	895	210	1321	614	1351	698	1122	489	608	533	759	655	623	577	734	423	555	425	539	634	572	276	290	967	1113	449	360	763	196	296	300	470	575	881	358	391	229	330	351	448	290	352	216	128	162	134	108	369	224	266	270	239	292	112	184	113	114	142	171	141	99	246	73	82	282	157	99	74	101	85	83	120	91	70	75	85	141	113	166	310	206	281	270	551	585	2585	34182	2973
MUSCULO_86 - Adapter 1	3411153	850248	216743	6969	11690	1214	1704	546	1989	1462	1546	178	1033	220	1391	669	1184	628	811	582	633	569	771	639	555	535	666	575	382	343	491	493	551	229	241	788	708	351	309	512	198	362	295	425	421	596	238	361	219	293	252	251	143	163	117	117	103	75	74	208	154	193	202	177	159	89	112	77	97	106	89	127	63	149	60	165	228	240	92	78	60	66	66	78	88	56	47	69	106	65	137	202	108	185	198	417	353	1732	20287	501
MUSCULO_87 - Adapter 1	3507853	931271	244473	7822	12874	1120	1912	612	1749	1323	1228	188	763	181	1098	507	1210	606	973	470	519	379	624	485	410	435	478	406	237	218	349	344	370	263	415	951	1074	274	228	606	146	212	161	460	366	495	122	144	141	199	135	256	138	182	92	72	121	72	78	337	186	279	374	170	254	66	169	76	95	139	123	133	100	222	79	114	306	195	115	71	87	70	87	93	73	61	49	81	113	61	130	229	92	141	124	218	201	607	5433	175
MUSCULO_88 - Adapter 1	3990394	1120820	285210	11491	15556	1971	2571	1068	4088	3488	3230	403	2107	456	2775	1534	2268	1713	1689	1176	1278	1160	1855	1504	1409	1016	1268	889	958	762	1014	964	890	531	618	874	1095	790	392	678	456	510	634	669	690	861	328	329	277	389	321	435	352	400	288	215	163	129	93	255	170	305	299	170	231	116	166	123	161	162	124	215	93	149	75	208	511	345	130	125	88	98	113	135	145	93	111	90	176	106	234	370	142	237	211	504	439	1722	20296	1935
MUSCULO_89 - Adapter 1	1964117	674711	181741	6024	8403	975	1301	474	2014	1536	1092	178	723	190	1111	602	1071	694	866	439	548	460	742	670	631	463	622	401	463	328	443	462	438	279	429	684	451	355	257	562	355	395	455	296	479	598	236	269	365	385	266	463	158	365	136	68	204	57	74	215	151	293	193	159	166	105	87	81	98	110	107	207	80	101	80	160	623	121	79	59	70	65	65	99	77	43	73	70	109	65	171	402	132	146	147	260	230	807	9875	308
MUSCULO_90 - Adapter 1	8052975	2447014	662076	21156	32988	3372	4727	1339	4670	3471	2631	438	1561	433	2353	1225	2490	1486	2075	1043	1231	1026	1536	1251	1093	1081	1194	918	777	701	885	794	809	774	1020	1761	1925	897	576	1298	611	544	418	797	882	1188	298	346	353	458	399	662	388	520	365	309	309	205	202	730	426	705	759	361	518	212	277	223	207	321	297	365	213	437	187	301	1060	370	205	177	168	164	225	253	179	141	147	151	256	162	340	792	273	416	361	629	520	1526	15346	1077
MUSCULO_91 - Adapter 1	3689713	1106052	299363	9812	15422	1517	2194	733	2618	1740	1311	243	858	224	1173	678	1171	811	1000	622	663	592	821	719	725	553	647	446	422	373	509	490	544	327	407	972	1056	360	349	762	296	358	264	532	561	719	223	235	266	286	245	454	245	408	256	156	235	155	141	342	202	327	436	199	270	128	164	131	145	181	163	188	113	220	108	152	649	249	103	117	88	95	128	112	148	101	85	116	148	108	240	497	148	274	185	437	382	1278	15007	671
MUSCULO_92 - Adapter 1	3558352	1245519	336512	11648	16186	2102	2588	861	4140	2900	2020	348	1330	353	2032	950	2097	1145	1699	808	973	834	1272	1064	999	805	999	664	804	600	765	708	676	563	638	923	695	516	549	653	450	552	394	522	461	907	328	340	322	466	324	480	206	467	211	156	306	167	193	406	362	492	360	380	304	225	164	177	132	163	171	236	133	181	129	169	591	200	124	118	123	95	143	176	157	109	116	120	168	109	242	561	196	319	327	569	575	1984	31932	2328
MUSCULO_93 - Adapter 1	3650656	1104094	284509	9276	14943	1616	2302	672	2435	2020	1546	221	954	237	1436	705	1310	821	1112	564	676	574	858	710	628	575	741	505	483	356	484	461	470	326	543	887	979	368	250	765	293	329	290	499	453	702	229	221	208	282	246	372	210	244	169	134	155	100	90	389	206	263	332	187	322	110	173	96	104	168	122	115	86	183	82	101	390	123	81	92	83	84	127	89	75	71	61	77	143	88	173	364	157	226	201	392	398	1476	16742	1638
MUSCULO_94 - Adapter 1	3044713	842006	213621	6898	10801	1155	1476	559	1945	1362	1309	184	878	205	1339	568	974	677	750	499	598	449	781	606	631	528	659	457	497	348	515	458	488	285	353	587	642	375	324	472	255	234	365	374	374	682	238	258	221	357	283	451	254	434	188	138	145	75	72	220	154	217	233	168	189	107	102	89	81	107	88	176	83	124	63	133	481	237	86	81	41	69	75	86	113	55	68	75	111	82	177	334	151	225	212	469	449	1927	23315	1883
MUSCULO_95 - Adapter 1	4324092	1198973	322353	10950	16385	1527	2292	675	2293	1502	1403	224	824	223	1283	618	1321	664	1083	549	596	462	655	561	504	508	523	437	355	310	405	331	429	265	436	1127	1345	375	348	804	240	334	245	563	525	748	216	223	173	256	194	384	198	285	188	144	179	131	126	460	196	355	403	230	291	98	173	102	113	150	134	223	123	260	89	173	592	222	127	91	101	116	110	115	81	71	87	101	129	98	187	357	136	216	181	344	349	963	10558	326
MUSCULO_96 - Adapter 1	3666447	1090785	273433	9793	14781	1677	1946	1075	2227	1714	1182	241	656	176	927	471	832	567	699	434	449	398	542	487	473	414	483	384	379	264	388	317	397	319	337	530	568	350	315	369	316	360	379	365	498	563	295	323	246	279	276	565	268	525	233	195	240	141	143	213	159	262	248	165	149	135	117	137	133	174	141	230	100	146	116	189	474	207	96	110	106	102	135	138	131	94	93	103	143	118	190	417	146	252	224	534	433	1595	18514	1306
MUSCULO_97 - Adapter 1	3263532	612513	123356	4121	7658	941	1548	684	1839	1463	2243	246	1682	302	2493	1030	1437	982	1099	955	1065	941	1433	1167	1083	814	1054	744	700	527	808	723	761	501	723	656	606	407	510	781	395	377	393	539	801	934	410	352	262	463	506	493	393	424	271	207	189	131	147	156	121	135	173	151	218	115	113	73	89	140	85	62	51	133	43	47	84	106	48	40	57	39	41	55	50	33	45	66	78	73	124	133	154	206	175	512	518	2538	35492	1957
MUSCULO_98 - Adapter 1	4198691	1365804	355046	12902	19089	2424	2897	1119	3570	3198	1977	296	1205	320	1700	859	1351	1005	1142	705	939	652	962	755	734	645	989	625	685	476	652	568	592	464	647	1304	1127	2212	693	792	3458	1332	2875	1985	2470	3036	492	510	482	1054	805	1146	796	1003	704	413	486	268	250	399	348	552	522	444	571	535	281	189	190	194	207	314	153	218	142	232	786	288	185	148	132	144	126	187	180	109	133	122	155	97	251	497	161	291	231	358	293	547	3577	328
MUSCULO_99 - Adapter 1	4125174	1137690	294185	9469	15783	1629	2290	841	3564	2772	2223	301	1440	329	2192	1017	1911	1228	1473	904	1035	881	1334	1168	1057	830	1102	798	803	628	882	815	900	645	879	1301	1150	454	402	809	646	511	747	755	704	1028	442	357	479	437	398	474	299	359	257	132	164	129	143	360	252	455	364	237	264	180	214	128	159	231	132	230	105	168	76	220	402	236	121	111	80	119	96	116	114	69	78	103	146	61	186	373	127	176	176	312	250	690	6634	362
