Sample	1.0	2.0	3.0	4.0	5.0	6.0	7.0	8.0	9.0	>10	>50	>100	>500	>1k	>5k	>10k+
GRASO_121	45.35948907280188	9.533970400890917	4.390439842267732	2.79565230358095	2.014680127307132	1.5339809879376722	1.2403268437228296	0.9697179080256562	0.8924408680075604	9.956663561675528	2.9437592252332365	5.668125350897098	2.119527400847335	3.9284431977997794	1.2163218377894875	5.436461071215389
GRASO_122	46.935092594334535	9.474917368812472	4.301776582733777	2.779576933294542	2.019225179609691	1.5794087309980978	1.2408357153920881	1.0553871301511482	0.8668881690718248	9.779589874294208	2.8689640723043865	5.125174690496222	1.6571979605775098	2.97058307141204	1.1606600051613307	6.184721921356207
GRASO_123	29.275541870452276	6.36639449151936	2.8556096560506745	1.7420663860462482	1.2424695649429174	0.9594605942860669	0.7466445638590737	0.5954341765032326	0.5541501135670638	6.407518985060556	2.3096146703528952	5.173754831233283	2.291541224934017	5.7316488388203	3.2459236873371626	30.502226345034817
GRASO_124	37.892250464207685	10.620646193700486	4.514726377889484	2.5683883302774166	1.846718005757652	1.355775105637061	1.1799012601284344	0.9363533609656742	0.7548308945070292	9.641803348657362	3.3607314808771833	6.559561330575246	2.5951546090867597	5.070285036760585	1.780537379406642	9.322336821565278
GRASO_125	50.4218301827866	9.58571557815038	4.205586530505236	2.543444973810901	1.7423974936452935	1.3393346995639002	1.0539631220204726	0.8613554948067336	0.7015309161306512	7.48337886659831	2.117767598663527	4.197293096765615	1.43839880769717	3.126021933766225	1.148916747971727	8.033063957117362
GRASO_126	39.59140122671089	7.426344207128491	3.510564598684937	2.1657821341284826	1.5037562609981623	1.2021193593264061	0.9426779654914141	0.753828085192145	0.6589131761847191	7.649905811623838	2.5896920283281086	5.384030277409105	2.14320954676446	5.358357888836429	2.0401816225748934	17.079235810617387
GRASO_127	44.29986002556864	8.818463144391693	4.365241480879601	2.826757508677903	2.096412775772904	1.6051603804063723	1.292185238936218	1.1439226212398113	0.9223330167470196	10.897657032344101	3.190433528458366	5.4761510606608095	1.6617475536505242	3.1089294550997226	1.1984247564232604	7.096320420743081
GRASO_128	41.47158053308019	8.727159713998796	3.859204534245491	2.4425780659489296	1.643011056860936	1.3003033175785856	1.0559342744872238	0.8586319729493568	0.7562827582435493	8.58810528177229	2.599019995438078	5.206380770622424	1.9159511458051923	4.190307327997691	1.4933144676214922	13.892234783349991
GRASO_129	18.27505000047986	5.641510893691817	2.671504452161989	1.5770964098565214	1.1982050559058446	0.9333787427959239	0.7835001875801665	0.6641211083883307	0.5781352775175064	8.791625696104033	3.8824645756135125	9.318118481968416	4.941270486834071	13.383193773757307	5.451025823643181	21.90979903370148
GRASO_130	44.11108893260958	9.12556584518287	4.357872173435598	2.8453573112459996	2.095974244792471	1.5528850072216376	1.3192618794580322	1.082445239396624	0.9740538384570807	11.003881055680196	3.187434456692827	5.5569832963524	1.6358281990110468	3.165634295040724	1.2238449011478718	6.761889324275088
GRASO_131	43.04081127243303	8.85286857587677	4.153367820795304	2.6302706846383956	1.8950578523320167	1.4637664793304797	1.190627155865615	0.9249840710452102	0.801889235906131	9.374976578054897	2.7348438544324822	4.5688898780989	1.538191118137959	3.538365254715502	2.0958521536999397	11.195238014637773
GRASO_132	43.95692314681237	8.846808354394591	4.223988166366855	2.739553366421604	1.924671955608723	1.5340304543119108	1.2194410388203807	1.046033105905856	0.8788591460835915	10.47036442296099	3.138809238485362	5.381485861971058	1.625801482961486	3.541992671067904	1.367956978989727	8.103280608837519
GRASO_133	40.688671600992606	8.267600671150218	4.120049433340349	2.613291078737073	1.9681792440045138	1.528709183629873	1.2063595770568543	1.057198077406454	0.9026187970735714	10.54023037001879	3.4482499106222697	6.453081701727015	2.101536780842965	4.093037490688879	1.6190756023764643	9.392110480331848
GRASO_134	38.81372306305434	11.125722269052307	5.010484563713218	2.842699835114511	2.0765272996947783	1.6635632348417548	1.247284491162691	1.1224793400108728	0.9575765254800019	11.292397401814885	3.5722179449115954	6.715836592003287	2.544053011987436	5.0309302420028805	1.601246135023556	4.383258050131906
GRASO_135	44.8768127433869	10.617488592305657	4.507500737800999	2.67793545121405	1.9849255223562776	1.4963123981812199	1.1836380231874581	0.9797985183287361	0.8469222352606833	10.051459741162187	2.9848503759514937	5.404465078030764	1.9245859061279333	3.704437305743692	0.9171533602845625	5.841714010677394
GRASO_136	40.75454431896017	8.87008198350185	3.9310293323503296	2.4872529920097626	1.7661945675605009	1.2997041265168545	1.1125286622189408	0.8949478956533072	0.7237393769448915	8.519225530755348	2.609860146343396	5.281021782401826	1.7986461584231679	4.269388905343946	2.003652481440206	13.678181739575551
GRASO_137	33.60961315632787	12.788055301858895	5.718222502364729	2.786424021278111	1.6434207742109967	1.1748456338850612	0.8856921091698741	0.7252892029785187	0.6123853096729996	7.278133909752943	2.5708722138014246	5.669953870446319	2.490748275473852	5.719613398283624	1.6107339059587715	14.715996414535908
GRASO_138	46.20971284341843	9.58095234953792	4.224109781978095	2.6710799604121993	1.8501987761830576	1.4494117061402796	1.1160092446066856	0.9109949068303896	0.7983928276075976	9.155798292967727	2.852418641250474	5.295988980064477	1.8574460304823581	4.09267125902562	1.425680352231011	6.509134047263622
GRASO_139	50.30065302971563	10.738847538748901	4.45501718927207	2.5590483037598664	1.6886947151313558	1.2472883505065788	1.0304582701849951	0.8969230661467051	0.7140933743666842	8.067434540226538	2.3125889323958044	4.479323863978553	1.5898877437935488	3.2112193700045033	0.9740939989557021	5.734427712812508
GRASO_140	44.051249066559635	8.346099322630957	3.732866033125034	2.306741787507259	1.6430124234784869	1.2858573931987094	1.0422132145445688	0.8712984278845135	0.737913415840976	8.687608783010537	2.9493257309568905	5.582696007611262	2.1065585658936703	4.792045271484704	1.5990022350924524	10.265512321180337
GRASO_141	47.28992924157659	8.035723949068485	3.4363282712389704	2.154582710161285	1.4272234047388452	1.1591042029628507	0.9103885479520534	0.8008937571138691	0.6189700033721679	7.552956177502825	2.3652616131449857	4.549646402088268	1.7691439329108394	3.924410841929292	1.5595364487631098	12.445900495475719
GRASO_142	47.35774730021424	9.366128327883926	4.095320054113549	2.4617522661212123	1.8047082015441425	1.371268247137664	1.1370065456114358	0.9474977288808167	0.8168703109444493	9.186785941426939	2.768324670504667	5.145403785121861	1.7446151681797986	3.6372725330428297	1.1559080080219668	7.003390911250337
GRASO_143	20.82218606825626	7.549563236385777	3.4917120738419563	1.9075222078088656	1.1713397345424852	0.94274259332419	0.7776690789836078	0.6702136468019942	0.5825322427527878	8.296153258778828	3.3821106294300782	8.93973736038302	4.813824020292444	12.707653701264157	5.07528607441803	18.86975407273545
GRASO_144	17.67092438505533	3.7863729512396658	1.8662357582464206	1.3290336310632063	1.0631050899313743	0.8561605517219193	0.7007915333018955	0.611578665431393	0.5496651801460296	9.063568637982142	4.393924867637187	12.244601728841403	5.949418714844704	14.972432881512654	6.217485875916536	18.7246995471281
GRASO_145	35.178790770107014	8.089613897387053	4.297597225100843	2.8947082990901203	2.143293579048337	1.6827748963512075	1.3935671046366367	1.2594463987158961	1.0251409026476626	13.229823187395528	3.9745356082463426	7.073663102372829	2.312206275206958	3.9081763022502805	1.2487267823115367	10.287935669131686
GRASO_146	29.64079905839717	6.589844443259713	3.1569827027642647	2.0807386019762664	1.5290373082199484	1.170160736881322	0.9903561935328927	0.8650446652936399	0.7351783999588812	9.4903955379588	3.59346801881603	8.258988393542108	4.014740727373869	11.419112353132222	4.1858022005553455	12.279350658337366
GRASO_147	40.80314888764569	8.300557202566191	4.197381514628177	2.8182583242559924	2.018300662268446	1.6132090903067382	1.2438548837173722	1.043530224572617	0.9273928159670356	11.320819608875315	3.683179568685185	7.135224832233551	2.8633859095574925	5.4820227464406	1.5053830546632236	5.044350673616394
GRASO_148	38.513612066840345	8.2426416341421	4.207869153834642	2.8636626106412337	2.0289880832047573	1.633427824103197	1.3584702688659407	1.1335216705207616	0.988467734056433	12.267251856371011	3.8887250658765193	7.1697845510536515	2.775234879149712	5.300306990285443	1.445396400283914	6.182639210770377
GRASO_149	43.99059211639311	8.284367798603212	3.985801598214631	2.546298621663532	1.8460666078297647	1.4413037562014483	1.273566305248479	1.0157177819600456	0.843802760494653	10.408547346334847	3.440549949868535	6.690841196495692	2.702404578958017	4.828362678632401	1.4674466714905507	5.234330231611088
GRASO_150	36.97812965153116	7.756033608526994	3.9517752860425617	2.6824101032415717	1.9727758320400883	1.4985745965975712	1.2638085641637489	1.033539493634582	0.9277901035344939	11.445377379782073	3.7423518590498395	7.5412475840891435	2.806017790974767	6.671128991266144	2.006212624631142	7.722826530894294
GRASO_151	33.977662135992155	7.0902462715922345	3.796931944321151	2.517766823200615	1.8851247155479967	1.48037575117219	1.207361039203757	1.0121693104039522	0.9115240135018666	11.257632560123783	3.744485538731483	8.185282701834637	3.4297257399102583	8.955925410072219	2.5480546636528842	7.999731380739101
GRASO_152	42.62968808173551	8.943995706731062	4.47342681093343	2.8523679440965775	2.1049097117612057	1.7100786347450774	1.3760583407345226	1.1575614830065684	1.0620989009041457	11.873397520021639	3.545913779991325	6.590398147989204	2.1707432099820525	4.297823653033415	0.8330046254026893	4.378533448931855
GRASO_153	46.40868483163958	8.7040390828912	4.093255480768467	2.635948951377418	1.887862209618622	1.441228059732949	1.0895624926049305	0.9732396931532326	0.7792186781145014	9.37220980279748	2.817981919834707	5.160794769544388	1.7400903301314026	3.1180880425816433	0.9971648097133313	8.780630845495917
GRASO_154	53.71467798027977	12.077980664311125	4.088073974678263	2.1159030062175046	1.434179286718811	1.049543435924537	0.7784579748640608	0.678513552434757	0.563301753764943	6.325920566509192	2.2193552220957162	4.233049317695911	1.526583924690598	3.4253853180708385	0.8954294077929772	4.87364461395123
GRASO_155	40.333307395504306	8.472788786268461	4.138840187361308	2.601964221328938	1.8879696630842693	1.482688394369135	1.2450864650793192	1.0460887374662668	0.886628018216367	10.281886855571724	3.261880494229824	5.935523056587709	2.039867157121793	3.761468948170322	1.5610053366665317	11.063006282973651
GRASO_156	29.316370471532565	9.351586940271678	4.4537353661800685	2.7568306024739875	1.9274469167029125	1.5268657556593832	1.2616760082570733	1.0454329628731855	0.8829003859317142	10.884719893714564	3.674417252414324	7.393865338591887	2.725985344906743	6.148704840857255	2.367454280329391	14.282007639303343
GRASO_157	48.20991057513896	9.181565033523452	3.9524982811607963	2.550859231491889	1.847200851266427	1.3696657070431983	1.1281217432417525	0.9724762668967157	0.8074990803410589	9.520744245765519	3.0193166983530864	5.627526459959712	2.0271679913101446	3.705281517098081	0.9646163465848355	5.115549970824202
GRASO_158	41.71710449104045	9.27063337133558	4.2069929541033275	2.6556392252163357	1.9975747349983457	1.5300081288710945	1.2080115595797856	1.0500881167821157	0.8469542123785232	10.633012950573937	3.242814923918927	6.159924379686168	2.166785897510463	4.2824577317590675	0.8369864843117134	8.19501083793401
GRASO_159	42.258207350857006	8.660721545662213	4.427146938852231	2.8211290237127598	2.0995107079364943	1.6350891417849824	1.3795814300486775	1.093915992694159	0.9548007772698186	11.359766706865807	3.3426546156898005	6.0500044324370155	1.926582179357288	3.48497966914035	1.1919472999586922	7.313962187732881
GRASO_160	41.431812763248516	8.476763016348826	4.377633712583791	2.9013818078242024	2.1899718842357663	1.6806108960626425	1.4663118205902885	1.209266085797548	1.0027254937849257	12.288967175740963	3.7852639101425694	6.58847352381706	2.0977888762046373	4.143846522261599	1.1524388725429857	5.206743638813503
GRASO_161	43.34103846356629	9.611687941859714	4.221168357709916	2.6971789999614524	1.8863915959624307	1.4614427093219784	1.1358107321595403	0.9815927073076227	0.8208052866825895	10.386148142017841	3.3920199748291835	6.362158061984234	2.4258740733400286	4.592495752573086	1.264656714338991	5.419530486385173
GRASO_162	41.004272361609935	9.032669157934656	4.292871423163763	2.7829576251947765	2.096714877373064	1.6698972156210703	1.3705796336482967	1.1383660675014726	1.0056730176697155	11.581318202371088	3.5853908861726014	6.361397693744839	2.328035657852129	4.583903682764606	1.3924302453430937	5.77352225203461
GRASO_163	38.11141916514162	8.24419301817551	4.155105812537594	2.7954481851901947	2.039066103071961	1.5480730755488679	1.3720281870972408	1.1079744339236002	0.9831070113701912	11.915052252236253	3.8609470699004396	7.327125427565598	2.8309510272761975	5.575706705634372	1.4757484257727451	6.658054099557466
GRASO_164	41.68709184716441	7.953051961947806	3.859581812346992	2.5293066348539845	1.9205127437784928	1.4274568577225222	1.203466808395666	1.0203561445194178	0.8900965843788831	10.6460372966165	3.597867148539885	7.2969599319551754	3.280045488027393	5.632648299693511	1.3577193144493043	5.697801125610012
GRASO_165	39.086214660891464	8.461187491778274	4.285067114320758	2.9185468870845033	2.0551231128488996	1.6915122368473878	1.3622822415332032	1.1537259636999868	1.0654295398540423	12.464832840998778	3.8778013204882917	7.030828637203776	2.54183564470875	5.114177453316797	1.5324374401211789	5.358997414303811
GRASO_166	42.23014225374773	8.7680601714678	4.266851469500152	2.799978346286273	2.1232632228918034	1.6451544098546735	1.3474505275480761	1.0540315975364318	0.9666294973174406	11.565757640490114	3.713979149193087	6.64924527936355	2.529129814582683	4.654961470119431	1.1516670770983015	4.533698073002489
GRASO_167	35.55501138008505	13.680328093802425	6.357590429631616	3.263095514958396	2.1137782466144284	1.584106262014217	1.2217738769916389	0.9612007923026779	0.8079962052873652	9.334282246271885	2.827844675710007	5.670383946414435	2.217837761269798	5.261846965689172	1.2739118527916786	7.8690117501650905
GRASO_168	41.096727755721496	8.188082215713347	4.023253848169568	2.5682549949055606	1.9200717286498123	1.4537908198471683	1.1973116281867813	0.9826660240456786	0.8519552939020564	10.223999353119078	3.258522426758696	6.163905623921447	2.3512923714327147	4.416642920736645	1.3151492471124753	9.988373747777342
GRASO_169	23.50013439314454	6.464316330163433	2.976389107615196	1.8255276002600753	1.3202927333754684	1.0591496393193838	0.8708509277270768	0.7594418457559002	0.6451593477413565	8.937021525594965	3.450228990412934	8.244261029233162	3.877003701415671	9.133844732594236	3.507715352825243	23.428662742821437
GRASO_170	48.23228733634956	9.468380754061828	4.629597586437546	2.97354628448962	2.039334842238919	1.6585730287055889	1.3797778665217566	1.1110359080575012	0.9213100889388395	10.319032799284193	2.900081027829613	4.89528080375758	1.3446103628659414	2.5245436959518184	0.9187238425854927	4.68388377192416
GRASO_171	50.165217299843924	9.248497960166622	4.634011496038745	2.9896858759202942	2.150776393213933	1.706320011505803	1.2883356507140766	1.0925577522107428	0.9119697827474155	10.4771741837679	2.7944087959295505	4.557600687521326	1.362773196153461	2.4162657500670393	0.7449028259925397	3.459502338206634
GRASO_172	36.84743736587948	9.529636723107096	4.398215530677926	2.767015116865649	2.0040693821078617	1.5753944832028446	1.3039693036337943	1.1054486748261625	0.9641753532871542	11.21461154345768	3.408534442466829	6.332449404168289	2.491264762663771	4.6667651146487295	1.5475411344567502	9.84347166455012
GRASO_173	47.869985023828	9.31226650028787	4.020727378298646	2.472094529105157	1.8798862645116254	1.3931265395007961	1.1944530142556924	0.9603257548128238	0.800806412303932	9.082619786781072	2.5778372605867794	5.0315846191920235	1.9290795968843637	3.937238983785787	1.2426537248172116	6.295314611048104
GRASO_174	55.862987849866656	10.972403482786904	4.830977459962271	2.9987335128709898	2.130749526981583	1.550081241797786	1.323319642248376	1.0423646676420015	0.9188987963790776	9.44327417993498	2.2621297449042688	3.535875281197852	0.859254562007857	1.1327730903001165	0.187088591210462	0.9490883699087768
GRASO_175	42.427458047242844	9.466594237879486	4.242191338383094	2.7407221876613472	1.9099119450323991	1.46614196073057	1.157141151668189	1.0623588163542341	0.8638517320673592	10.611832526534902	3.281423931044656	5.998336996891287	2.0613761476769326	3.909770994656711	1.1933802325183689	7.607507753657532
GRASO_176	49.039481438069735	10.576489675408245	4.503200668279529	2.662965910006054	1.7884565767287148	1.417747780442282	1.112962214999577	0.957151838015156	0.760146388115555	8.62167293601119	2.525129637871708	4.053722807667478	1.242140129017901	3.204992602472603	1.1420481704584848	6.39169122643575
GRASO_177	57.45684808388748	9.845465210217178	4.301227104292725	2.471932435817075	1.7017440053512498	1.2807107094514618	0.9886633342014753	0.8265993707637814	0.6489523339477284	7.358757102333325	1.8958616572598816	2.9619607097330163	1.1695939070071717	2.10554672638739	0.7164235557390747	4.26971375360987
GRASO_178	55.95619865318492	9.64462148449889	4.404240183710877	2.6246285751537077	1.9342751775302356	1.4427925441728475	1.1510628247752133	0.9756221584020841	0.8315748450621434	8.789132680339227	2.295813924657234	3.4020415307225216	0.977759686506591	1.8780530873256085	0.4696574968836236	3.222525147074297
GRASO_179	59.907590187051596	10.367804356456514	4.063335010045275	2.3039392290722835	1.5357433377745633	1.1292812759853257	0.8068266974737149	0.708713013869533	0.5860848361502955	5.935569661110116	1.7822408037548234	3.460477165028474	1.132439438732493	1.9462457747383248	0.8799599157625732	3.453749296994244
GRASO_180	51.15427449699399	9.002834252231212	4.025154815942288	2.446619227529469	1.7320881269735546	1.3213899275157486	1.0933168620695635	0.8823535056052715	0.7473697825241825	8.952139934961632	2.628216733803188	4.696970450359329	1.5758291959121702	2.7963847214593507	1.1254033095658782	5.819654656552976
HIGADO_01	30.107180596750517	6.960251014673719	3.756126685026897	2.6384076314513023	1.9572508799046713	1.5579942435832712	1.2797726318960558	1.1587943162987957	0.9608908470709338	13.731794666623856	5.388033465457069	11.865549079767817	4.384618438010077	7.094437518505428	2.1931070119969553	4.965790972982634
HIGADO_02	26.345752702426424	6.3807394758009615	3.5807852948819376	2.4958319978087595	1.8701046154437364	1.52550618619629	1.2843196747001948	1.1624448237860665	0.962295208280281	13.88130296239954	5.629524579449234	12.306667983160041	4.76831150492488	8.80895129567896	2.770275727117646	6.227185967945229
HIGADO_03	26.052477735351754	6.288038861966067	3.545777373934956	2.5519550315750394	1.9500455741703553	1.5769192415953728	1.2469994381457128	1.0651602077952087	0.9676918051390556	14.066150942756856	5.746646196089862	12.350475320134331	4.624834487975733	8.343325459421456	3.0936814067437926	6.529820917204307
HIGADO_04	28.60981354015135	6.430149252424915	3.5787384178214103	2.4022208418224404	1.7620459946666884	1.4016236547966794	1.2063486817960811	1.025301406283895	0.8774184677844866	13.23120028967239	5.102790251402608	11.47532417574329	4.351366174755213	7.630433025123441	2.434367788459217	8.480858037296048
HIGADO_05	28.230612754389806	7.026852973018164	3.824029217411466	2.642344104281595	2.006913537978244	1.6489534058648818	1.3174643009866125	1.1731246229911643	1.0130055947998315	14.621839399817949	5.808604261846561	12.42926485490558	4.701675672584312	7.872896513407947	2.403160722610096	3.2792580631056465
HIGADO_06	27.870595828928014	6.6230198261162165	3.5663094566631797	2.5693677467699754	1.9023127457956244	1.5920342112476793	1.3183434254918918	1.0838029123179225	0.9319940746938985	14.140390357040486	5.762938647876573	12.52193608076581	4.889287444823165	8.59636919493452	2.252208660754934	4.37908938578037
HIGADO_07	24.800459884943333	6.028593924321676	3.518803112561279	2.408943766474719	1.8083006979096201	1.4677888439744649	1.294244535971504	1.1141618029519786	0.9785373650283914	13.690355603753474	5.5333976531643705	12.454275148041432	4.908660257928709	9.250861436024255	2.9585756067710673	7.78404036017976
HIGADO_08	24.839006668893727	5.867792598213178	3.308830032688869	2.2846873829696124	1.6988087217208026	1.4266059671501967	1.1623222002450944	1.055521646664497	0.9639185638122096	13.413440322872342	5.618517923716519	12.96474859172044	5.402665651309469	10.873124548684912	2.723940427066184	6.396068752271841
HIGADO_09	29.864801441953926	6.752362824673989	3.4940003171886933	2.4364726206622676	1.8391336044574293	1.4855190227586028	1.2311078808593146	1.0118141479985265	0.9050950771399325	12.78095777411983	5.357300687862099	12.000383624247783	4.747686093164938	7.997206025940702	2.3294934109602554	5.766665446011894
HIGADO_10	26.76429768806503	5.9032216951649845	3.344824918738697	2.283790809228472	1.6961964758055095	1.417012258566065	1.141176033304701	0.9975960249627066	0.8710019957845601	12.665566920276945	5.087777952600384	11.604113770006911	4.317866274946831	8.967212344962254	3.01812552535328	9.92021931223263
HIGADO_11	28.490858959622333	6.603890983191311	3.574838200025263	2.442168785996009	1.8174682924120635	1.3988527120698013	1.299898124789905	1.0286831633876816	0.9351212138974481	12.921863588989883	5.223521759986242	11.945223521155304	4.497467901528916	8.62141300254767	2.410292216154908	6.788437574245236
HIGADO_12	26.221523982491114	5.987873608780406	3.3396748210583853	2.312556101133208	1.7622376582343637	1.377665273755266	1.1484113373353728	1.0016994444292977	0.8778078912170327	13.2227892396276	5.556238698789364	12.536636214621938	4.956052641627195	9.698425083899354	2.735440255376835	7.264967747623398
HIGADO_13	23.916534207637262	5.99812798522597	3.418581755474409	2.332891306467654	1.751890968753261	1.428274159910275	1.2326773934688198	1.086553990048676	0.9065140849738976	13.438669831141127	5.446079798392342	12.12013190230011	4.510310014919665	8.945739092779114	3.6317674089760033	9.83525609953116
HIGADO_14	24.441344459244117	6.0395514854166565	3.4101965453018295	2.4006913428424195	1.7498043144738722	1.4375249513527464	1.2431784134952688	1.046130410663491	0.912159945933146	13.316892449074544	5.319707783308099	11.567495801751011	4.180369931942693	8.487476122108676	3.540926361266646	10.906549681824703
HIGADO_15	24.946346203183904	6.074264021240779	3.446473920421304	2.375434096986752	1.7680287315816656	1.4973834775833677	1.2230791244591783	1.0725584680104217	0.9082255690420578	13.290145349273313	5.373299383473815	11.576715035635575	4.2991226850008335	8.622510317133031	3.1015158435857417	10.424897773388132
HIGADO_16	24.448581106286365	5.895790523309944	3.276674960674796	2.2672790117846504	1.7541221054103895	1.4413728063505873	1.1741873688307394	0.9844385044381806	0.8817680747799506	13.063425315322744	5.263326868760588	11.668519268167138	4.6315274081062325	8.726170527563252	3.4289370609590484	11.093879089255331
HIGADO_17	24.970961868781462	6.075982822506214	3.445232678393649	2.364453753383541	1.7553176376058897	1.4977265469075935	1.277379828040537	1.0670705319539293	0.9520793390773904	13.42266341489832	5.605946308424102	12.895743505416787	5.164971597623196	9.384983079609858	2.6745924592760697	7.444894628101663
HIGADO_18	21.78798587625259	5.355692063963821	3.0059935718961937	2.085800155799779	1.652173541090653	1.317362001674693	1.126048624926224	0.953314899065594	0.8189776153285153	12.479572157500222	5.221031399829746	12.533064362172746	5.216504546582346	10.529181367490526	3.6873190639749343	12.22997875245148
HIGADO_19	26.473018699722157	6.603339733617675	3.6154907307808153	2.4921945952726756	1.8758616346496009	1.5397258675127343	1.3311139743737646	1.098782707265061	0.9390867631784946	13.508925778252168	5.509636636626364	11.949254895498232	4.389304835409227	8.503564486357927	3.004598616680946	7.16610004480204
HIGADO_20	30.035921599633664	6.875200974015461	3.6932031945203447	2.5187389773050053	1.8378909722712868	1.5408982475415522	1.2240252431736032	1.1427306433463331	0.9738920174150059	13.669938840358032	5.3784921954180485	10.610115698291068	3.97852799654008	7.556070650609842	2.5868057931143036	6.377546956446311
HIGADO_21	24.0059080229633	6.04023919023288	3.333538529146543	2.3969915521373637	1.8347610982791949	1.4899629058970858	1.2373710025672178	1.1302112682439833	0.8899108941173371	13.664883866858213	5.404191866004275	12.2234304743335	4.642745112590844	9.401020627228101	2.8934456790941696	9.411387910305763
HIGADO_22	27.70831495997833	6.614099820023818	3.624212615153408	2.449128798282521	1.8481566839120092	1.4788705026280988	1.2566264479589697	1.010521580357493	0.9234198309035222	13.063728644791006	5.157178373211075	11.067327346649481	4.4416634890324955	8.44316243211798	3.2251919182325395	7.688396556767155
HIGADO_23	26.695566865767095	6.3538619948822355	3.5568424882096035	2.467761363343507	1.8758134678306848	1.538712236621487	1.2673254317081721	1.0763651983951426	0.956302495511138	13.467921133566751	5.333204023537201	11.165347879666227	4.1732358500591555	8.440188719977455	2.8574732190962835	8.774077631827721
HIGADO_24	23.65349064861855	5.988028769547717	3.317488427257756	2.3583481235333634	1.8101395992655847	1.4645885172586515	1.2592481757493563	1.0831993437107155	0.9402200149480006	13.580242221785058	5.464494121495145	11.873811525066044	4.419742260767459	8.731995416372493	2.8525335669000933	11.20242926772392
HIGADO_25	31.684895167300457	7.34930828894117	3.986295383682166	2.6889851155833333	2.076813099891722	1.6289902430713328	1.36483055300196	1.2708024278548349	1.0450156006666482	14.737758831406634	5.662700037942444	11.773361984042205	4.216258320600299	6.520715348176889	1.7369875316149974	2.2562820662228535
HIGADO_26	30.932461438746937	7.390416507082325	3.94156628875734	2.661667985177009	2.0392121699114654	1.6530743290524292	1.41143151349064	1.1727530394886438	1.0341987819846417	14.458621105898928	5.514318519973651	11.903269079520166	4.324074737617339	6.931507438525452	1.3789994074796232	3.2524276572933544
HIGADO_27	26.3829221065091	6.548095061998985	3.718624995386863	2.610821730551112	2.065144154021594	1.673259168580714	1.341331162287589	1.0967038650534828	1.000368740734691	14.75661118088766	5.905125972851771	12.937627309679863	5.02872022309409	8.445413382636547	2.546854018279617	3.942376927446335
HIGADO_28	29.788200238930067	7.285430789256359	4.022454028420255	2.6981876654652126	2.0523951748258225	1.645577800999717	1.3637180089745828	1.17172890861955	1.0245291766742424	14.830070798070658	5.750511106766244	11.565431873210501	4.415694021010905	7.009022562406944	2.0433515751873585	3.3336962711814913
HIGADO_29	30.021254820407535	6.9298534806487275	3.776429801163081	2.5301293739732373	1.9533338971718595	1.478987192459471	1.2808483405055673	1.1182929402431478	0.9362350913359049	13.785378516508207	5.26293363282599	11.315602763392738	4.4318329337677005	7.4119499439339265	2.1488613823978153	5.61807588926521
HIGADO_30	28.239285412253682	6.753372828012699	3.803016043762606	2.6087394006647178	1.9192602676989499	1.5941175814636401	1.413704531735715	1.1528230030270157	1.0398255775161467	14.223680679720951	5.611516796529937	11.312904658407557	4.207592910839685	7.531432646505628	2.9068386241596413	5.681889037701296
HIGADO_31	31.96820662546979	7.06253554507949	3.859821667958416	2.5515328292657387	1.97981687557188	1.6114596177890166	1.294940899543557	1.1415145654322916	1.0010053338698037	14.333930835492051	5.409739605570604	10.958551045760771	4.019538658857447	6.7177623123528525	1.7890025258683897	4.300641056117885
HIGADO_32	30.623345072579827	7.148660107549058	3.93929759057064	2.71660834387606	2.0729440855764114	1.6700711571528402	1.3874938485437458	1.1887563476687921	1.0305426796522594	14.940617699118192	5.631188720962372	11.617450601154475	4.297684063766648	7.082172712078832	1.9532981158381622	2.699868853911769
HIGADO_33	27.113879237329325	6.6160417727703535	3.657736895818654	2.4717748584901433	1.8724484810054853	1.559055146300271	1.2785795458088818	1.1440344607916535	1.008925227172238	13.986233573152616	5.596053392138016	11.984610902746633	4.533983646045407	7.7009604782191525	2.569157942587407	6.906524439623847
HIGADO_34	25.24125635794	6.240604679743022	3.425930287874588	2.412860400967345	1.826045949618772	1.5295483608836142	1.3161308374529614	1.1122325496802365	0.9371374846401879	13.735160233673286	5.465131882804337	11.932045936203721	4.510374466894535	9.028748095861973	2.939484708273191	8.347307767488363
HIGADO_35	27.641493396309098	6.809107226471431	3.60237224195275	2.5140874501922514	1.8320982435745512	1.5124329258321487	1.257550071232324	1.0111869301623169	0.9439462209841001	13.18184795961344	5.135445722451024	11.63563061178403	4.377716006691404	8.267641701396883	1.9375324341615954	8.339910857190427
HIGADO_36	25.84170967142802	6.593252317470282	3.5614440798430014	2.4742639985733845	1.9020265101306715	1.4751608006790549	1.3120200264080377	1.0614669253294036	0.9718589881487303	13.7960000897912	5.622350368730855	12.21516998199746	4.390355392631174	8.428286042638417	2.7974252004501534	7.557209605750084
HIGADO_37	32.405731745451554	7.166282058170754	3.9027046108092773	2.6522077664941834	1.9143868476020731	1.5616399561146526	1.2903119252817679	1.1558832587260992	0.940699031566498	13.814671327878521	5.307634685949682	10.8308416477291	4.131460412210326	6.978936109912713	2.260444359195865	3.6861642569068014
HIGADO_38	30.398070030577646	7.619741739383172	4.119780236003958	2.67751911490114	2.0719411284828317	1.6433721816363402	1.374802253382388	1.1240692104539427	1.0580745471309159	14.188521351631811	5.2287251186025365	10.490719522191466	3.746148894438857	6.903663296368434	2.6780754865271876	4.67677588828751
HIGADO_39	27.540832783776782	6.679028418337618	3.6871938947541887	2.6010313474445894	1.849274128875526	1.573302206593248	1.2501972235254686	1.0650068442998446	0.9361027677801642	13.83562479353089	5.496766855307157	11.94538713095377	4.663336800581323	8.277144552852503	2.4261777822589097	6.173592469127978
HIGADO_40	27.392072241933953	6.490335067804817	3.682822034101834	2.4535060850776085	1.8568722939146303	1.491859832849693	1.2580990542979402	1.0580916288039128	0.9193783134154329	13.555019634504317	5.418231738690982	12.655328309499362	4.8768169154081	8.42302379342863	2.536473960269534	5.932069095999316
HIGADO_41	24.942365953147345	5.90958793462327	3.384415215880563	2.2658551402746014	1.745501357396696	1.3780379436137489	1.1677830382774526	1.0102375130793946	0.9019751242895944	12.864258667254694	5.229339488765087	11.886178852241267	4.761007381532976	9.515806983596452	2.82431868290708	10.213330723119778
HIGADO_42	26.37628097321682	6.13498779722415	3.3525551349939855	2.3654648856437603	1.779178583863867	1.4408424329690024	1.2238869148081282	1.0713524449763903	0.9054813969416813	13.300325442829147	5.416797573863439	12.163312690207777	4.746491347446351	9.09394338288558	2.5848773747713842	8.044221623358677
HIGADO_43	26.878235887576317	6.350519143807078	3.6084357269663525	2.4467466612892412	1.8902561785139869	1.4641507540687533	1.283900089234914	1.1396461921874887	0.9873065829547863	13.654795012046703	5.436430735184949	11.27957966512583	4.1710544740401865	8.868520675926183	2.469821054964921	8.070601166112395
HIGADO_44	26.731257402584706	6.255059844239912	3.4330140889531617	2.3848890931236864	1.8677091702934812	1.4379963932616646	1.2172100262540826	1.0555879125158383	0.9219064135492111	13.312718224898218	5.426783778845675	11.628397731865386	4.935636420189588	8.81076695564894	3.072109768296066	7.5089567754803435
HIGADO_45	24.286781000224167	5.695601446824507	3.165305988985117	2.149076025919701	1.62788054556227	1.3202067603314733	1.0719820452189937	0.9706976902985902	0.8536767797194493	12.264416761209274	5.205609415451984	11.76274035575316	4.917671037136934	10.103563333460313	3.679482748689193	10.925308065215
HIGADO_46	26.746971997732665	6.597296769362368	3.5922993223438087	2.429964797348504	1.8899653967985368	1.4822777151375084	1.2978186224818165	1.0960605632026892	1.0016175235160252	13.809938646098436	5.522527362465332	11.92962796805826	4.319430747970253	8.93362621556249	2.1935004543616614	7.157075897559609
HIGADO_47	26.787943603120773	6.075551795659613	3.2882398883755353	2.2934952521981087	1.673372019027682	1.3702112116903027	1.1586499086807247	0.9606539279053576	0.911147169889151	12.928609073802551	5.161595781447839	11.154856191731929	4.224521944826527	8.882403303684976	2.926227940864099	10.202520987094859
HIGADO_48	24.852837246881844	5.447530503307615	2.962725706797795	2.052702546809933	1.5206622690471272	1.2426282082657727	1.0346793308089555	0.8999468973915006	0.7712340868099842	11.489916876519331	4.80409598207052	10.726039324885827	4.859906653377469	10.602240056280275	3.6619300112143214	13.070924299531752
HIGADO_49	24.484756198732097	6.153874311310007	3.51195516133425	2.4433170610295014	1.8602148964320449	1.5215506306163133	1.224429340454755	1.0725402486605484	0.9113166203073401	13.444579909813864	5.319158514943901	11.631319296012089	4.257047333197295	8.584624092482008	2.9705397668735944	10.608776617800366
HIGADO_50	26.935981124726194	6.498525266970175	3.6383499867819302	2.5910898793308084	1.9818940520334634	1.5645947139394656	1.3199262509500482	1.0765140185975084	0.9576984799324364	14.279476840951123	5.592603284255823	11.541186149893838	4.177777337076079	7.73620997014754	2.1085860768499964	7.999586567563534
HIGADO_51	30.861043399055728	6.5757865502887185	3.395563358852341	2.3027467617129234	1.7526643229607688	1.484413560412942	1.1205171486612886	1.0344216247028273	0.8951502030348817	12.684942309726106	5.276401857182535	10.916928485583094	4.214697782336415	7.86942738822114	2.5833251459970943	7.031970101271224
HIGADO_52	25.746966758917967	6.021668300715543	3.3952360885531205	2.285340996003781	1.7091592237725644	1.3716704291468826	1.214010150000262	1.0101262106423163	0.8462239242507277	12.972106061670305	5.221133233316812	11.432483642398912	4.329229849007677	8.192184880605359	3.203408704951146	11.049051546046504
HIGADO_53	29.135787231438048	6.704356429023882	3.6779854815492485	2.4263368837189767	1.9615464053936673	1.514130227575905	1.2847262229404872	1.1088174129547441	0.935097075236243	13.640938107402311	5.366184689018121	10.529288552265644	3.903492351905022	7.509658063826559	2.2533928079605436	8.048262057790545
HIGADO_54	28.039574553365824	6.945011128266541	3.8771000475463966	2.686057256190117	1.9699153706917252	1.5606233240883933	1.4207691122911397	1.1252182664181762	1.0020447809357833	14.612565452452998	5.715052612211243	11.67203827393683	4.308422239948964	7.871506352611307	2.3211997195095213	4.8729015095350645
HIGADO_55	27.72996817863507	6.348215648959106	3.429131317217478	2.2736600449175004	1.7717888953071403	1.4397282245515997	1.1983388471607574	1.0162043874977564	0.9214335155558074	13.776862579682824	5.524919964132934	12.021797139908598	4.773720850473473	8.143727660191129	2.2664677386667154	7.364035007142167
HIGADO_56	27.59636670845569	6.465459971573143	3.390477121880774	2.369186774667365	1.7254389995980977	1.4563518614893172	1.2190227364035506	1.024060342227227	0.8984919939657985	13.322639064426475	5.523054761616375	12.339200875847675	5.00829084702651	8.352721068815804	2.2545978857824505	7.054638986223713
HIGADO_57	22.332315085680115	5.164346181979616	2.8483482507221423	1.9817838488299502	1.5004752342366696	1.2924847585326662	1.0563394812977798	0.8759503605205113	0.7758161758460147	11.89307789838691	5.081022453021827	11.64161878164151	5.027585272815907	9.727706656635972	3.3535716518482093	15.447557908004134
HIGADO_58	27.635079475148146	6.519499559409479	3.5365878051582795	2.3765302967675455	1.9174632352793815	1.4578526494143758	1.22639109049337	1.0590650780106232	0.910513033944819	13.453086911593227	5.370960619899501	11.682430174658997	4.570689906821304	7.476239486443339	2.2610690368848974	8.546541640072734
HIGADO_59	27.228391471576156	6.771353487086879	3.681936903767947	2.572736088347809	1.9128321842406828	1.5539645480924706	1.2942887205819862	1.1544873104258617	0.9716002546752454	14.108934246000295	5.840238218380849	12.292626140936385	4.58608521422007	8.005407389587745	2.2063142479498707	5.818803574129506
HIGADO_60	26.113378924024605	5.789038736747532	3.0262357678084855	2.0255471736205353	1.6056705202536006	1.3109629063743113	1.047733462196555	0.9197481074533794	0.7992446137046534	11.825851372145513	4.834880086578525	10.073234021172988	3.6608847465785694	7.919232871904312	2.8235697069148213	16.224786982521834
MUSCULO_100	24.293947274782955	5.719752613308287	3.3551359194888706	2.382134339277599	1.900510992454945	1.381241144941887	1.2269321357380543	1.068444061696631	0.9914691155464932	14.197976229109535	5.8154473853984925	12.65526362283786	4.607820268575883	9.31783080734306	3.41924058106677	7.666853508432663
MUSCULO_101	28.82112286910467	6.8385201150027	4.027379419885929	2.859312830418558	2.1327314790213867	1.70687339917108	1.4351537246715373	1.2383624281460452	1.1026637960526144	15.553444278631174	6.008386919107444	11.955306029331252	4.129307645984382	7.079904463211887	1.4973975978682927	3.6141330043912423
MUSCULO_102	30.987575361861925	7.362813772203433	3.877345650103304	2.7291382583965973	2.0322091338178536	1.7725384846029486	1.3525115948837398	1.2125333673440237	1.073282603430542	14.876196841681747	5.369938232998393	10.691049986230526	4.098006953275279	6.9119096658265935	1.5848897723539983	4.068060320989078
MUSCULO_103	29.05594298292813	6.516810279928861	3.47899626048032	2.4156652745178846	1.8246927026283974	1.4884409078947474	1.209223783333966	1.058537610265824	0.9137615052526665	13.5472988026659	5.261657043394832	11.474683411315748	4.3057737684911395	6.884909425397562	2.108227263434537	8.455378978069318
MUSCULO_104	28.85496143224132	7.033983505701724	3.9048134362114255	2.728166584427831	2.0666764945517055	1.7079516785476014	1.4757849476561686	1.217346864180581	1.0944971141264885	15.415555025140584	6.1285780341943275	12.044727590806882	4.06688213922211	6.423442339729621	1.6100380562408625	4.226594757020674
MUSCULO_105	29.04631961628825	6.659348611801849	3.810341613317521	2.622112920079653	2.0027883272424054	1.609671185426315	1.3148488609068256	1.0886593671124967	0.985113021521839	13.756969558540868	5.2488112432975536	10.710810652471505	4.25467273064767	7.638473609655741	2.162446842500958	7.0886118391884665
MUSCULO_106	27.699158371244543	6.405588388371319	3.5435100649436286	2.4618641070901788	1.8185079853685078	1.5100405732676276	1.2886153138913254	1.0719499214143622	0.9410457706419031	13.488118823409916	5.067739314587917	11.606785489192037	5.126350927383783	9.72577507208228	2.781449920659871	5.463499956450986
MUSCULO_107	30.17184727276472	6.952839429746679	3.8946103318104837	2.6967784273944635	2.0555343657430463	1.6438270385745788	1.3983799542389301	1.2061773073832063	1.0270409302682117	14.313496530589784	5.511175621641259	11.040973343260339	4.151727631582219	7.305966046001528	1.592415207413262	5.037210561587522
MUSCULO_108	27.111885665506065	6.354258962073567	3.649247903422363	2.5583674969912926	1.9184569087233643	1.5590439117328432	1.384617204936227	1.150684497326824	1.0201288534556028	14.24695851822195	5.612039048884374	11.99776764116468	4.45404445545278	9.068188233078539	2.511986535000386	5.402324164029112
MUSCULO_109	30.50391580881298	7.630242430183322	3.9913013310947565	2.8802809402575615	2.1515735965381753	1.7772655836582583	1.3747238340501509	1.278270541683236	1.0873555227312648	15.546161487362781	5.967184094779367	11.748796720521494	3.9764526168354664	5.942487237792299	1.4138857506701048	2.7301025030286477
MUSCULO_110	32.068837594085906	7.267835776426107	3.9682617925386325	2.7313151335297348	1.9552765267122056	1.586238292250856	1.3195740138289633	1.1535821306871767	0.9778866171129929	13.703108168007837	5.322842509113848	11.399783148568558	4.531094791362142	6.608237818194092	1.9559716558158695	3.4501540317650417
MUSCULO_111	30.4116819419278	6.9979314857937664	3.7249731448584544	2.4935305131070415	1.8855124241544594	1.5777315420678106	1.273759339433749	1.0966918466049387	0.9970759920670385	13.56353925746316	5.1505465071922565	11.092690123019858	4.496667443666278	7.5357831725313424	1.6443845404175645	6.057500725694422
MUSCULO_112	28.69623508502807	6.722276214787169	3.81755224241792	2.625765444656938	2.0536818303137894	1.6125281139199619	1.3393689522556127	1.209077867313706	0.9713262487866134	14.414559740321906	5.564182309867915	11.385571818766014	4.483108551536132	8.114519180594828	2.1281431675945197	4.86210323183904
MUSCULO_113	33.344580774280615	7.89687751524519	4.038668851796749	2.7420039509703926	1.9789965913712164	1.6807985085138193	1.329793598915086	1.1983202932083974	1.0621938763727448	13.915515852704626	5.053892949163543	10.16540343468774	3.8565258598404704	7.181968057349359	1.7155046530924731	2.838955232487547
MUSCULO_114	28.341843358317714	6.353614057032869	3.3882794918161854	2.3881603487361387	1.7779674281705915	1.490262672675181	1.263615297571087	1.0799245880327217	0.9718117311223147	13.564649076144523	5.441515308504151	12.119873141286137	4.799588547562306	10.879132632635967	3.129912225675964	3.009850094716102
MUSCULO_115	29.63093662938861	6.5793580549959385	3.575518569982213	2.5173069619041923	1.9077345714103875	1.58863516551596	1.2766159008673161	1.1660526854341546	0.9618709236459813	13.876425851906282	5.412608650521002	11.577573672486437	4.397520291689787	9.525323730741684	2.5698178698616743	3.4367004696483217
MUSCULO_116	22.229498939298797	5.513769949730532	3.190841749534671	2.2899161479708154	1.7090992537053915	1.417526032856471	1.2058273651813345	1.0626407683204961	0.9184273823281581	12.976214661347813	5.247626524516813	11.79959032170683	4.939867413132663	11.620858637447954	4.422286649796238	9.456008203125025
MUSCULO_117	29.38499563074811	6.951533003477533	3.783209197377861	2.5538682011357547	2.0088039822971524	1.6123991770121329	1.3404189889935259	1.1536417651841828	1.003090131306715	13.982085842417593	5.276892539946458	11.318018356222556	5.381567392570373	9.841862574357657	2.1939930535669143	2.213620163385641
MUSCULO_118	29.687415210102603	7.143728534279696	3.9888226580661033	2.7587066764657555	2.1369704267462257	1.669950522191677	1.441184783609253	1.2345673934589745	1.0576152176442013	14.98046922482042	5.796172218143463	11.55601654465596	4.033413561919586	6.597059268869129	1.5171194861421264	4.400788272884792
MUSCULO_119	26.41202680530661	6.170533547854977	3.3392294249281216	2.3820671897000425	1.8937378072514282	1.4685631796288463	1.268785360241473	1.0754919396381086	0.9271450794884805	13.433710770551466	5.215228137234809	11.718804720140666	5.265983011927682	11.980880110442293	3.6143259403813772	3.83348697528364
MUSCULO_120	30.735695454092536	7.338919251326067	4.127670210687508	2.743465844100995	2.1271522337335527	1.7265436077277305	1.4044705865309273	1.2068718726628334	1.0832793251915576	14.468063046275216	5.3540969359760195	10.51566156880987	4.067689779068506	6.919110409925473	1.8806931872572856	4.30061668663374
MUSCULO_61	26.091527950402366	6.363050396401326	3.667642260343655	2.5237440841919665	1.9450606641120056	1.609470797968508	1.3121164090929678	1.1339361018825775	0.9968543064724321	13.929371802168184	5.402052158310653	11.592920613556585	4.530575468116512	8.182613696048342	2.248235246095456	8.47082804483638
MUSCULO_62	26.14000258653991	6.648185309219053	3.871462796554226	2.636474884084569	2.0954442175666834	1.7685276802210734	1.5349348070543063	1.2450532442775624	1.095456422766315	15.679705006934539	6.13474081185028	12.741562065036103	4.50893619470328	8.467417652039885	2.1136371203763837	3.3184592007759015
MUSCULO_63	29.154887053976985	6.79105320670666	3.8238407506127254	2.6741748480983834	2.0368826901628374	1.660398784270512	1.3421608481690783	1.1757714761910762	1.0032682687333627	14.317725011112481	5.409462735749386	11.110803005533887	4.116094237917903	7.603879336551469	1.8139235155185514	5.965674230694944
MUSCULO_64	28.262997977415193	6.854903754253053	3.813439175843568	2.5979247669072456	1.9985677726234374	1.589006376661741	1.3744354700461954	1.180215643039052	1.0136003609363742	15.147486254085473	5.950649951487157	11.557705836012273	4.1327897838604635	6.90422319725358	1.7119632939472278	5.910090385628015
MUSCULO_65	31.943436737541102	7.20661946514566	3.9590228775698892	2.7030595519749943	2.0918830489683526	1.6614108144868116	1.3521519916369982	1.2164100262941802	1.0178533117022512	14.695032872621692	5.743366607646608	11.21892883190784	4.016319778151118	6.118833655500368	1.297789789108596	3.7578806397434716
MUSCULO_66	32.68605702406384	7.615586068946133	4.10887855412129	2.8979885192677117	2.112792312329088	1.735848110953422	1.5136307251944046	1.2568221100840953	1.1486410617666383	15.223678276752631	5.605773361924494	10.803500759431643	3.8467036176335596	6.16899014291595	1.6790981809921224	1.5960111736229756
MUSCULO_67	28.622471542846874	6.690575846305134	3.6479879783309634	2.4952699613071547	1.986391061245993	1.6036652813262033	1.297356286524669	1.1173293893439555	0.9610952845622068	14.22265096010892	5.53819775426818	11.658057437569646	4.730566269549452	8.966892825345285	1.9289720666526635	4.532520054712749
MUSCULO_68	33.087122096020195	7.400093181347141	4.111564018870741	2.7632812923495775	2.081533877970075	1.66667473649105	1.3762832522626647	1.2064970337479437	1.0790702547968478	14.299025200912999	5.242666368377538	10.112120363759974	3.8490466262576613	6.450335381764654	1.5429307481002201	3.73175556697076
MUSCULO_69	32.459022808425985	7.002684246840891	3.927770670909879	2.5753658068443865	1.967410535690638	1.589773080905079	1.3453134462825025	1.17539084929452	1.0053757903759772	14.40862315931552	5.482715885847795	10.737424847511624	3.866783653447929	6.9956217275002	1.631762735696034	3.8289607551111415
MUSCULO_70	28.414434404847448	6.6131730750679925	3.7184502939729045	2.6576323146029353	1.9782136372416645	1.5551065140324476	1.316936404273355	1.1801317317274658	0.9413696603224836	14.039621166756127	5.443263873547095	11.292636189089809	4.561642597677626	8.480957509442652	2.2095323945380407	5.596898232860096
MUSCULO_71	31.940675902454817	7.553134347603193	3.969277904475619	2.81717861907006	2.15902820589725	1.6996303079746304	1.4280698664633644	1.2838458990049475	1.0736362651482882	14.94904591220439	5.46758971358028	10.633267054047007	4.0853114432428	6.20720513731586	1.6772778731270575	3.0558255483904984
MUSCULO_72	32.7438326590866	7.192231223439356	3.887082937803276	2.687192973781179	2.052823333754457	1.6185419405946695	1.3809990961566767	1.1171518330105834	1.0176984701719152	14.207133664337194	5.133231926622408	10.623431006392856	4.069308540409387	6.341147391766533	1.5857930010687125	4.342400001604279
MUSCULO_73	27.20135607782134	6.53691984535538	3.6649655740376623	2.5496979093204564	1.8563844347397291	1.570782658426794	1.2716464627869142	1.1057694150627195	1.0061863301352485	14.375098667505931	5.951485655352103	12.458999430007461	4.811785164009999	8.505172587290385	2.142938818989785	4.990810969157968
MUSCULO_74	32.180242881576184	7.499170883870983	4.130295401939805	2.786811195179	2.1985890310732414	1.704862933018203	1.4675345105227486	1.2200364661124663	1.0762934119685617	15.36094960533742	5.873408318537292	10.776704740796779	3.7067034195328343	6.455927989884419	1.6083121495511812	1.9541570610986887
MUSCULO_75	31.774909696208585	7.485792498671655	4.0255681865022295	2.796655100123314	2.113027399500225	1.7433454753849689	1.4602339312917216	1.3024969475624337	1.1266161091562719	14.854067571181092	5.4644284313682485	10.574192324343821	4.052097187335063	7.211884328765396	1.7190484223623042	2.2956363902427444
MUSCULO_76	33.759009054805155	7.900554433069798	4.368375683367593	3.0147956888869993	2.2125048383912542	1.7451028766096375	1.494285744211326	1.2262090178473362	1.1061368482506126	14.977106996805523	5.248455510956472	9.911279148530571	3.774968583673178	6.675715237314378	1.770129184162484	0.8153711531176395
MUSCULO_77	30.83798720615876	6.999937413675594	4.02685412718564	2.723485991994773	2.0350750714890484	1.6937723490513659	1.3826292071145032	1.1060295589340428	1.0650691551588503	15.095014387194361	5.935853275853417	11.51428349205162	3.8234401929921913	6.863487822974008	1.617113851177349	3.279966896994513
MUSCULO_78	26.192148333160336	6.359352394468227	3.601158112219047	2.557976112784467	1.856966907140211	1.5861771733311991	1.2977800545530211	1.1448124961443529	0.9606332746080729	13.884409245071035	5.558091232251355	11.104851558591387	4.455991864158023	8.073828196260822	2.267450293022469	9.098372752235985
MUSCULO_79	28.342404291181566	6.825492998560236	3.801831826988737	2.529578642255095	1.9731349389425377	1.5792521193484503	1.356712227436883	1.1581287089639485	1.0435043124299044	14.579229386081135	5.7013256630751625	11.57681006874908	4.518141161637826	7.761687516137231	1.7816788483399015	5.47108728987208
MUSCULO_80	31.01208370109746	6.908873448456003	3.713935927950654	2.6455144907266597	2.0074209181378344	1.571821207050526	1.3329483659256804	1.1814121680762149	1.0020359280304658	14.390004859083488	5.46886176432551	10.809628740153435	3.8800328687929424	6.646494245230168	1.7488150044241562	5.680116362538731
MUSCULO_81	30.720508077986015	7.155431417914539	3.922955765262533	2.6504062034862135	2.018594419977725	1.6416742178228023	1.300352334043934	1.1917920197577683	1.0179909161161027	14.263160741453232	5.330293971076034	10.947570735414605	4.378433300733394	7.134854664461832	1.718553872617682	4.60742734187556
MUSCULO_82	27.94584140969961	6.923540004301356	3.869960909939766	2.7058104311597586	1.9908299143480974	1.6841503475801816	1.4137482959744712	1.1391968752865185	1.0538177755899107	15.24480185242636	6.279350457134078	13.255677382731982	5.050374986952086	7.47039476234141	1.7961836891382421	2.1763209053958694
MUSCULO_83	25.400646562689804	6.228796248680939	3.5607177856765015	2.486561396244493	1.8186185252107012	1.4959029708738387	1.2531504253966397	1.0982451381728835	0.9368670600727044	13.771762480028826	5.284250013244823	11.504057367606507	4.5144159476370325	8.853246189979666	2.5817732829197664	9.210988605564799
MUSCULO_84	29.596488000240033	7.1602529660886995	3.9981923792315093	2.815290966817054	2.19293678012996	1.7284095014844139	1.478640908126207	1.2305197252388125	1.0735166085671437	15.375566974976607	5.614373342010878	11.206631983056187	3.9679157905898315	7.96022955354476	2.139463779075143	2.4615707408227627
MUSCULO_85	28.12992608612255	6.889748078785894	3.975490306023193	2.6622853045433135	2.046588505706606	1.6275071001565296	1.3678524805011745	1.2098440607827887	1.080644389286749	15.211468269418399	6.000329936149068	12.070054029696433	4.393126342299602	7.95366593187175	2.0171997161554196	3.364269462500579
MUSCULO_86	28.15707774205873	6.417406242002315	3.4667108277952927	2.33062698605617	1.8296454543376546	1.4490352500215777	1.2482722406425262	1.0749945309061653	0.8972740262517338	13.365063315131707	5.2075120675733775	10.577713765716103	4.172162940070488	7.579829604038501	2.308985158191373	9.917689849206461
MUSCULO_87	29.538525460381376	6.719948926520594	3.757362685769087	2.54918632947131	1.9329352645537816	1.652403101456143	1.3780106037691229	1.1639306565211505	1.0104903045676386	14.372895440083788	5.714929127512634	10.908266722859365	4.039180098238782	7.609043567825324	1.7863639691316509	5.866527741338198
MUSCULO_88	28.017468063272883	6.060376888573054	3.3356982644383573	2.3525434000317693	1.772466160104412	1.4004229472793572	1.2007963148031744	1.0318324244786516	0.9234294718625411	13.227000624743443	5.239946856758615	11.30540710163001	4.461478780887681	8.868774650337501	2.1634822726485576	8.638875778149814
MUSCULO_89	30.235633283161363	6.98120602030005	3.8954318389006746	2.6486430791151894	2.0621732182796273	1.6067777539357806	1.3866538538534352	1.147157202546669	1.036578999420002	14.581149559259218	5.416638102104968	11.023613754153716	4.151259960280442	9.61864063758872	1.99417091945569	2.214271817644317
MUSCULO_90	23.638796603817482	6.089578459544766	3.6594828816623175	2.6133317354336687	1.904579136279495	1.6168916817502037	1.4068578718375278	1.2359947457826468	1.0854593009469826	15.111263725105681	6.237990173703167	13.482835744826833	4.781208470608039	9.081063581314714	2.7876165931150125	5.267049294271429
MUSCULO_91	31.623289819376577	7.248042489133977	4.0841295459311215	2.8397666815730584	2.0937278460324213	1.8236831131278577	1.4167160237878116	1.1942949017504292	1.066300174095373	14.280887066439998	5.064117139326549	10.025610906441312	3.9921047971496537	7.333709693300651	1.6375929250422023	4.276026877490824
MUSCULO_92	33.926398777638816	7.477594451149922	4.047385834180451	2.946977471062598	2.2523007958992642	1.75075461749718	1.4501316583177528	1.274961695206429	1.0729742524464225	15.312339668893788	5.74931718179207	10.413446692156645	3.660964897740798	5.901111584455948	1.2027727085381448	1.5605677130240134
MUSCULO_93	28.887751140965644	6.672613646720274	3.8951090586233006	2.655952695625982	2.1054109193742585	1.6346718849652906	1.4231420944833635	1.209297042546356	1.1017123936856599	15.579982941828069	6.248744151669583	12.901586758981534	4.363279262997699	6.695799518445759	1.3516319634702634	3.273314525616949
MUSCULO_94	27.601234444857113	6.3602139481328965	3.5372857594054024	2.419181707561967	1.9105749926286792	1.5658917661191116	1.2362824336618257	1.0909703096216532	0.9586431797622813	13.736614252920228	5.513337316457924	11.56266295047123	4.601707483273029	8.816810614446489	1.9288545697207922	7.159734270959234
MUSCULO_95	27.014283516733776	6.378995761909156	3.570146478689748	2.5749611575041627	1.989393089436689	1.6279531093113735	1.3411123225309551	1.1331409446534462	1.0510048692552971	14.665494495276207	5.692619160449511	11.701942824474356	4.334661050105789	8.96366315292949	2.2658722863949032	5.694755780345051
MUSCULO_96	35.380110940096	7.382824344723692	3.7572463440048693	2.592916327800022	1.8952170050176003	1.4963124578158256	1.3141391364180164	1.0175566160863914	1.010844385841877	13.217839743526353	5.096325640841731	10.184720001012737	3.6627837156522536	6.117315921485445	1.4650393108370325	4.408808108840141
MUSCULO_97	22.889075802482353	5.127066210933902	2.812340599260556	1.9026355582962755	1.4896463855999973	1.1984919460615187	0.9619133935035665	0.8851861115965486	0.7254025275594566	10.947318254455586	4.307025674726052	9.933941920574359	4.182192198846367	8.468268222993627	3.7845892425191785	20.384905950590454
MUSCULO_98	33.68752533613992	7.397921700432075	3.924533800220631	2.4704075130873786	1.9269539972247278	1.5525570897491154	1.266396393780557	1.10314212275818	1.0254340405853477	13.756762458305923	5.573218550888542	11.597270384553928	4.251446410895636	6.586387363518198	1.4878499513713999	2.3921928864887088
MUSCULO_99	26.80558725339513	6.352565765909689	3.608980445617275	2.510099571417934	1.9869123313949268	1.5968213803532298	1.3715838044832493	1.1636375168313644	1.0121384499362092	14.347920820666602	5.522632006458458	11.503088501876443	4.530410516639949	8.930443334290986	2.426221098153629	6.330957202574821
