Sample	Known Splicing Events	Partial Novel Splicing Events	Novel Splicing Events
GRASO_121	1751335.0	47600.0	84528.0
GRASO_122	1977707.0	51696.0	94996.0
GRASO_123	1688934.0	46051.0	74970.0
GRASO_124	919930.0	22432.0	49390.0
GRASO_125	2047435.0	58493.0	100650.0
GRASO_126	1810426.0	47986.0	86215.0
GRASO_127	2292966.0	60929.0	107889.0
GRASO_128	1752990.0	47088.0	84908.0
GRASO_129	463942.0	13994.0	43271.0
GRASO_130	2135670.0	54512.0	91074.0
GRASO_131	2153000.0	54718.0	88657.0
GRASO_132	1816891.0	44299.0	71672.0
GRASO_133	2002665.0	48712.0	77718.0
GRASO_134	1250019.0	28451.0	48218.0
GRASO_135	1173618.0	28360.0	54232.0
GRASO_136	1786787.0	45809.0	73999.0
GRASO_137	640351.0	13863.0	41154.0
GRASO_138	1639576.0	40861.0	75827.0
GRASO_139	1102747.0	26573.0	62934.0
GRASO_140	1864894.0	48678.0	89357.0
GRASO_141	1601538.0	40844.0	82016.0
GRASO_142	1928338.0	49611.0	85318.0
GRASO_143	592644.0	14327.0	46592.0
GRASO_144	432472.0	8212.0	32816.0
GRASO_145	3665697.0	122305.0	220854.0
GRASO_146	1239801.0	30694.0	62362.0
GRASO_147	1316898.0	33067.0	57387.0
GRASO_148	1668680.0	43468.0	69024.0
GRASO_149	1302765.0	30294.0	52616.0
GRASO_150	1951487.0	52582.0	93917.0
GRASO_151	1573221.0	40473.0	66967.0
GRASO_152	1938596.0	52129.0	94612.0
GRASO_153	1791139.0	45907.0	89066.0
GRASO_154	683206.0	14786.0	25411.0
GRASO_155	2271589.0	63472.0	112711.0
GRASO_156	892016.0	19884.0	35850.0
GRASO_157	1340136.0	31855.0	66160.0
GRASO_158	1206918.0	28696.0	51387.0
GRASO_159	2422080.0	66528.0	114019.0
GRASO_160	2044908.0	52766.0	85562.0
GRASO_161	1152158.0	28512.0	59492.0
GRASO_162	1747405.0	45206.0	82957.0
GRASO_163	1434946.0	34101.0	58644.0
GRASO_164	1222016.0	28687.0	51758.0
GRASO_165	1763944.0	46455.0	76239.0
GRASO_166	1476210.0	36563.0	65100.0
GRASO_167	906124.0	20118.0	46552.0
GRASO_168	1661037.0	39256.0	69416.0
GRASO_169	704627.0	22369.0	62138.0
GRASO_170	1752191.0	43446.0	73240.0
GRASO_171	1815850.0	45279.0	74718.0
GRASO_172	1108295.0	25852.0	42941.0
GRASO_173	1100900.0	24697.0	42184.0
GRASO_174	1558637.0	32617.0	49087.0
GRASO_175	1171798.0	27796.0	50883.0
GRASO_176	1514694.0	32820.0	52126.0
GRASO_177	1401345.0	30676.0	48782.0
GRASO_178	1745754.0	41798.0	74217.0
GRASO_179	1679713.0	45311.0	94444.0
GRASO_180	1585331.0	39486.0	70292.0
HIGADO_01	1211227.0	27684.0	38322.0
HIGADO_02	1525317.0	37336.0	52498.0
HIGADO_03	1310445.0	30686.0	42143.0
HIGADO_04	1290865.0	30283.0	43728.0
HIGADO_05	1402152.0	33916.0	44603.0
HIGADO_06	1429072.0	33188.0	46863.0
HIGADO_07	1735241.0	44486.0	62108.0
HIGADO_08	1371022.0	33509.0	46982.0
HIGADO_09	1259185.0	28274.0	41740.0
HIGADO_10	1382688.0	33044.0	47176.0
HIGADO_11	1647157.0	40199.0	56417.0
HIGADO_12	1488819.0	35273.0	52090.0
HIGADO_13	1847337.0	47215.0	65710.0
HIGADO_14	1856753.0	47659.0	64250.0
HIGADO_15	1852075.0	46594.0	62723.0
HIGADO_16	1262193.0	29164.0	41769.0
HIGADO_17	1687181.0	41598.0	58967.0
HIGADO_18	1708694.0	43585.0	63283.0
HIGADO_19	1666073.0	41428.0	55877.0
HIGADO_20	1354073.0	32160.0	43941.0
HIGADO_21	2152757.0	59662.0	83203.0
HIGADO_22	943199.0	20928.0	28700.0
HIGADO_23	1634826.0	41284.0	56274.0
HIGADO_24	1659747.0	43032.0	57645.0
HIGADO_25	1012600.0	21682.0	30254.0
HIGADO_26	1312351.0	31904.0	41531.0
HIGADO_27	1538950.0	39056.0	52265.0
HIGADO_28	1196309.0	26492.0	35612.0
HIGADO_29	1227634.0	27806.0	38393.0
HIGADO_30	1395350.0	33061.0	44567.0
HIGADO_31	1157511.0	26599.0	37314.0
HIGADO_32	1252961.0	28619.0	40224.0
HIGADO_33	1340739.0	31273.0	41861.0
HIGADO_34	1768326.0	45266.0	64940.0
HIGADO_35	1152423.0	27250.0	38717.0
HIGADO_36	1359476.0	32227.0	45025.0
HIGADO_37	1168586.0	26449.0	37474.0
HIGADO_38	1202448.0	27077.0	37069.0
HIGADO_39	1338385.0	31359.0	44070.0
HIGADO_40	1197251.0	28306.0	39221.0
HIGADO_41	1585560.0	40520.0	56694.0
HIGADO_42	1533795.0	38641.0	55593.0
HIGADO_43	1461012.0	38432.0	53080.0
HIGADO_44	1118182.0	27091.0	37740.0
HIGADO_45	1241983.0	30002.0	44389.0
HIGADO_46	1220774.0	27991.0	37938.0
HIGADO_47	1052941.0	24116.0	33727.0
HIGADO_48	1109920.0	26281.0	37760.0
HIGADO_49	1882948.0	46875.0	63625.0
HIGADO_50	1379949.0	31868.0	43266.0
HIGADO_51	1209219.0	27851.0	40888.0
HIGADO_52	1497739.0	35565.0	50290.0
HIGADO_53	1251190.0	28208.0	39565.0
HIGADO_54	1429644.0	32740.0	43604.0
HIGADO_55	1212793.0	27862.0	40023.0
HIGADO_56	1153733.0	25016.0	36248.0
HIGADO_57	1282243.0	29454.0	43330.0
HIGADO_58	1365041.0	30691.0	43079.0
HIGADO_59	1363190.0	30671.0	42867.0
HIGADO_60	1237673.0	28288.0	40550.0
MUSCULO_100	2032790.0	67368.0	112128.0
MUSCULO_101	1522921.0	46894.0	80839.0
MUSCULO_102	1020241.0	29172.0	54672.0
MUSCULO_103	999966.0	28805.0	59531.0
MUSCULO_104	1361814.0	39970.0	75792.0
MUSCULO_105	1271347.0	39496.0	70531.0
MUSCULO_106	957813.0	28223.0	53242.0
MUSCULO_107	1328698.0	40235.0	71978.0
MUSCULO_108	1687067.0	53581.0	91943.0
MUSCULO_109	1233957.0	35851.0	65273.0
MUSCULO_110	1192055.0	34820.0	62076.0
MUSCULO_111	1100955.0	31468.0	59295.0
MUSCULO_112	1254747.0	38159.0	68263.0
MUSCULO_113	1138697.0	33031.0	67174.0
MUSCULO_114	1046627.0	28762.0	60914.0
MUSCULO_115	1337528.0	40134.0	75190.0
MUSCULO_116	1664848.0	55415.0	92117.0
MUSCULO_117	946621.0	29124.0	50287.0
MUSCULO_118	1426496.0	44054.0	75557.0
MUSCULO_119	1065906.0	31856.0	58571.0
MUSCULO_120	1298734.0	38791.0	66804.0
MUSCULO_61	1565150.0	49866.0	85016.0
MUSCULO_62	1874645.0	61947.0	98826.0
MUSCULO_63	1732943.0	54876.0	92246.0
MUSCULO_64	1219344.0	36481.0	66841.0
MUSCULO_65	1066589.0	30736.0	60045.0
MUSCULO_66	1046596.0	29638.0	57628.0
MUSCULO_67	1005187.0	30124.0	57801.0
MUSCULO_68	986857.0	29698.0	56360.0
MUSCULO_69	1040809.0	29702.0	58943.0
MUSCULO_70	1051552.0	30505.0	59283.0
MUSCULO_71	1161730.0	33865.0	61171.0
MUSCULO_72	858431.0	24117.0	49239.0
MUSCULO_73	1392282.0	42944.0	76666.0
MUSCULO_74	1521502.0	44606.0	82525.0
MUSCULO_75	1324926.0	39716.0	69658.0
MUSCULO_76	1357592.0	37464.0	67797.0
MUSCULO_77	1910292.0	61144.0	103232.0
MUSCULO_78	1688334.0	54139.0	91455.0
MUSCULO_79	1417257.0	44045.0	77272.0
MUSCULO_80	1146473.0	33601.0	66542.0
MUSCULO_81	1242110.0	37241.0	66526.0
MUSCULO_82	1309278.0	41240.0	75710.0
MUSCULO_83	1659704.0	51946.0	90781.0
MUSCULO_84	1505809.0	45508.0	74928.0
MUSCULO_85	1448620.0	43759.0	78835.0
MUSCULO_86	1174819.0	35819.0	67390.0
MUSCULO_87	1383575.0	41144.0	74841.0
MUSCULO_88	1384221.0	44501.0	83036.0
MUSCULO_89	1078293.0	31164.0	57913.0
MUSCULO_90	2228303.0	76889.0	122006.0
MUSCULO_91	1571602.0	49492.0	78186.0
MUSCULO_92	1496016.0	46230.0	81088.0
MUSCULO_93	1425454.0	44235.0	81400.0
MUSCULO_94	1112799.0	33715.0	64773.0
MUSCULO_95	1528319.0	48079.0	81680.0
MUSCULO_96	1235008.0	36763.0	76687.0
MUSCULO_97	952455.0	27621.0	57583.0
MUSCULO_98	1436086.0	44354.0	85502.0
MUSCULO_99	1470351.0	47371.0	78861.0
