Sample	CDS_Exons	5'UTR_Exons	3'UTR_Exons	Introns	TSS_up_1kb	TSS_up_1kb-5kb	TSS_up_5kb-10kb	TES_down_1kb	TES_down_1kb-5kb	TES_down_5kb-10kb	Other_intergenic
GRASO_121	5534451.0	204691.0	1352032.0	7319039.0	102378.0	184093.0	164090.0	368431.0	523345.0	168640.0	1912851.0
GRASO_122	6218778.0	217660.0	1522764.0	9087442.0	113710.0	222619.0	200835.0	438048.0	652769.0	220965.0	2635558.0
GRASO_123	5262236.0	202919.0	1284340.0	5186476.0	91362.0	142427.0	124614.0	339032.0	458251.0	132839.0	1261508.0
GRASO_124	2823771.0	80789.0	666602.0	3137080.0	44439.0	91554.0	82524.0	176609.0	245252.0	84714.0	1055246.0
GRASO_125	6519579.0	231801.0	1580040.0	10659599.0	125088.0	250286.0	229327.0	448275.0	658231.0	220756.0	2351162.0
GRASO_126	5704182.0	231782.0	1418235.0	7021383.0	108091.0	170913.0	157155.0	376047.0	519918.0	158770.0	1732501.0
GRASO_127	7140484.0	262120.0	1755574.0	8173746.0	123696.0	207148.0	184873.0	477236.0	678867.0	206926.0	2390581.0
GRASO_128	5537607.0	201734.0	1397769.0	7967862.0	105571.0	195973.0	174521.0	385653.0	546724.0	174558.0	1878498.0
GRASO_129	1595562.0	133740.0	264863.0	1008086.0	61168.0	42974.0	37308.0	66446.0	86518.0	34349.0	514368.0
GRASO_130	6613626.0	226031.0	1578293.0	6295315.0	98890.0	163857.0	139512.0	402362.0	547603.0	154943.0	1740984.0
GRASO_131	6651403.0	248409.0	1571841.0	5589327.0	102002.0	143116.0	123711.0	384334.0	503510.0	139063.0	1624301.0
GRASO_132	5570992.0	190102.0	1309734.0	4360954.0	77485.0	119819.0	101602.0	324861.0	434250.0	117351.0	1266135.0
GRASO_133	6107311.0	207195.0	1461623.0	4447725.0	81884.0	120579.0	102623.0	358275.0	470497.0	123630.0	1344139.0
GRASO_134	3768900.0	106590.0	890214.0	3169142.0	45998.0	88512.0	76920.0	226362.0	309423.0	86906.0	962147.0
GRASO_135	3628804.0	106129.0	917029.0	4823499.0	58584.0	124362.0	109832.0	248763.0	349133.0	112157.0	1328355.0
GRASO_136	5556435.0	207378.0	1320353.0	4441861.0	86996.0	119087.0	100420.0	322615.0	419738.0	111015.0	1184175.0
GRASO_137	2018237.0	56477.0	501822.0	3962982.0	38426.0	95822.0	90642.0	143823.0	218839.0	85770.0	1185403.0
GRASO_138	5188374.0	193589.0	1276510.0	7268022.0	95705.0	166709.0	152427.0	346761.0	493245.0	159593.0	1977381.0
GRASO_139	3517359.0	114576.0	778331.0	6021186.0	66450.0	145213.0	135761.0	218997.0	330206.0	127201.0	1727050.0
GRASO_140	5872862.0	209141.0	1314266.0	8189986.0	106525.0	201211.0	180252.0	364548.0	532444.0	181627.0	2203771.0
GRASO_141	5081043.0	194932.0	1139157.0	7425823.0	98672.0	175348.0	159110.0	315156.0	456190.0	158947.0	2070913.0
GRASO_142	6047612.0	216116.0	1427727.0	7484552.0	105971.0	186699.0	163203.0	387806.0	547436.0	172326.0	2027889.0
GRASO_143	1919908.0	127344.0	379505.0	1271664.0	58487.0	45772.0	41016.0	94529.0	118109.0	39764.0	585304.0
GRASO_144	1347218.0	36792.0	283187.0	1135511.0	21060.0	41192.0	35243.0	75839.0	107061.0	36147.0	543894.0
GRASO_145	11676201.0	443526.0	2862752.0	18915758.0	257503.0	495669.0	431391.0	868666.0	1317045.0	450683.0	5064088.0
GRASO_146	3788391.0	112795.0	905449.0	4291746.0	57097.0	119386.0	104526.0	245890.0	344956.0	111272.0	1320762.0
GRASO_147	4007167.0	121131.0	967098.0	3531970.0	60041.0	114043.0	92635.0	263261.0	373477.0	117147.0	1092653.0
GRASO_148	5071580.0	158788.0	1216494.0	4195850.0	72207.0	120422.0	99748.0	325307.0	445684.0	125163.0	1262135.0
GRASO_149	3974526.0	118353.0	954081.0	3674016.0	51875.0	96404.0	84810.0	247722.0	337189.0	97015.0	1098977.0
GRASO_150	6016495.0	193636.0	1418849.0	7139428.0	95859.0	186344.0	163501.0	396503.0	569909.0	181803.0	2073579.0
GRASO_151	4768051.0	143898.0	1115187.0	3775138.0	63609.0	113457.0	94951.0	291866.0	393865.0	112193.0	1198742.0
GRASO_152	6007629.0	182380.0	1390639.0	8119742.0	98845.0	228519.0	198450.0	405267.0	609632.0	209072.0	2359683.0
GRASO_153	5642349.0	203634.0	1350030.0	7850117.0	102634.0	185865.0	171525.0	372483.0	536200.0	176156.0	2254788.0
GRASO_154	2091540.0	59126.0	517717.0	2142055.0	26865.0	51655.0	47838.0	128841.0	168669.0	47635.0	526413.0
GRASO_155	7113133.0	252334.0	1665046.0	9810690.0	131215.0	249593.0	222246.0	469068.0	678329.0	225821.0	2580682.0
GRASO_156	2690396.0	83934.0	634653.0	1409830.0	34208.0	45209.0	38851.0	151980.0	189086.0	48184.0	549829.0
GRASO_157	4161501.0	123365.0	986608.0	6244122.0	67510.0	150307.0	138467.0	276257.0	403269.0	140211.0	1790686.0
GRASO_158	3639544.0	95235.0	837929.0	3376808.0	47244.0	90317.0	79898.0	218199.0	295975.0	87571.0	1012879.0
GRASO_159	7536831.0	257071.0	1867547.0	9542513.0	130700.0	243163.0	212611.0	519791.0	746636.0	230692.0	2695805.0
GRASO_160	6261653.0	200205.0	1508566.0	5812645.0	88264.0	149318.0	131297.0	399905.0	549057.0	154499.0	1766773.0
GRASO_161	3556693.0	104464.0	862775.0	4747862.0	58921.0	127655.0	113185.0	239467.0	345604.0	117944.0	1400523.0
GRASO_162	5392719.0	168716.0	1310514.0	6312160.0	84751.0	167719.0	148225.0	363000.0	519316.0	164086.0	1920826.0
GRASO_163	4360308.0	137404.0	1084324.0	3315099.0	58251.0	91980.0	80838.0	282133.0	380907.0	101733.0	1103612.0
GRASO_164	3723975.0	110615.0	938741.0	3562994.0	59543.0	105920.0	84209.0	255531.0	361487.0	110170.0	1117999.0
GRASO_165	5393901.0	171903.0	1308752.0	4717011.0	78510.0	135794.0	114004.0	354346.0	490461.0	139161.0	1443479.0
GRASO_166	4508279.0	134826.0	1086137.0	4668656.0	66988.0	135676.0	116537.0	299048.0	425406.0	132597.0	1442272.0
GRASO_167	2831114.0	83008.0	724777.0	3387816.0	41870.0	86800.0	81588.0	197936.0	286913.0	93424.0	1159580.0
GRASO_168	5117622.0	167305.0	1273321.0	4570321.0	71734.0	119156.0	107810.0	336005.0	466039.0	131203.0	1541581.0
GRASO_169	2376675.0	188428.0	406907.0	1843799.0	86353.0	68175.0	61430.0	103286.0	136993.0	55467.0	788473.0
GRASO_170	5416641.0	170493.0	1366531.0	5858002.0	82379.0	161485.0	136647.0	373658.0	533239.0	157422.0	1647526.0
GRASO_171	5609906.0	179183.0	1441253.0	6770568.0	85835.0	163826.0	144579.0	394136.0	561799.0	166473.0	1832480.0
GRASO_172	3356463.0	93280.0	889056.0	2771946.0	44401.0	82235.0	67474.0	234034.0	321735.0	90183.0	848132.0
GRASO_173	3402258.0	103955.0	898203.0	3094302.0	44832.0	71852.0	66847.0	232490.0	322145.0	87704.0	987876.0
GRASO_174	4719624.0	119835.0	1222155.0	3387372.0	51110.0	86044.0	73181.0	302942.0	400073.0	96827.0	968777.0
GRASO_175	3557501.0	101141.0	913874.0	3560305.0	49805.0	95952.0	85096.0	240328.0	325663.0	96752.0	1139604.0
GRASO_176	4578711.0	134929.0	1221307.0	2970571.0	56704.0	80736.0	68808.0	286128.0	358615.0	88005.0	983284.0
GRASO_177	4281438.0	129261.0	1087656.0	3849419.0	56285.0	92069.0	80304.0	276924.0	377008.0	102551.0	1019796.0
GRASO_178	5416798.0	169694.0	1366306.0	7394786.0	85536.0	176504.0	159415.0	372773.0	530650.0	168783.0	2011185.0
GRASO_179	5460323.0	192549.0	1332854.0	13286892.0	124561.0	289597.0	270836.0	397782.0	615385.0	235927.0	2906181.0
GRASO_180	4954253.0	165589.0	1261411.0	7088639.0	85997.0	169969.0	150760.0	347944.0	499680.0	160016.0	1852508.0
HIGADO_01	3612509.0	120250.0	906203.0	857504.0	34176.0	31812.0	25746.0	195778.0	224411.0	42595.0	424401.0
HIGADO_02	4541757.0	157695.0	1129312.0	1161305.0	46034.0	44143.0	37697.0	247753.0	287818.0	57584.0	574638.0
HIGADO_03	3886947.0	125137.0	974801.0	827840.0	35161.0	33383.0	25978.0	213483.0	245049.0	44832.0	443028.0
HIGADO_04	3849074.0	128202.0	989863.0	1220107.0	39805.0	41623.0	35347.0	219834.0	256485.0	52222.0	553044.0
HIGADO_05	4155045.0	127927.0	1047137.0	908275.0	35719.0	36367.0	29709.0	225545.0	256332.0	48749.0	455930.0
HIGADO_06	4224228.0	134845.0	1012081.0	872011.0	36823.0	36483.0	30447.0	222696.0	258550.0	49482.0	476566.0
HIGADO_07	5160252.0	180685.0	1270597.0	1069652.0	52480.0	47907.0	38675.0	283665.0	330842.0	64676.0	615047.0
HIGADO_08	4069571.0	138514.0	983133.0	856686.0	40266.0	36785.0	30516.0	214382.0	246247.0	47727.0	475580.0
HIGADO_09	3751061.0	126549.0	949348.0	1196704.0	39400.0	40558.0	35084.0	210559.0	250218.0	51091.0	533845.0
HIGADO_10	4150405.0	160540.0	1031055.0	1444185.0	50393.0	46118.0	37269.0	229830.0	270644.0	54630.0	578623.0
HIGADO_11	4909437.0	178385.0	1212159.0	1198937.0	56142.0	48120.0	38997.0	275630.0	333092.0	64446.0	620913.0
HIGADO_12	4424254.0	152669.0	1074619.0	1320563.0	47520.0	47413.0	40648.0	240664.0	284773.0	59885.0	613207.0
HIGADO_13	5477381.0	200542.0	1332852.0	1039285.0	58281.0	46986.0	36358.0	299232.0	347842.0	64049.0	598481.0
HIGADO_14	5497883.0	184919.0	1368199.0	1089376.0	53941.0	46416.0	35017.0	303631.0	346140.0	62401.0	600197.0
HIGADO_15	5485088.0	193808.0	1318190.0	906800.0	53419.0	42648.0	32828.0	290810.0	336986.0	61955.0	560877.0
HIGADO_16	3717375.0	123913.0	875543.0	618441.0	33972.0	29696.0	24024.0	189065.0	212491.0	40096.0	395912.0
HIGADO_17	5038283.0	167752.0	1246680.0	1236635.0	49941.0	48386.0	40215.0	283136.0	338417.0	68338.0	655849.0
HIGADO_18	5089630.0	187081.0	1261204.0	1451189.0	57503.0	56225.0	46980.0	289080.0	345307.0	74544.0	729171.0
HIGADO_19	4958127.0	174487.0	1244788.0	1114634.0	51643.0	44537.0	35332.0	283132.0	330063.0	61535.0	589460.0
HIGADO_20	4006366.0	136621.0	988268.0	788509.0	38410.0	32950.0	26201.0	213850.0	238590.0	42452.0	427878.0
HIGADO_21	6466531.0	244570.0	1583883.0	1953897.0	79197.0	75076.0	60958.0	363516.0	428216.0	91421.0	902200.0
HIGADO_22	2803981.0	96900.0	689740.0	515215.0	25340.0	20728.0	16215.0	146170.0	162505.0	28215.0	289299.0
HIGADO_23	4858613.0	173721.0	1212399.0	1280393.0	51804.0	47781.0	38993.0	276551.0	328844.0	64945.0	627914.0
HIGADO_24	4913629.0	182750.0	1150345.0	994305.0	51613.0	43163.0	32413.0	251815.0	290652.0	54486.0	524128.0
HIGADO_25	2985471.0	85673.0	735842.0	524932.0	22495.0	22847.0	19547.0	156403.0	177795.0	32919.0	314129.0
HIGADO_26	3902838.0	129989.0	968340.0	757888.0	36112.0	31893.0	25035.0	206642.0	230129.0	41895.0	405200.0
HIGADO_27	4573104.0	138246.0	1119300.0	1069729.0	39377.0	43645.0	36334.0	250758.0	296448.0	59142.0	554734.0
HIGADO_28	3520219.0	103572.0	875551.0	637693.0	27728.0	26652.0	21043.0	187720.0	213231.0	37237.0	353830.0
HIGADO_29	3644461.0	118039.0	911604.0	772025.0	32463.0	31187.0	24812.0	196051.0	222063.0	41537.0	394010.0
HIGADO_30	4132621.0	132964.0	1042697.0	970593.0	37556.0	35716.0	28931.0	227891.0	261751.0	48115.0	473978.0
HIGADO_31	3449003.0	112905.0	873826.0	787297.0	32194.0	30701.0	25884.0	186630.0	210568.0	41120.0	414210.0
HIGADO_32	3689437.0	113531.0	915004.0	733326.0	31038.0	30905.0	26031.0	197765.0	223853.0	42476.0	404087.0
HIGADO_33	3973586.0	129628.0	964523.0	665902.0	34879.0	30333.0	23161.0	209205.0	239581.0	42543.0	402082.0
HIGADO_34	5297063.0	173328.0	1339477.0	1919218.0	55699.0	66918.0	56845.0	306450.0	369428.0	82280.0	819878.0
HIGADO_35	3448313.0	119205.0	905868.0	747994.0	35378.0	31746.0	26472.0	201457.0	230449.0	42675.0	423383.0
HIGADO_36	4033474.0	128129.0	1055674.0	978993.0	37219.0	37659.0	29720.0	239036.0	281728.0	53919.0	492868.0
HIGADO_37	3492139.0	104985.0	923189.0	1303641.0	32839.0	39481.0	32882.0	207821.0	245615.0	49894.0	522101.0
HIGADO_38	3559742.0	107959.0	931961.0	684883.0	29743.0	29047.0	22638.0	208399.0	240646.0	43284.0	395935.0
HIGADO_39	3967083.0	128421.0	1026299.0	810397.0	36458.0	34822.0	28919.0	227706.0	264939.0	50326.0	460334.0
HIGADO_40	3558750.0	120883.0	921708.0	752140.0	34596.0	32050.0	26602.0	203562.0	236441.0	45758.0	420622.0
HIGADO_41	4737276.0	171359.0	1147191.0	1539796.0	53615.0	53547.0	42723.0	258363.0	299607.0	61750.0	659546.0
HIGADO_42	4588506.0	160640.0	1107596.0	1638227.0	50300.0	55723.0	47780.0	248520.0	294849.0	64174.0	680469.0
HIGADO_43	4354317.0	156578.0	1014049.0	976577.0	45432.0	43327.0	34872.0	226032.0	263037.0	52759.0	524572.0
HIGADO_44	3321095.0	112350.0	808174.0	714036.0	31559.0	30690.0	24905.0	177056.0	205471.0	40386.0	402301.0
HIGADO_45	3710603.0	126030.0	923101.0	1134077.0	37625.0	40761.0	33819.0	203552.0	235516.0	49577.0	529493.0
HIGADO_46	3595213.0	115334.0	833862.0	543864.0	31307.0	26680.0	20608.0	173883.0	195965.0	35419.0	340048.0
HIGADO_47	3108949.0	106141.0	776607.0	602495.0	29243.0	25084.0	19541.0	167020.0	190709.0	35201.0	342280.0
HIGADO_48	3324802.0	118979.0	843679.0	1219281.0	36575.0	37839.0	31218.0	185529.0	219083.0	45845.0	496306.0
HIGADO_49	5567232.0	189139.0	1358442.0	1190595.0	54918.0	48715.0	36486.0	300076.0	343482.0	61908.0	608048.0
HIGADO_50	4060717.0	134940.0	991412.0	809591.0	37352.0	33319.0	25730.0	214721.0	245970.0	43911.0	436892.0
HIGADO_51	3625823.0	120991.0	940563.0	1793414.0	39885.0	48235.0	41621.0	211849.0	253620.0	56057.0	637323.0
HIGADO_52	4438185.0	147428.0	1093310.0	1295364.0	43591.0	45607.0	37703.0	237888.0	274296.0	54982.0	581196.0
HIGADO_53	3697409.0	123596.0	933784.0	906041.0	35426.0	32673.0	25943.0	201744.0	230883.0	43797.0	441876.0
HIGADO_54	4209103.0	135498.0	1004497.0	629873.0	35140.0	30353.0	22619.0	216255.0	244351.0	42355.0	392947.0
HIGADO_55	3580483.0	124843.0	881548.0	636155.0	34657.0	29291.0	23199.0	184709.0	204059.0	37806.0	383564.0
HIGADO_56	3402508.0	106673.0	834148.0	625663.0	28483.0	27052.0	22299.0	179110.0	202637.0	37167.0	382994.0
HIGADO_57	3779117.0	130244.0	912820.0	731381.0	35837.0	31349.0	26612.0	193883.0	219738.0	41810.0	426535.0
HIGADO_58	4016573.0	127921.0	952277.0	708210.0	32913.0	30992.0	24644.0	202721.0	230795.0	42013.0	405862.0
HIGADO_59	4008509.0	126201.0	958495.0	647372.0	31945.0	29608.0	24639.0	202908.0	228522.0	41859.0	399519.0
HIGADO_60	3667664.0	118770.0	894572.0	986089.0	33927.0	35996.0	30338.0	193190.0	222277.0	44539.0	480670.0
MUSCULO_100	6194711.0	236958.0	1535542.0	2306752.0	81858.0	89602.0	78100.0	392391.0	505007.0	115422.0	1136272.0
MUSCULO_101	4570122.0	152614.0	1104027.0	1091858.0	47239.0	49113.0	43527.0	275810.0	349586.0	74606.0	686616.0
MUSCULO_102	3048431.0	99719.0	720830.0	596994.0	29385.0	29838.0	26558.0	170713.0	204661.0	42776.0	422116.0
MUSCULO_103	3002122.0	113065.0	767720.0	657411.0	35535.0	32180.0	28743.0	185432.0	223754.0	46423.0	481477.0
MUSCULO_104	4090243.0	134303.0	989724.0	1256412.0	42606.0	49737.0	44480.0	246224.0	310378.0	70070.0	676738.0
MUSCULO_105	3835913.0	138396.0	896140.0	988233.0	43785.0	44772.0	39456.0	221683.0	273658.0	60801.0	597445.0
MUSCULO_106	2883217.0	97254.0	681949.0	867815.0	31733.0	37458.0	32594.0	166090.0	202635.0	46429.0	490246.0
MUSCULO_107	4010120.0	132898.0	957206.0	1318743.0	43190.0	51843.0	46479.0	241139.0	308282.0	70733.0	682971.0
MUSCULO_108	5119083.0	184603.0	1215158.0	1707324.0	61632.0	69504.0	60321.0	306920.0	395465.0	90207.0	868952.0
MUSCULO_109	3686300.0	119087.0	874264.0	621086.0	34620.0	34018.0	30398.0	208958.0	252563.0	51026.0	494414.0
MUSCULO_110	3575179.0	119428.0	845530.0	1024438.0	36833.0	40971.0	36353.0	204765.0	252713.0	55578.0	552739.0
MUSCULO_111	3304051.0	107347.0	769841.0	949181.0	33667.0	39316.0	34516.0	187059.0	231162.0	52622.0	532087.0
MUSCULO_112	3763692.0	120702.0	867666.0	1049711.0	37929.0	46419.0	40706.0	216976.0	275244.0	63479.0	596388.0
MUSCULO_113	3441551.0	97472.0	865495.0	2516331.0	40006.0	72160.0	67657.0	232024.0	322516.0	92722.0	923474.0
MUSCULO_114	3162778.0	91909.0	742792.0	1416711.0	31946.0	49655.0	46593.0	192104.0	254373.0	65467.0	682659.0
MUSCULO_115	4052563.0	123420.0	973870.0	2445027.0	45953.0	75688.0	69199.0	258619.0	348977.0	94805.0	943779.0
MUSCULO_116	5060068.0	180427.0	1225401.0	1777701.0	61575.0	72963.0	63400.0	316333.0	412147.0	96509.0	914021.0
MUSCULO_117	2842102.0	86574.0	646668.0	865044.0	26495.0	34702.0	31453.0	160508.0	199413.0	45841.0	458222.0
MUSCULO_118	4287311.0	148488.0	1030983.0	908664.0	44817.0	43095.0	38486.0	253876.0	315333.0	65325.0	617772.0
MUSCULO_119	3203833.0	96825.0	736850.0	1028471.0	30526.0	41467.0	36552.0	186474.0	239932.0	55819.0	548394.0
MUSCULO_120	3899845.0	120101.0	916241.0	1156612.0	37569.0	45960.0	40634.0	227255.0	288948.0	64800.0	607192.0
MUSCULO_61	4721007.0	180278.0	1208722.0	1275786.0	58886.0	56181.0	49897.0	302279.0	379844.0	82639.0	757881.0
MUSCULO_62	5629627.0	171822.0	1354897.0	1855449.0	56239.0	73922.0	65367.0	356575.0	473949.0	107529.0	946411.0
MUSCULO_63	5221545.0	187181.0	1284279.0	1459437.0	62273.0	64575.0	55538.0	322798.0	410792.0	89444.0	817840.0
MUSCULO_64	3644495.0	126570.0	907977.0	644217.0	38461.0	35852.0	31907.0	222541.0	273875.0	55213.0	511922.0
MUSCULO_65	3204084.0	106396.0	827139.0	906104.0	33576.0	36790.0	33397.0	203192.0	251307.0	53822.0	535270.0
MUSCULO_66	3134632.0	90535.0	764663.0	1100306.0	29723.0	42318.0	38141.0	189202.0	242432.0	57223.0	584136.0
MUSCULO_67	3020275.0	104061.0	761690.0	671163.0	32053.0	32463.0	29972.0	185862.0	229399.0	48275.0	477984.0
MUSCULO_68	2959723.0	96253.0	715261.0	856495.0	30454.0	35873.0	32194.0	178629.0	223161.0	50617.0	500312.0
MUSCULO_69	3133305.0	100436.0	771919.0	1261181.0	33430.0	44625.0	39737.0	188618.0	236233.0	55902.0	603382.0
MUSCULO_70	3158479.0	106087.0	777744.0	710415.0	32096.0	34371.0	31174.0	191620.0	236558.0	50450.0	489914.0
MUSCULO_71	3485011.0	108676.0	849993.0	997950.0	34627.0	41387.0	37175.0	210691.0	262673.0	57082.0	561005.0
MUSCULO_72	2576808.0	83221.0	633029.0	686203.0	25938.0	29251.0	26513.0	152518.0	186655.0	41124.0	420523.0
MUSCULO_73	4185383.0	142903.0	998982.0	1093797.0	44681.0	46865.0	41839.0	247927.0	310736.0	67452.0	663703.0
MUSCULO_74	4604040.0	155619.0	1128604.0	1505143.0	50452.0	58466.0	52315.0	280582.0	356869.0	78623.0	783029.0
MUSCULO_75	3970286.0	132139.0	942599.0	999528.0	40087.0	43648.0	38895.0	230051.0	283601.0	61072.0	587132.0
MUSCULO_76	4061148.0	117218.0	1008533.0	1619222.0	38831.0	54790.0	49357.0	253770.0	327286.0	75791.0	722368.0
MUSCULO_77	5798469.0	193214.0	1417042.0	2588903.0	66455.0	86543.0	77682.0	370143.0	493472.0	119287.0	1125846.0
MUSCULO_78	5073063.0	191270.0	1208973.0	1268736.0	60727.0	56779.0	49453.0	299451.0	376271.0	81316.0	757149.0
MUSCULO_79	4259649.0	145791.0	1017140.0	1366105.0	48941.0	54373.0	48514.0	256295.0	327072.0	74671.0	721125.0
MUSCULO_80	3468247.0	128086.0	860702.0	1130369.0	40445.0	42415.0	38773.0	210764.0	260075.0	57788.0	611827.0
MUSCULO_81	3732393.0	136219.0	898111.0	802406.0	41588.0	39018.0	33280.0	215923.0	259036.0	53656.0	527537.0
MUSCULO_82	3957964.0	128633.0	986921.0	1780981.0	44618.0	59568.0	54372.0	258615.0	341605.0	83661.0	797175.0
MUSCULO_83	5014273.0	187633.0	1210655.0	1419254.0	60895.0	61315.0	52616.0	301014.0	378760.0	82942.0	795353.0
MUSCULO_84	4493220.0	133279.0	1060040.0	1489434.0	42544.0	57009.0	49399.0	267525.0	339228.0	75725.0	722214.0
MUSCULO_85	4352948.0	148135.0	1078405.0	1177827.0	46795.0	51312.0	45135.0	269397.0	343939.0	74512.0	695580.0
MUSCULO_86	3557451.0	139150.0	842332.0	863834.0	44214.0	40098.0	34884.0	207264.0	255063.0	54619.0	546363.0
MUSCULO_87	4180365.0	149626.0	1027420.0	1389936.0	48550.0	53142.0	47130.0	251888.0	315950.0	70449.0	709724.0
MUSCULO_88	4233015.0	171323.0	956919.0	1874561.0	58521.0	66271.0	58995.0	245209.0	321800.0	83454.0	858529.0
MUSCULO_89	3212009.0	85816.0	742932.0	916200.0	26492.0	37300.0	33861.0	189411.0	244192.0	53934.0	516389.0
MUSCULO_90	6750900.0	237389.0	1604829.0	2249999.0	79998.0	91395.0	79289.0	426502.0	567491.0	130744.0	1143360.0
MUSCULO_91	4719430.0	160436.0	1114667.0	1774264.0	52015.0	65074.0	56089.0	282666.0	360914.0	83481.0	795967.0
MUSCULO_92	4505929.0	125034.0	1073165.0	2441265.0	43960.0	73211.0	68177.0	284829.0	384807.0	96550.0	956023.0
MUSCULO_93	4281808.0	147671.0	1082341.0	1164262.0	45874.0	50117.0	45098.0	272964.0	348385.0	75975.0	716854.0
MUSCULO_94	3349145.0	115570.0	806621.0	1040200.0	37318.0	42589.0	38970.0	203487.0	259741.0	60926.0	588355.0
MUSCULO_95	4596338.0	156908.0	1105072.0	1422824.0	51724.0	59170.0	51721.0	276226.0	348553.0	77682.0	756269.0
MUSCULO_96	3774886.0	123271.0	940354.0	3416028.0	51081.0	90469.0	84505.0	252229.0	350817.0	107586.0	1177186.0
MUSCULO_97	2861795.0	129733.0	683705.0	767674.0	41978.0	33841.0	29135.0	157179.0	175598.0	39692.0	485760.0
MUSCULO_98	4393703.0	140635.0	1100125.0	4154093.0	59383.0	106439.0	101368.0	298669.0	421427.0	130242.0	1421452.0
MUSCULO_99	4437119.0	157437.0	1057396.0	1355698.0	50277.0	55276.0	49491.0	264138.0	330824.0	73656.0	734068.0
