	20	22	24	26	28	30	32	34	36	38	40	42	44	46	48	50	52	54	56	58	60	62	64	66	68	70	72	74	76	78	80	82	84	86	88	90	92	94	96	98	100
GRASO_121	1480.0	5204.0	18228.0	9869.0	9170.0	8398.0	13991.0	26867.0	18488.0	17450.0	16218.0	17595.0	21289.0	22599.0	24593.0	32225.0	34630.0	34806.0	42483.0	44392.0	51862.0	64118.0	74373.0	82304.0	95548.0	112644.0	133762.0	154511.0	177061.0	199191.0	218621.0	255372.0	306361.0	351179.0	390780.0	433349.0	525895.0	882818.0	3828985.0	11695827.0	25526229.0
	20	22	24	26	28	30	32	34	36	38	40	42	44	46	48	50	52	54	56	58	60	62	64	66	68	70	72	74	76	78	80	82	84	86	88	90	92	94	96	98	100
GRASO_122	1590.0	5199.0	17058.0	9752.0	9795.0	8364.0	11985.0	30412.0	21120.0	17945.0	17066.0	16480.0	21058.0	20559.0	21102.0	30887.0	33033.0	28075.0	31856.0	33354.0	38242.0	47086.0	54104.0	61905.0	73263.0	86389.0	105265.0	122209.0	142587.0	165528.0	185786.0	218851.0	265426.0	310231.0	361793.0	415351.0	516296.0	953991.0	4593525.0	14561029.0	32122903.0
	20	22	24	26	28	30	32	34	36	38	40	42	44	46	48	50	52	54	56	58	60	62	64	66	68	70	72	74	76	78	80	82	84	86	88	90	92	94	96	98	100
GRASO_123	2417.0	8570.0	30214.0	21659.0	24561.0	27136.0	31646.0	91045.0	72676.0	57869.0	50541.0	53719.0	74240.0	74008.0	77210.0	109720.0	120781.0	104760.0	141965.0	120526.0	123595.0	147413.0	158019.0	161700.0	170768.0	188547.0	221233.0	243842.0	283431.0	310696.0	335054.0	352693.0	424823.0	472530.0	553246.0	577304.0	686921.0	1036598.0	5219578.0	16517214.0	30866377.0
	20	22	24	26	28	30	32	34	36	38	40	42	44	46	48	50	52	54	56	58	60	62	64	66	68	70	72	74	76	78	80	82	84	86	88	90	92	94	96	98	100
GRASO_124	1276.0	6560.0	36019.0	16571.0	22869.0	35505.0	73382.0	342442.0	154564.0	89737.0	98663.0	94840.0	172191.0	123704.0	123489.0	179432.0	156194.0	116139.0	118577.0	98657.0	94660.0	92883.0	100088.0	112947.0	133530.0	142428.0	139265.0	157401.0	187165.0	214968.0	225512.0	252694.0	277854.0	295697.0	322251.0	347741.0	399229.0	598540.0	2155598.0	7288974.0	15065266.0
	20	22	24	26	28	30	32	34	36	38	40	42	44	46	48	50	52	54	56	58	60	62	64	66	68	70	72	74	76	78	80	82	84	86	88	90	92	94	96	98	100
GRASO_125	1704.0	5676.0	17952.0	10051.0	8580.0	7632.0	8764.0	16753.0	12167.0	10942.0	10460.0	11011.0	14464.0	14117.0	15055.0	21814.0	23412.0	20723.0	27009.0	27538.0	31668.0	40581.0	46979.0	52443.0	60123.0	72440.0	88548.0	105962.0	122624.0	141456.0	162455.0	192257.0	234430.0	271930.0	312220.0	361604.0	462005.0	873251.0	4463634.0	14276668.0	31348158.0
	20	22	24	26	28	30	32	34	36	38	40	42	44	46	48	50	52	54	56	58	60	62	64	66	68	70	72	74	76	78	80	82	84	86	88	90	92	94	96	98	100
GRASO_126	1493.0	5273.0	17250.0	10232.0	9142.0	8588.0	10552.0	25666.0	17523.0	14218.0	14040.0	14127.0	18683.0	17862.0	19184.0	28552.0	31792.0	29437.0	36293.0	35870.0	42643.0	53480.0	62626.0	71682.0	82552.0	97800.0	116248.0	137752.0	163625.0	190413.0	211865.0	247182.0	298921.0	337715.0	390840.0	437823.0	544068.0	872156.0	4104855.0	14048826.0	27110544.0
	20	22	24	26	28	30	32	34	36	38	40	42	44	46	48	50	52	54	56	58	60	62	64	66	68	70	72	74	76	78	80	82	84	86	88	90	92	94	96	98	100
GRASO_127	1762.0	5962.0	18952.0	11136.0	9546.0	8625.0	10518.0	21158.0	15301.0	14299.0	13489.0	14595.0	18493.0	18779.0	20070.0	29103.0	31551.0	30187.0	36317.0	39372.0	46313.0	57326.0	66713.0	75600.0	89486.0	105662.0	127060.0	149186.0	170265.0	194213.0	217536.0	256708.0	313051.0	360440.0	409644.0	470767.0	589994.0	1074461.0	5190176.0	16244001.0	34835794.0
	20	22	24	26	28	30	32	34	36	38	40	42	44	46	48	50	52	54	56	58	60	62	64	66	68	70	72	74	76	78	80	82	84	86	88	90	92	94	96	98	100
GRASO_128	1528.0	5223.0	18262.0	9912.0	8201.0	7581.0	9444.0	17156.0	13811.0	12960.0	12752.0	14107.0	16941.0	17956.0	20039.0	27221.0	31659.0	32980.0	46392.0	45131.0	51728.0	68243.0	80693.0	89730.0	104769.0	122662.0	145823.0	166412.0	191138.0	212098.0	233783.0	267782.0	325805.0	367984.0	420137.0	460000.0	559098.0	929166.0	4515879.0	14420305.0	28877218.0
	20	22	24	26	28	30	32	34	36	38	40	42	44	46	48	50	52	54	56	58	60	62	64	66	68	70	72	74	76	78	80	82	84	86	88	90	92	94	96	98	100
GRASO_129	1704.0	12789.0	58639.0	36912.0	66283.0	97381.0	181588.0	541428.0	309731.0	232610.0	214693.0	239279.0	301008.0	292141.0	265857.0	308899.0	290276.0	295814.0	310714.0	270763.0	278718.0	283872.0	292262.0	303332.0	328675.0	361862.0	355646.0	382320.0	416736.0	436873.0	442476.0	443310.0	513503.0	567999.0	618857.0	672719.0	723311.0	944846.0	2356763.0	8301246.0	13906526.0
	20	22	24	26	28	30	32	34	36	38	40	42	44	46	48	50	52	54	56	58	60	62	64	66	68	70	72	74	76	78	80	82	84	86	88	90	92	94	96	98	100
GRASO_130	1712.0	6360.0	20710.0	11323.0	10551.0	9198.0	11850.0	33062.0	24881.0	23909.0	23061.0	24197.0	35874.0	34170.0	35741.0	54063.0	59121.0	49354.0	55217.0	58778.0	63779.0	73864.0	84497.0	94376.0	107172.0	121344.0	146107.0	169237.0	195047.0	213658.0	236315.0	271053.0	319316.0	359356.0	410962.0	452096.0	547267.0	915078.0	3971053.0	12509186.0	26108867.0
	20	22	24	26	28	30	32	34	36	38	40	42	44	46	48	50	52	54	56	58	60	62	64	66	68	70	72	74	76	78	80	82	84	86	88	90	92	94	96	98	100
GRASO_131	1373.0	5018.0	15321.0	9310.0	7681.0	6812.0	7493.0	11422.0	9767.0	10100.0	10786.0	12210.0	14973.0	15353.0	16822.0	23371.0	27953.0	29297.0	35456.0	37337.0	43806.0	55721.0	66352.0	73495.0	83387.0	96259.0	119313.0	140335.0	163458.0	182276.0	206696.0	239031.0	287716.0	328687.0	375199.0	412268.0	519945.0	863581.0	4091593.0	12280073.0	25502058.0
	20	22	24	26	28	30	32	34	36	38	40	42	44	46	48	50	52	54	56	58	60	62	64	66	68	70	72	74	76	78	80	82	84	86	88	90	92	94	96	98	100
GRASO_132	1045.0	3857.0	12838.0	7535.0	7219.0	6264.0	9087.0	31824.0	22681.0	21154.0	21102.0	21011.0	39607.0	33407.0	32809.0	52751.0	56117.0	40103.0	42560.0	43470.0	45646.0	49225.0	55966.0	61672.0	68495.0	77584.0	93907.0	110458.0	128353.0	138582.0	153958.0	179800.0	213828.0	243191.0	275632.0	304865.0	379203.0	644076.0	2853942.0	9333529.0	19238752.0
	20	22	24	26	28	30	32	34	36	38	40	42	44	46	48	50	52	54	56	58	60	62	64	66	68	70	72	74	76	78	80	82	84	86	88	90	92	94	96	98	100
GRASO_133	1108.0	4064.0	12987.0	7631.0	6310.0	5630.0	6309.0	9456.0	8464.0	8823.0	9814.0	10885.0	12773.0	13326.0	15010.0	19931.0	23643.0	24012.0	28043.0	31213.0	37040.0	46574.0	55646.0	62902.0	72527.0	84369.0	105492.0	125009.0	146685.0	159808.0	179283.0	210173.0	252792.0	285848.0	322943.0	355972.0	442111.0	754418.0	3563343.0	11344291.0	23283854.0
	20	22	24	26	28	30	32	34	36	38	40	42	44	46	48	50	52	54	56	58	60	62	64	66	68	70	72	74	76	78	80	82	84	86	88	90	92	94	96	98	100
GRASO_134	1053.0	5268.0	30524.0	11692.0	15051.0	11797.0	25286.0	89959.0	60937.0	62100.0	57153.0	66905.0	118278.0	91462.0	92000.0	153716.0	127029.0	79814.0	81168.0	80232.0	76225.0	73036.0	81099.0	92280.0	105935.0	118393.0	137731.0	160858.0	186207.0	198309.0	221806.0	257210.0	303702.0	343411.0	379971.0	397976.0	468342.0	691246.0	2432224.0	7278059.0	15391697.0
	20	22	24	26	28	30	32	34	36	38	40	42	44	46	48	50	52	54	56	58	60	62	64	66	68	70	72	74	76	78	80	82	84	86	88	90	92	94	96	98	100
GRASO_135	1050.0	4333.0	18040.0	9048.0	12646.0	16132.0	49482.0	225340.0	86552.0	49153.0	43234.0	40277.0	57595.0	44455.0	47274.0	65190.0	61225.0	53132.0	53268.0	49971.0	50474.0	54422.0	60845.0	69938.0	79978.0	86901.0	96728.0	111816.0	128417.0	144703.0	160173.0	181792.0	211696.0	239164.0	271743.0	299634.0	353267.0	576650.0	2325853.0	7593606.0	16628335.0
	20	22	24	26	28	30	32	34	36	38	40	42	44	46	48	50	52	54	56	58	60	62	64	66	68	70	72	74	76	78	80	82	84	86	88	90	92	94	96	98	100
GRASO_136	1164.0	4871.0	16494.0	8952.0	8029.0	7615.0	8663.0	15546.0	15728.0	15648.0	16366.0	19467.0	25347.0	25200.0	28052.0	38224.0	45531.0	45072.0	55757.0	56834.0	62501.0	76934.0	91386.0	100727.0	116303.0	133890.0	162225.0	186720.0	217457.0	233855.0	264065.0	299454.0	358754.0	396043.0	443595.0	467703.0	555569.0	828515.0	3467286.0	10275079.0	19740206.0
	20	22	24	26	28	30	32	34	36	38	40	42	44	46	48	50	52	54	56	58	60	62	64	66	68	70	72	74	76	78	80	82	84	86	88	90	92	94	96	98	100
GRASO_137	1909.0	10407.0	48998.0	33601.0	32068.0	71125.0	454248.0	2259683.0	818928.0	321434.0	191475.0	152640.0	264091.0	172609.0	194882.0	304623.0	264193.0	209205.0	212694.0	163109.0	127590.0	103080.0	101807.0	106318.0	122760.0	121751.0	125023.0	142350.0	165354.0	182036.0	200477.0	225338.0	257970.0	289636.0	322522.0	346107.0	396620.0	574281.0	1947370.0	6127685.0	13277966.0
	20	22	24	26	28	30	32	34	36	38	40	42	44	46	48	50	52	54	56	58	60	62	64	66	68	70	72	74	76	78	80	82	84	86	88	90	92	94	96	98	100
GRASO_138	1074.0	3493.0	11999.0	6728.0	5657.0	5542.0	5975.0	9290.0	11163.0	11949.0	10530.0	11870.0	15314.0	17565.0	19656.0	24886.0	31697.0	36556.0	50219.0	52508.0	61520.0	76277.0	92395.0	107169.0	129364.0	152756.0	180066.0	204770.0	220095.0	240397.0	262206.0	311703.0	365026.0	401627.0	417026.0	454125.0	539098.0	873714.0	3883406.0	11355286.0	23483264.0
	20	22	24	26	28	30	32	34	36	38	40	42	44	46	48	50	52	54	56	58	60	62	64	66	68	70	72	74	76	78	80	82	84	86	88	90	92	94	96	98	100
GRASO_139	982.0	3724.0	18371.0	8222.0	8924.0	7006.0	10397.0	26543.0	30605.0	29915.0	20642.0	19177.0	25164.0	28792.0	30025.0	41985.0	49344.0	38207.0	46782.0	45008.0	47610.0	55611.0	66365.0	75565.0	87867.0	104831.0	122522.0	144638.0	165503.0	179077.0	196015.0	226608.0	269377.0	298195.0	317478.0	346048.0	409338.0	655200.0	2473600.0	7820652.0	15979321.0
	20	22	24	26	28	30	32	34	36	38	40	42	44	46	48	50	52	54	56	58	60	62	64	66	68	70	72	74	76	78	80	82	84	86	88	90	92	94	96	98	100
GRASO_140	1580.0	5672.0	19420.0	10936.0	9739.0	8243.0	8958.0	13480.0	18520.0	20010.0	17293.0	17957.0	23148.0	24555.0	29507.0	31721.0	43040.0	44966.0	56038.0	61169.0	63162.0	75357.0	94690.0	112911.0	134631.0	158157.0	182734.0	222887.0	271273.0	282601.0	299108.0	340563.0	402997.0	476555.0	508768.0	538172.0	617926.0	1021309.0	4184992.0	14726234.0	27876957.0
	20	22	24	26	28	30	32	34	36	38	40	42	44	46	48	50	52	54	56	58	60	62	64	66	68	70	72	74	76	78	80	82	84	86	88	90	92	94	96	98	100
GRASO_141	1424.0	4864.0	16524.0	9377.0	8701.0	7156.0	8027.0	14406.0	15750.0	15319.0	13197.0	14017.0	18091.0	20548.0	21791.0	28493.0	37178.0	35669.0	46204.0	48558.0	55205.0	70146.0	87588.0	101393.0	121663.0	145595.0	177871.0	217134.0	254090.0	273605.0	299003.0	357139.0	427964.0	465521.0	483863.0	524678.0	613849.0	939806.0	3535560.0	11696449.0	21292350.0
	20	22	24	26	28	30	32	34	36	38	40	42	44	46	48	50	52	54	56	58	60	62	64	66	68	70	72	74	76	78	80	82	84	86	88	90	92	94	96	98	100
GRASO_142	1584.0	5825.0	19996.0	10715.0	9618.0	7931.0	9128.0	15789.0	22508.0	23032.0	16463.0	17508.0	21805.0	22712.0	27192.0	30199.0	42575.0	38842.0	48745.0	51341.0	54277.0	65806.0	82979.0	99755.0	116910.0	141544.0	166835.0	202697.0	239701.0	260545.0	286589.0	334511.0	395999.0	458176.0	484431.0	518796.0	607464.0	983535.0	3890852.0	12815614.0	24878434.0
	20	22	24	26	28	30	32	34	36	38	40	42	44	46	48	50	52	54	56	58	60	62	64	66	68	70	72	74	76	78	80	82	84	86	88	90	92	94	96	98	100
GRASO_143	1491.0	6977.0	41880.0	19461.0	23529.0	22157.0	32210.0	66806.0	82576.0	85250.0	67928.0	71843.0	87445.0	88108.0	102974.0	106691.0	140582.0	129702.0	161347.0	164346.0	160467.0	184775.0	222382.0	239707.0	278871.0	289801.0	324627.0	378434.0	431342.0	426879.0	407352.0	446665.0	535260.0	637359.0	669132.0	727661.0	833681.0	1039827.0	2557838.0	9013296.0	15737406.0
	20	22	24	26	28	30	32	34	36	38	40	42	44	46	48	50	52	54	56	58	60	62	64	66	68	70	72	74	76	78	80	82	84	86	88	90	92	94	96	98	100
GRASO_144	7501.0	33211.0	112935.0	104584.0	157149.0	261173.0	344366.0	846198.0	999191.0	1113996.0	782827.0	905092.0	1102101.0	1235798.0	1348420.0	1519379.0	1428152.0	1484589.0	1367833.0	1201252.0	1127949.0	1112914.0	1036224.0	1140690.0	1217956.0	1187940.0	1185812.0	1102211.0	1047214.0	1011076.0	1043960.0	1014144.0	996284.0	1018095.0	1006144.0	931138.0	848414.0	1006390.0	2176904.0	6174999.0	11867422.0
	20	22	24	26	28	30	32	34	36	38	40	42	44	46	48	50	52	54	56	58	60	62	64	66	68	70	72	74	76	78	80	82	84	86	88	90	92	94	96	98	100
GRASO_145	6146.0	22690.0	67898.0	40924.0	36162.0	36998.0	48036.0	124147.0	65438.0	53207.0	50757.0	50259.0	61134.0	66471.0	75538.0	93473.0	95333.0	109821.0	125793.0	126676.0	135027.0	153782.0	177660.0	212108.0	244047.0	276836.0	322242.0	380225.0	443248.0	511161.0	564801.0	656332.0	783275.0	900864.0	1035949.0	1194317.0	1492993.0	2881463.0	14416464.0	48653544.0	105350494.0
	20	22	24	26	28	30	32	34	36	38	40	42	44	46	48	50	52	54	56	58	60	62	64	66	68	70	72	74	76	78	80	82	84	86	88	90	92	94	96	98	100
GRASO_146	1851.0	9235.0	28816.0	19198.0	24210.0	37163.0	70242.0	252506.0	108508.0	79620.0	75863.0	74918.0	96395.0	98093.0	116075.0	146453.0	143262.0	153696.0	157611.0	140118.0	134516.0	135232.0	145127.0	167245.0	171263.0	190780.0	194913.0	238479.0	270175.0	257720.0	294801.0	324652.0	381163.0	420167.0	458001.0	501851.0	566846.0	920447.0	3305025.0	11549189.0	27067776.0
	20	22	24	26	28	30	32	34	36	38	40	42	44	46	48	50	52	54	56	58	60	62	64	66	68	70	72	74	76	78	80	82	84	86	88	90	92	94	96	98	100
GRASO_147	1543.0	7426.0	23214.0	17634.0	19898.0	44931.0	43596.0	210621.0	114165.0	74051.0	69584.0	59908.0	84545.0	88007.0	107817.0	138046.0	131745.0	122463.0	115824.0	92045.0	83305.0	76447.0	70023.0	72218.0	85668.0	93766.0	89728.0	104174.0	109596.0	121682.0	134309.0	153046.0	177337.0	201614.0	225317.0	253205.0	303402.0	537008.0	2396111.0	7915589.0	18154352.0
	20	22	24	26	28	30	32	34	36	38	40	42	44	46	48	50	52	54	56	58	60	62	64	66	68	70	72	74	76	78	80	82	84	86	88	90	92	94	96	98	100
GRASO_148	1725.0	8857.0	25683.0	21634.0	23632.0	39675.0	56031.0	268676.0	127239.0	86072.0	81687.0	74537.0	100590.0	104847.0	126258.0	164724.0	154953.0	161200.0	169848.0	117625.0	103128.0	92685.0	79434.0	75560.0	87396.0	105993.0	91587.0	102817.0	112424.0	124902.0	139094.0	156299.0	178791.0	204072.0	226041.0	258385.0	313847.0	610492.0	3069130.0	10553194.0	23664531.0
	20	22	24	26	28	30	32	34	36	38	40	42	44	46	48	50	52	54	56	58	60	62	64	66	68	70	72	74	76	78	80	82	84	86	88	90	92	94	96	98	100
GRASO_149	952.0	4255.0	12485.0	9543.0	11011.0	20726.0	26383.0	126022.0	55810.0	34634.0	29613.0	25385.0	33842.0	34744.0	41451.0	52741.0	50211.0	48050.0	48836.0	40012.0	37516.0	36703.0	37089.0	40217.0	47168.0	53166.0	55527.0	64830.0	72796.0	82143.0	90027.0	105638.0	124456.0	142577.0	158756.0	182556.0	222043.0	430010.0	2149352.0	7201394.0	16508575.0
	20	22	24	26	28	30	32	34	36	38	40	42	44	46	48	50	52	54	56	58	60	62	64	66	68	70	72	74	76	78	80	82	84	86	88	90	92	94	96	98	100
GRASO_150	2320.0	9453.0	26839.0	19512.0	18552.0	26194.0	35283.0	163704.0	76045.0	52345.0	49027.0	42909.0	57220.0	59555.0	68139.0	87695.0	82174.0	89593.0	94837.0	80525.0	78234.0	80890.0	84973.0	95277.0	112176.0	124666.0	136613.0	159699.0	185709.0	206329.0	229252.0	267080.0	310935.0	357190.0	391209.0	452481.0	535198.0	978102.0	4575806.0	15766143.0	35752242.0
	20	22	24	26	28	30	32	34	36	38	40	42	44	46	48	50	52	54	56	58	60	62	64	66	68	70	72	74	76	78	80	82	84	86	88	90	92	94	96	98	100
GRASO_151	1419.0	6693.0	19692.0	14602.0	16987.0	27069.0	41746.0	182657.0	75186.0	47610.0	44641.0	39912.0	52462.0	53276.0	62927.0	81099.0	74189.0	77113.0	81827.0	66533.0	61721.0	62527.0	64493.0	74185.0	86555.0	94922.0	104388.0	121975.0	142197.0	158902.0	174677.0	206319.0	245220.0	278332.0	303283.0	346850.0	407452.0	706306.0	3171259.0	10855105.0	25161977.0
	20	22	24	26	28	30	32	34	36	38	40	42	44	46	48	50	52	54	56	58	60	62	64	66	68	70	72	74	76	78	80	82	84	86	88	90	92	94	96	98	100
GRASO_152	1968.0	7205.0	20585.0	13487.0	12808.0	14036.0	19799.0	57418.0	33379.0	27512.0	28008.0	29681.0	38099.0	41614.0	44431.0	54729.0	54317.0	61760.0	69384.0	71224.0	77416.0	88907.0	101429.0	121483.0	141152.0	158323.0	178460.0	204668.0	234979.0	267383.0	295825.0	337646.0	382945.0	428621.0	475455.0	527713.0	622809.0	1048031.0	4324358.0	13775644.0	31170171.0
	20	22	24	26	28	30	32	34	36	38	40	42	44	46	48	50	52	54	56	58	60	62	64	66	68	70	72	74	76	78	80	82	84	86	88	90	92	94	96	98	100
GRASO_153	1482.0	5591.0	17016.0	10635.0	9901.0	10500.0	13579.0	32050.0	19871.0	16789.0	18565.0	20360.0	26311.0	28240.0	30995.0	37756.0	39459.0	46829.0	53049.0	53904.0	59589.0	67139.0	76935.0	90801.0	103138.0	116142.0	129895.0	149535.0	173738.0	196364.0	214351.0	238962.0	274857.0	308998.0	347511.0	389052.0	463425.0	801738.0	3599749.0	12591081.0	26287774.0
	20	22	24	26	28	30	32	34	36	38	40	42	44	46	48	50	52	54	56	58	60	62	64	66	68	70	72	74	76	78	80	82	84	86	88	90	92	94	96	98	100
GRASO_154	497.0	2921.0	8977.0	9687.0	19515.0	38387.0	56215.0	52087.0	41979.0	47181.0	41168.0	45499.0	78214.0	117403.0	48320.0	43816.0	30384.0	73308.0	31656.0	22754.0	19765.0	21417.0	27901.0	28426.0	28260.0	30393.0	35073.0	40543.0	44382.0	53079.0	61090.0	62702.0	65546.0	89985.0	91289.0	93682.0	107122.0	188692.0	847828.0	2874136.0	6311544.0
	20	22	24	26	28	30	32	34	36	38	40	42	44	46	48	50	52	54	56	58	60	62	64	66	68	70	72	74	76	78	80	82	84	86	88	90	92	94	96	98	100
GRASO_155	2489.0	9726.0	29094.0	19380.0	16258.0	19709.0	21180.0	68763.0	36418.0	26518.0	27085.0	24362.0	30678.0	32688.0	39534.0	52511.0	52130.0	61786.0	67585.0	59623.0	61540.0	68811.0	78337.0	92909.0	104980.0	119757.0	135741.0	158198.0	187540.0	216944.0	239714.0	273787.0	321036.0	364205.0	416466.0	475585.0	583085.0	1090366.0	5331078.0	18880411.0	39790268.0
	20	22	24	26	28	30	32	34	36	38	40	42	44	46	48	50	52	54	56	58	60	62	64	66	68	70	72	74	76	78	80	82	84	86	88	90	92	94	96	98	100
GRASO_156	1627.0	9182.0	46054.0	25443.0	38938.0	71688.0	252272.0	1131220.0	419418.0	235727.0	188015.0	181034.0	284881.0	191703.0	204999.0	327239.0	283127.0	197187.0	167579.0	131988.0	120075.0	105491.0	104092.0	105081.0	114767.0	109481.0	103400.0	113607.0	131981.0	139978.0	152086.0	168355.0	193385.0	207680.0	235011.0	252284.0	296861.0	465554.0	1847835.0	6220535.0	12234889.0
	20	22	24	26	28	30	32	34	36	38	40	42	44	46	48	50	52	54	56	58	60	62	64	66	68	70	72	74	76	78	80	82	84	86	88	90	92	94	96	98	100
GRASO_157	1891.0	10127.0	30869.0	27638.0	30942.0	55364.0	66183.0	315195.0	188959.0	124745.0	121664.0	109712.0	153245.0	162519.0	189234.0	244105.0	228177.0	213030.0	221046.0	156481.0	142369.0	132246.0	115010.0	108147.0	124833.0	162695.0	115167.0	126794.0	126809.0	139120.0	152763.0	163384.0	181263.0	207796.0	229737.0	257434.0	309071.0	571282.0	2670791.0	8854161.0	20159551.0
	20	22	24	26	28	30	32	34	36	38	40	42	44	46	48	50	52	54	56	58	60	62	64	66	68	70	72	74	76	78	80	82	84	86	88	90	92	94	96	98	100
GRASO_158	886.0	3207.0	9648.0	6504.0	5388.0	5329.0	6176.0	16825.0	11545.0	9252.0	9216.0	8910.0	11155.0	11994.0	12705.0	15454.0	15580.0	17179.0	17888.0	16875.0	15940.0	16539.0	18362.0	21774.0	26856.0	29479.0	33929.0	40030.0	49026.0	57909.0	66147.0	76177.0	90376.0	101984.0	117466.0	134687.0	178451.0	401932.0	2364395.0	8648378.0	18071932.0
	20	22	24	26	28	30	32	34	36	38	40	42	44	46	48	50	52	54	56	58	60	62	64	66	68	70	72	74	76	78	80	82	84	86	88	90	92	94	96	98	100
GRASO_159	1910.0	6400.0	19051.0	11186.0	9344.0	8405.0	9023.0	13674.0	11234.0	10376.0	11171.0	11810.0	14199.0	15778.0	17040.0	20837.0	21825.0	24849.0	30689.0	33587.0	37285.0	44719.0	52109.0	63273.0	73682.0	84380.0	99379.0	118660.0	142894.0	168823.0	188664.0	221284.0	265073.0	308224.0	360913.0	421441.0	532997.0	1058552.0	5480025.0	18595535.0	40898796.0
	20	22	24	26	28	30	32	34	36	38	40	42	44	46	48	50	52	54	56	58	60	62	64	66	68	70	72	74	76	78	80	82	84	86	88	90	92	94	96	98	100
GRASO_160	1496.0	5327.0	15753.0	10066.0	9567.0	10065.0	12174.0	19496.0	18479.0	17611.0	17766.0	19936.0	25803.0	28121.0	27430.0	31109.0	31508.0	35358.0	40746.0	42760.0	47584.0	54127.0	62711.0	73542.0	85627.0	97696.0	108928.0	125656.0	148596.0	172922.0	190495.0	219193.0	255833.0	293058.0	335101.0	383400.0	466214.0	838600.0	3839848.0	12930880.0	28130555.0
	20	22	24	26	28	30	32	34	36	38	40	42	44	46	48	50	52	54	56	58	60	62	64	66	68	70	72	74	76	78	80	82	84	86	88	90	92	94	96	98	100
GRASO_161	2122.0	12180.0	38934.0	25524.0	28843.0	40333.0	61684.0	211780.0	129711.0	89764.0	90013.0	94277.0	123861.0	125833.0	137534.0	162020.0	153918.0	165232.0	168186.0	137618.0	121054.0	110843.0	109426.0	120077.0	142120.0	164974.0	165360.0	189939.0	218543.0	249776.0	277768.0	315464.0	356596.0	396321.0	437678.0	474020.0	537980.0	783129.0	2592750.0	8083923.0	17233104.0
	20	22	24	26	28	30	32	34	36	38	40	42	44	46	48	50	52	54	56	58	60	62	64	66	68	70	72	74	76	78	80	82	84	86	88	90	92	94	96	98	100
GRASO_162	1816.0	7809.0	22526.0	15217.0	16092.0	20292.0	27765.0	91995.0	48443.0	33149.0	34033.0	34609.0	45104.0	47173.0	56084.0	68802.0	66506.0	68695.0	73984.0	62492.0	57284.0	54963.0	56096.0	61511.0	72366.0	84650.0	91069.0	107158.0	124143.0	144371.0	165809.0	195159.0	232060.0	267993.0	307627.0	356965.0	445157.0	838454.0	3960924.0	13346869.0	30082675.0
	20	22	24	26	28	30	32	34	36	38	40	42	44	46	48	50	52	54	56	58	60	62	64	66	68	70	72	74	76	78	80	82	84	86	88	90	92	94	96	98	100
GRASO_163	1550.0	8246.0	26956.0	23061.0	27805.0	58165.0	50884.0	211948.0	115544.0	74526.0	71105.0	60611.0	81908.0	87819.0	109427.0	141113.0	145566.0	131480.0	126104.0	98051.0	87727.0	77296.0	69323.0	65611.0	77113.0	95048.0	79052.0	90002.0	96048.0	108730.0	121487.0	139403.0	165382.0	190757.0	215718.0	249309.0	305853.0	560913.0	2635011.0	8991928.0	20006037.0
	20	22	24	26	28	30	32	34	36	38	40	42	44	46	48	50	52	54	56	58	60	62	64	66	68	70	72	74	76	78	80	82	84	86	88	90	92	94	96	98	100
GRASO_164	1610.0	7737.0	22918.0	17722.0	21352.0	41338.0	49960.0	200533.0	99737.0	69466.0	67550.0	64262.0	90149.0	94713.0	116717.0	153582.0	149075.0	142637.0	144125.0	111236.0	98476.0	84481.0	70600.0	66540.0	79239.0	104142.0	75576.0	84435.0	90397.0	100507.0	113275.0	126227.0	147292.0	167770.0	187277.0	212521.0	260892.0	469491.0	2177187.0	7377639.0	16716674.0
	20	22	24	26	28	30	32	34	36	38	40	42	44	46	48	50	52	54	56	58	60	62	64	66	68	70	72	74	76	78	80	82	84	86	88	90	92	94	96	98	100
GRASO_165	1885.0	9001.0	25703.0	20710.0	22974.0	44281.0	47838.0	216058.0	147566.0	97539.0	89472.0	78636.0	110063.0	121104.0	147627.0	196684.0	196430.0	181354.0	178985.0	141466.0	129934.0	119132.0	106868.0	106843.0	125230.0	156819.0	135340.0	158197.0	169374.0	193012.0	216767.0	246861.0	289520.0	329300.0	368005.0	411676.0	490617.0	837122.0	3559804.0	11627629.0	25798192.0
	20	22	24	26	28	30	32	34	36	38	40	42	44	46	48	50	52	54	56	58	60	62	64	66	68	70	72	74	76	78	80	82	84	86	88	90	92	94	96	98	100
GRASO_166	1686.0	8673.0	23817.0	19399.0	21528.0	41443.0	47431.0	203215.0	109311.0	77043.0	70339.0	62489.0	88298.0	94340.0	114476.0	151460.0	147505.0	137708.0	133626.0	102438.0	88960.0	78412.0	68985.0	68103.0	79776.0	93951.0	84374.0	97177.0	103881.0	118213.0	133270.0	152634.0	178283.0	204708.0	233598.0	265191.0	327237.0	597005.0	2738367.0	8982181.0	20482666.0
	20	22	24	26	28	30	32	34	36	38	40	42	44	46	48	50	52	54	56	58	60	62	64	66	68	70	72	74	76	78	80	82	84	86	88	90	92	94	96	98	100
GRASO_167	1910.0	7977.0	38771.0	22222.0	28223.0	37966.0	120837.0	695282.0	265382.0	116621.0	97255.0	87773.0	128926.0	94984.0	102910.0	151889.0	141064.0	113291.0	103365.0	86822.0	77499.0	69882.0	75465.0	82916.0	92866.0	99880.0	105526.0	120861.0	140276.0	158078.0	173859.0	199988.0	234237.0	267713.0	305288.0	330363.0	385369.0	595154.0	2252588.0	7118166.0	15875417.0
	20	22	24	26	28	30	32	34	36	38	40	42	44	46	48	50	52	54	56	58	60	62	64	66	68	70	72	74	76	78	80	82	84	86	88	90	92	94	96	98	100
GRASO_168	1516.0	6771.0	19386.0	13390.0	11430.0	14518.0	18303.0	65525.0	41090.0	30712.0	27771.0	24378.0	32484.0	35124.0	42727.0	58061.0	57956.0	66378.0	66819.0	54761.0	49805.0	51254.0	54594.0	62104.0	72250.0	82005.0	91772.0	107997.0	127405.0	146620.0	163800.0	189663.0	222552.0	255152.0	289055.0	324821.0	396987.0	669504.0	2927812.0	10455514.0	21457493.0
	20	22	24	26	28	30	32	34	36	38	40	42	44	46	48	50	52	54	56	58	60	62	64	66	68	70	72	74	76	78	80	82	84	86	88	90	92	94	96	98	100
GRASO_169	1345.0	7459.0	32935.0	19462.0	27889.0	38841.0	78554.0	326269.0	170503.0	119725.0	119034.0	112803.0	172768.0	145079.0	150504.0	208833.0	195518.0	162673.0	180822.0	152958.0	156588.0	160191.0	167658.0	182767.0	199905.0	223732.0	219077.0	240851.0	280572.0	303524.0	316140.0	335810.0	391816.0	440413.0	500851.0	552659.0	613349.0	856387.0	2772980.0	10364560.0	16944290.0
	20	22	24	26	28	30	32	34	36	38	40	42	44	46	48	50	52	54	56	58	60	62	64	66	68	70	72	74	76	78	80	82	84	86	88	90	92	94	96	98	100
GRASO_170	1240.0	4538.0	13996.0	8098.0	7126.0	7515.0	12014.0	46540.0	22629.0	15085.0	14377.0	13359.0	20526.0	16895.0	18201.0	25141.0	24332.0	21189.0	23152.0	22652.0	23920.0	26588.0	29917.0	34861.0	39994.0	45868.0	52331.0	61883.0	73404.0	85359.0	97998.0	114334.0	136602.0	162357.0	190942.0	224563.0	287055.0	588110.0	3089433.0	10253055.0	22699549.0
	20	22	24	26	28	30	32	34	36	38	40	42	44	46	48	50	52	54	56	58	60	62	64	66	68	70	72	74	76	78	80	82	84	86	88	90	92	94	96	98	100
GRASO_171	1409.0	5481.0	15654.0	10666.0	10454.0	15852.0	45449.0	212931.0	92408.0	58665.0	37112.0	28538.0	42724.0	37185.0	41331.0	61040.0	57070.0	48196.0	49972.0	45424.0	41875.0	39915.0	43198.0	48836.0	56013.0	63503.0	70370.0	83539.0	98195.0	113933.0	128701.0	150444.0	179424.0	211803.0	246834.0	282364.0	352496.0	679281.0	3339565.0	10736998.0	24056731.0
	20	22	24	26	28	30	32	34	36	38	40	42	44	46	48	50	52	54	56	58	60	62	64	66	68	70	72	74	76	78	80	82	84	86	88	90	92	94	96	98	100
GRASO_172	1754.0	8623.0	27947.0	24657.0	25217.0	69958.0	214513.0	1376922.0	461209.0	223509.0	174696.0	127858.0	236690.0	163180.0	184780.0	293367.0	262582.0	184815.0	175720.0	140581.0	107897.0	81422.0	76555.0	77823.0	89088.0	86684.0	83298.0	93577.0	102568.0	114206.0	124824.0	141468.0	164558.0	189566.0	215833.0	237537.0	284934.0	468688.0	1892527.0	6124652.0	13564198.0
	20	22	24	26	28	30	32	34	36	38	40	42	44	46	48	50	52	54	56	58	60	62	64	66	68	70	72	74	76	78	80	82	84	86	88	90	92	94	96	98	100
GRASO_173	1130.0	6048.0	18316.0	15040.0	16480.0	39895.0	108092.0	478788.0	198072.0	142479.0	83736.0	59630.0	86650.0	77992.0	90954.0	135925.0	122639.0	100026.0	96579.0	75744.0	60577.0	45811.0	42326.0	42814.0	48006.0	50764.0	48348.0	54264.0	61325.0	68421.0	76466.0	87942.0	104747.0	121905.0	141822.0	160420.0	197502.0	356173.0	1670449.0	5374049.0	11929285.0
	18	20	22	24	26	28	30	32	34	36	38	40	42	44	46	48	50	52	54	56	58	60	62	64	66	68	70	72	74	76	78	80	82	84	86	88	90	92	94	96	98	100
GRASO_174	317.0	599.0	1955.0	6472.0	4042.0	3052.0	2760.0	2730.0	3197.0	2927.0	2557.0	2550.0	2643.0	2729.0	2794.0	3004.0	3205.0	3794.0	4328.0	4777.0	5628.0	6067.0	7583.0	8955.0	9853.0	11270.0	13427.0	16100.0	19078.0	22298.0	26675.0	29368.0	34884.0	41728.0	50340.0	59549.0	70238.0	104747.0	353101.0	2339157.0	10931612.0	8609868.0
	20	22	24	26	28	30	32	34	36	38	40	42	44	46	48	50	52	54	56	58	60	62	64	66	68	70	72	74	76	78	80	82	84	86	88	90	92	94	96	98	100
GRASO_175	844.0	3819.0	14504.0	8188.0	9051.0	13168.0	25559.0	126555.0	55657.0	32416.0	32472.0	31046.0	52367.0	42130.0	46675.0	68030.0	64926.0	57239.0	57531.0	48987.0	46521.0	45805.0	50326.0	57748.0	68077.0	73924.0	80450.0	93051.0	110173.0	126019.0	141458.0	161551.0	185061.0	208686.0	237363.0	266369.0	315848.0	521398.0	2124875.0	7453344.0	15713377.0
	18	20	22	24	26	28	30	32	34	36	38	40	42	44	46	48	50	52	54	56	58	60	62	64	66	68	70	72	74	76	78	80	82	84	86	88	90	92	94	96	98	100
GRASO_176	364.0	848.0	2608.0	9533.0	6069.0	4945.0	4220.0	4378.0	6464.0	5502.0	4334.0	4202.0	4382.0	4779.0	4455.0	4936.0	5604.0	6656.0	7248.0	9325.0	10159.0	10583.0	13872.0	17479.0	19283.0	21103.0	25274.0	30599.0	35886.0	42355.0	51468.0	57776.0	66690.0	79029.0	92680.0	109260.0	123524.0	165209.0	449685.0	2645446.0	12753056.0	10049488.0
	20	22	24	26	28	30	32	34	36	38	40	42	44	46	48	50	52	54	56	58	60	62	64	66	68	70	72	74	76	78	80	82	84	86	88	90	92	94	96	98	100
GRASO_177	696.0	2256.0	6867.0	9335.0	4208.0	3332.0	4110.0	11272.0	9026.0	5623.0	4942.0	4791.0	6628.0	5509.0	6153.0	7331.0	9203.0	7726.0	8567.0	8330.0	9210.0	11205.0	13528.0	14447.0	16579.0	19725.0	23932.0	28154.0	32512.0	37149.0	42842.0	49406.0	59896.0	70880.0	81860.0	96024.0	130436.0	297737.0	1821684.0	5987608.0	12844302.0
	20	22	24	26	28	30	32	34	36	38	40	42	44	46	48	50	52	54	56	58	60	62	64	66	68	70	72	74	76	78	80	82	84	86	88	90	92	94	96	98	100
GRASO_178	1059.0	3562.0	10053.0	6011.0	5175.0	5382.0	8128.0	27700.0	13305.0	8640.0	8211.0	7574.0	10229.0	9514.0	10541.0	13716.0	14287.0	14303.0	16396.0	17319.0	18659.0	21851.0	25381.0	29671.0	34568.0	40774.0	48749.0	58719.0	70612.0	83093.0	96600.0	114463.0	138521.0	162306.0	191964.0	226358.0	287844.0	582616.0	2991551.0	9680403.0	21834677.0
	20	22	24	26	28	30	32	34	36	38	40	42	44	46	48	50	52	54	56	58	60	62	64	66	68	70	72	74	76	78	80	82	84	86	88	90	92	94	96	98	100
GRASO_179	1970.0	6654.0	19832.0	11691.0	9621.0	9806.0	21147.0	79511.0	39834.0	24185.0	18248.0	15720.0	22781.0	19592.0	21624.0	29994.0	30964.0	29360.0	33751.0	34685.0	37830.0	43665.0	50873.0	59277.0	69875.0	81239.0	96435.0	115960.0	139829.0	163493.0	188202.0	220960.0	264521.0	311239.0	365289.0	420146.0	516583.0	914165.0	4151684.0	13005280.0	29147880.0
	20	22	24	26	28	30	32	34	36	38	40	42	44	46	48	50	52	54	56	58	60	62	64	66	68	70	72	74	76	78	80	82	84	86	88	90	92	94	96	98	100
GRASO_180	1285.0	5134.0	15568.0	10052.0	10487.0	15992.0	37986.0	182240.0	78155.0	47530.0	32267.0	26887.0	40427.0	33894.0	37720.0	52771.0	51456.0	41410.0	42868.0	39082.0	38747.0	40401.0	45429.0	51133.0	58130.0	64846.0	72676.0	85708.0	101479.0	115477.0	129995.0	151983.0	182182.0	210941.0	244464.0	280199.0	348621.0	636568.0	3097765.0	9996388.0	21855663.0
	20	22	24	26	28	30	32	34	36	38	40	42	44	46	48	50	52	54	56	58	60	62	64	66	68	70	72	74	76	78	80	82	84	86	88	90	92	94	96	98	100
HIGADO_01	725.0	2474.0	7891.0	4728.0	4078.0	4113.0	4664.0	5828.0	5341.0	5853.0	6443.0	7761.0	9334.0	10244.0	11243.0	13464.0	15494.0	18709.0	23225.0	26022.0	29802.0	33994.0	39226.0	45031.0	52769.0	57060.0	67373.0	78179.0	85784.0	94881.0	95758.0	108767.0	129915.0	149356.0	168516.0	188095.0	239988.0	437055.0	2140772.0	7048407.0	15522748.0
	20	22	24	26	28	30	32	34	36	38	40	42	44	46	48	50	52	54	56	58	60	62	64	66	68	70	72	74	76	78	80	82	84	86	88	90	92	94	96	98	100
HIGADO_02	1219.0	4267.0	13002.0	7789.0	6904.0	6538.0	7747.0	14763.0	9947.0	9442.0	9780.0	10123.0	13090.0	13844.0	15269.0	19604.0	21739.0	25236.0	30074.0	34259.0	39153.0	42655.0	47819.0	55462.0	63016.0	69862.0	78007.0	89280.0	103489.0	116018.0	118723.0	131614.0	156732.0	177435.0	202794.0	225880.0	282239.0	588427.0	3096329.0	10663428.0	23973993.0
	20	22	24	26	28	30	32	34	36	38	40	42	44	46	48	50	52	54	56	58	60	62	64	66	68	70	72	74	76	78	80	82	84	86	88	90	92	94	96	98	100
HIGADO_03	1132.0	3746.0	11106.0	6581.0	5765.0	5534.0	6318.0	10658.0	7498.0	6836.0	7118.0	7574.0	9220.0	9881.0	10448.0	12089.0	13832.0	15803.0	19749.0	22388.0	25651.0	28904.0	32033.0	37814.0	43991.0	49406.0	55464.0	63655.0	73121.0	83957.0	83674.0	93530.0	111557.0	129305.0	151808.0	173527.0	219501.0	481340.0	2662208.0	9343314.0	20827147.0
	20	22	24	26	28	30	32	34	36	38	40	42	44	46	48	50	52	54	56	58	60	62	64	66	68	70	72	74	76	78	80	82	84	86	88	90	92	94	96	98	100
HIGADO_04	999.0	3710.0	11485.0	6955.0	6080.0	5721.0	6487.0	9554.0	7470.0	7213.0	7429.0	8159.0	10121.0	10792.0	11616.0	14225.0	16313.0	18994.0	23799.0	26857.0	30690.0	34023.0	38642.0	45050.0	51340.0	57183.0	66316.0	77231.0	88104.0	99314.0	100050.0	111442.0	136973.0	156668.0	183714.0	210112.0	257839.0	492366.0	2407259.0	8549786.0	19130478.0
	20	22	24	26	28	30	32	34	36	38	40	42	44	46	48	50	52	54	56	58	60	62	64	66	68	70	72	74	76	78	80	82	84	86	88	90	92	94	96	98	100
HIGADO_05	796.0	2659.0	7606.0	4566.0	3974.0	3842.0	4183.0	8139.0	5773.0	5170.0	5024.0	4935.0	5977.0	6227.0	6781.0	8478.0	9341.0	10553.0	13472.0	14901.0	16066.0	18215.0	20591.0	24308.0	27763.0	31413.0	36273.0	42760.0	49459.0	57003.0	59298.0	67060.0	80771.0	93912.0	109873.0	128448.0	170075.0	425984.0	2505150.0	8549366.0	19485028.0
	20	22	24	26	28	30	32	34	36	38	40	42	44	46	48	50	52	54	56	58	60	62	64	66	68	70	72	74	76	78	80	82	84	86	88	90	92	94	96	98	100
HIGADO_06	1110.0	3774.0	11469.0	6898.0	5981.0	5913.0	6751.0	9792.0	7695.0	7827.0	8865.0	9773.0	11972.0	13526.0	14104.0	17004.0	19542.0	23300.0	29590.0	34426.0	39631.0	43388.0	48876.0	57578.0	66873.0	74927.0	84105.0	96396.0	111168.0	127382.0	121998.0	134861.0	159364.0	181649.0	207799.0	231252.0	279167.0	555380.0	2753189.0	9394549.0	20869791.0
	20	22	24	26	28	30	32	34	36	38	40	42	44	46	48	50	52	54	56	58	60	62	64	66	68	70	72	74	76	78	80	82	84	86	88	90	92	94	96	98	100
HIGADO_07	1495.0	5561.0	16671.0	10244.0	9403.0	9028.0	10394.0	17177.0	13442.0	12894.0	14065.0	14291.0	17675.0	19236.0	20552.0	25747.0	29040.0	33086.0	40052.0	45860.0	52919.0	58087.0	63725.0	74841.0	82982.0	92242.0	104015.0	120596.0	136712.0	156283.0	153412.0	170388.0	204665.0	232913.0	268845.0	303529.0	372286.0	754798.0	3836721.0	13265346.0	30248593.0
	20	22	24	26	28	30	32	34	36	38	40	42	44	46	48	50	52	54	56	58	60	62	64	66	68	70	72	74	76	78	80	82	84	86	88	90	92	94	96	98	100
HIGADO_08	1112.0	4071.0	12356.0	7576.0	6883.0	6955.0	7918.0	11687.0	8883.0	8396.0	9224.0	10531.0	12476.0	13898.0	15061.0	16544.0	18935.0	22290.0	26890.0	30297.0	35474.0	40342.0	44779.0	49572.0	56136.0	63557.0	71932.0	82897.0	92260.0	103387.0	107028.0	118579.0	142189.0	161255.0	181514.0	208870.0	267036.0	559548.0	2942817.0	10425924.0	23601849.0
	20	22	24	26	28	30	32	34	36	38	40	42	44	46	48	50	52	54	56	58	60	62	64	66	68	70	72	74	76	78	80	82	84	86	88	90	92	94	96	98	100
HIGADO_09	839.0	2783.0	8831.0	5356.0	4998.0	4842.0	5707.0	7193.0	6473.0	7063.0	8339.0	9952.0	11700.0	12973.0	14173.0	16931.0	19243.0	22112.0	27716.0	31094.0	35288.0	39498.0	44094.0	49929.0	57972.0	63833.0	71879.0	81953.0	90057.0	100374.0	103825.0	113879.0	133530.0	148360.0	166811.0	186221.0	237078.0	446637.0	2426040.0	8307227.0	17543659.0
	20	22	24	26	28	30	32	34	36	38	40	42	44	46	48	50	52	54	56	58	60	62	64	66	68	70	72	74	76	78	80	82	84	86	88	90	92	94	96	98	100
HIGADO_10	1147.0	4245.0	12815.0	7733.0	6693.0	6583.0	7112.0	8440.0	7877.0	8593.0	9717.0	11080.0	13954.0	16097.0	17769.0	22912.0	26007.0	30513.0	37361.0	42961.0	52020.0	56528.0	62089.0	72318.0	82097.0	91071.0	98853.0	111999.0	129634.0	149610.0	151297.0	163671.0	196983.0	218514.0	250501.0	285698.0	348580.0	608365.0	2822999.0	10127897.0	22120763.0
	20	22	24	26	28	30	32	34	36	38	40	42	44	46	48	50	52	54	56	58	60	62	64	66	68	70	72	74	76	78	80	82	84	86	88	90	92	94	96	98	100
HIGADO_11	1306.0	4542.0	13619.0	8284.0	7184.0	6659.0	7314.0	7585.0	6842.0	7163.0	8161.0	9077.0	11187.0	12626.0	13668.0	16823.0	19210.0	22620.0	27398.0	31735.0	37029.0	41253.0	47069.0	53041.0	60093.0	66952.0	75506.0	87922.0	100992.0	114405.0	118443.0	131681.0	156804.0	177920.0	199920.0	227081.0	301959.0	607531.0	3366089.0	12062530.0	26149676.0
	20	22	24	26	28	30	32	34	36	38	40	42	44	46	48	50	52	54	56	58	60	62	64	66	68	70	72	74	76	78	80	82	84	86	88	90	92	94	96	98	100
HIGADO_12	1107.0	3586.0	10915.0	6558.0	5588.0	5485.0	5660.0	5890.0	5516.0	5920.0	6709.0	8429.0	9715.0	10856.0	11874.0	14406.0	16114.0	18928.0	23599.0	27940.0	31790.0	35250.0	39570.0	47065.0	53385.0	59315.0	66122.0	76758.0	89195.0	102332.0	105722.0	116785.0	138592.0	156311.0	179127.0	204320.0	271107.0	557947.0	3191908.0	11342891.0	24618290.0
	20	22	24	26	28	30	32	34	36	38	40	42	44	46	48	50	52	54	56	58	60	62	64	66	68	70	72	74	76	78	80	82	84	86	88	90	92	94	96	98	100
HIGADO_13	1660.0	6319.0	18794.0	11206.0	9730.0	9178.0	9386.0	10615.0	9650.0	9947.0	11020.0	11796.0	14473.0	16515.0	18089.0	22417.0	25912.0	31090.0	38571.0	46290.0	54291.0	59641.0	65742.0	78058.0	88330.0	101210.0	111670.0	130499.0	155376.0	188229.0	181106.0	196030.0	236186.0	269697.0	319130.0	368292.0	442640.0	868554.0	4374726.0	15386324.0	34680292.0
	20	22	24	26	28	30	32	34	36	38	40	42	44	46	48	50	52	54	56	58	60	62	64	66	68	70	72	74	76	78	80	82	84	86	88	90	92	94	96	98	100
HIGADO_14	1453.0	5126.0	15475.0	9291.0	7815.0	7362.0	7649.0	8105.0	7718.0	7926.0	8746.0	10139.0	12295.0	13944.0	16146.0	20857.0	23276.0	27800.0	35255.0	41951.0	47639.0	52073.0	57696.0	69205.0	78369.0	88445.0	98193.0	112952.0	136008.0	160291.0	153960.0	169052.0	194401.0	217960.0	253985.0	284302.0	372451.0	752209.0	4312535.0	14904122.0	32073260.0
	20	22	24	26	28	30	32	34	36	38	40	42	44	46	48	50	52	54	56	58	60	62	64	66	68	70	72	74	76	78	80	82	84	86	88	90	92	94	96	98	100
HIGADO_15	1686.0	6227.0	18742.0	11253.0	9767.0	9403.0	10015.0	10264.0	10004.0	10816.0	11838.0	13747.0	16610.0	19312.0	21004.0	28539.0	30731.0	35661.0	42531.0	51209.0	59121.0	63033.0	68050.0	79697.0	88953.0	97401.0	105757.0	118172.0	140293.0	161194.0	161008.0	174234.0	205697.0	230095.0	268152.0	307815.0	388653.0	775885.0	4110126.0	14410942.0	31741786.0
	20	22	24	26	28	30	32	34	36	38	40	42	44	46	48	50	52	54	56	58	60	62	64	66	68	70	72	74	76	78	80	82	84	86	88	90	92	94	96	98	100
HIGADO_16	943.0	3507.0	11299.0	6924.0	6190.0	6253.0	6654.0	6648.0	5993.0	6061.0	6821.0	8024.0	9531.0	11325.0	11863.0	14212.0	16243.0	19479.0	23699.0	27561.0	31656.0	35696.0	39320.0	44959.0	50338.0	57357.0	62180.0	70780.0	83463.0	97719.0	101580.0	109911.0	131896.0	150059.0	177727.0	212951.0	253507.0	491494.0	2387729.0	8889649.0	20309720.0
	20	22	24	26	28	30	32	34	36	38	40	42	44	46	48	50	52	54	56	58	60	62	64	66	68	70	72	74	76	78	80	82	84	86	88	90	92	94	96	98	100
HIGADO_17	1227.0	4545.0	13710.0	8580.0	7758.0	7931.0	8951.0	10429.0	9926.0	10645.0	12184.0	15236.0	18322.0	21443.0	23074.0	28506.0	32625.0	40203.0	48993.0	57589.0	64584.0	70368.0	77022.0	89019.0	100475.0	111863.0	122762.0	140993.0	161389.0	184470.0	169647.0	183386.0	215981.0	240249.0	275346.0	302382.0	363509.0	730952.0	3668625.0	12609191.0	28498239.0
	20	22	24	26	28	30	32	34	36	38	40	42	44	46	48	50	52	54	56	58	60	62	64	66	68	70	72	74	76	78	80	82	84	86	88	90	92	94	96	98	100
HIGADO_18	1741.0	6079.0	19074.0	11512.0	9822.0	9723.0	10316.0	10820.0	10278.0	10304.0	11347.0	12871.0	15742.0	18740.0	19735.0	23220.0	27128.0	32085.0	39746.0	47417.0	55522.0	61064.0	67859.0	77867.0	88575.0	102352.0	109881.0	125762.0	147931.0	175667.0	174665.0	187594.0	226240.0	259217.0	307443.0	362076.0	426987.0	847070.0	4328614.0	16092671.0	37549679.0
	20	22	24	26	28	30	32	34	36	38	40	42	44	46	48	50	52	54	56	58	60	62	64	66	68	70	72	74	76	78	80	82	84	86	88	90	92	94	96	98	100
HIGADO_19	1240.0	4220.0	12341.0	7450.0	6358.0	6001.0	6282.0	6814.0	6391.0	6711.0	7462.0	8485.0	10353.0	11645.0	12792.0	15561.0	18353.0	21867.0	27817.0	32065.0	37117.0	39749.0	44488.0	51681.0	59477.0	65749.0	72954.0	82800.0	95989.0	111162.0	110256.0	119943.0	144043.0	162707.0	191061.0	218363.0	275169.0	601430.0	3457911.0	12254302.0	27388729.0
	20	22	24	26	28	30	32	34	36	38	40	42	44	46	48	50	52	54	56	58	60	62	64	66	68	70	72	74	76	78	80	82	84	86	88	90	92	94	96	98	100
HIGADO_20	899.0	2968.0	8978.0	5293.0	4460.0	4112.0	4313.0	5019.0	4378.0	4566.0	4950.0	5466.0	6643.0	7381.0	8320.0	10685.0	11568.0	13930.0	17636.0	20128.0	22785.0	24885.0	28316.0	33793.0	37844.0	41263.0	46581.0	54617.0	63224.0	71306.0	70779.0	77112.0	93661.0	106413.0	123490.0	140539.0	188361.0	403306.0	2454401.0	8434992.0	18335228.0
	20	22	24	26	28	30	32	34	36	38	40	42	44	46	48	50	52	54	56	58	60	62	64	66	68	70	72	74	76	78	80	82	84	86	88	90	92	94	96	98	100
HIGADO_21	2109.0	7091.0	21358.0	12837.0	10982.0	10768.0	11359.0	11604.0	11343.0	12587.0	13823.0	16790.0	20633.0	24989.0	28886.0	38639.0	43637.0	53035.0	66485.0	79025.0	92486.0	100578.0	113426.0	134021.0	150966.0	165276.0	182278.0	208414.0	243469.0	275080.0	267754.0	292501.0	343710.0	384188.0	433482.0	478301.0	586422.0	1116619.0	5653995.0	19466626.0	42396523.0
	20	22	24	26	28	30	32	34	36	38	40	42	44	46	48	50	52	54	56	58	60	62	64	66	68	70	72	74	76	78	80	82	84	86	88	90	92	94	96	98	100
HIGADO_22	646.0	2181.0	7055.0	4150.0	3602.0	3638.0	4217.0	5230.0	5020.0	5756.0	6036.0	7261.0	9433.0	10149.0	10921.0	13110.0	14484.0	18250.0	22554.0	24544.0	28039.0	31718.0	38100.0	42651.0	50000.0	49039.0	56842.0	67994.0	73666.0	80950.0	73181.0	84372.0	103607.0	127426.0	140495.0	152422.0	196391.0	342380.0	1700681.0	5568416.0	12046648.0
	20	22	24	26	28	30	32	34	36	38	40	42	44	46	48	50	52	54	56	58	60	62	64	66	68	70	72	74	76	78	80	82	84	86	88	90	92	94	96	98	100
HIGADO_23	1380.0	4988.0	14848.0	8760.0	7453.0	6740.0	7141.0	7149.0	6756.0	6970.0	7521.0	8399.0	9994.0	11416.0	12483.0	15888.0	17780.0	20717.0	25707.0	30428.0	34789.0	37882.0	42326.0	50080.0	56858.0	64002.0	72307.0	83304.0	98982.0	116227.0	116645.0	129146.0	157181.0	179550.0	209395.0	241489.0	303317.0	630608.0	3450714.0	12233758.0	27278759.0
	20	22	24	26	28	30	32	34	36	38	40	42	44	46	48	50	52	54	56	58	60	62	64	66	68	70	72	74	76	78	80	82	84	86	88	90	92	94	96	98	100
HIGADO_24	1518.0	5381.0	16319.0	9488.0	8043.0	7618.0	7985.0	7679.0	7481.0	7886.0	8776.0	10304.0	12576.0	14054.0	15967.0	22656.0	22626.0	25586.0	31430.0	36883.0	43621.0	48157.0	53194.0	63660.0	72944.0	81326.0	90777.0	102209.0	121115.0	137846.0	144734.0	158555.0	188379.0	211739.0	245808.0	281615.0	355595.0	701017.0	3674375.0	13040217.0	28054272.0
	20	22	24	26	28	30	32	34	36	38	40	42	44	46	48	50	52	54	56	58	60	62	64	66	68	70	72	74	76	78	80	82	84	86	88	90	92	94	96	98	100
HIGADO_25	557.0	1906.0	5892.0	3356.0	2609.0	2514.0	2816.0	3375.0	2656.0	2620.0	2622.0	2926.0	3460.0	3632.0	3964.0	4858.0	5334.0	6379.0	8410.0	8971.0	10437.0	12044.0	13680.0	15212.0	18442.0	20751.0	24299.0	28905.0	32031.0	36982.0	40477.0	46712.0	56528.0	65707.0	75555.0	90069.0	120359.0	277653.0	1545291.0	5188316.0	11728407.0
	20	22	24	26	28	30	32	34	36	38	40	42	44	46	48	50	52	54	56	58	60	62	64	66	68	70	72	74	76	78	80	82	84	86	88	90	92	94	96	98	100
HIGADO_26	743.0	2502.0	7092.0	4384.0	3778.0	3634.0	5227.0	12679.0	7135.0	5804.0	5171.0	4990.0	6090.0	6107.0	6830.0	9167.0	9894.0	10840.0	12675.0	13842.0	14698.0	17089.0	18847.0	20682.0	23626.0	26769.0	31249.0	36896.0	40438.0	44823.0	48612.0	57264.0	69384.0	78773.0	88730.0	104670.0	151276.0	364101.0	2161209.0	7394444.0	16546425.0
	20	22	24	26	28	30	32	34	36	38	40	42	44	46	48	50	52	54	56	58	60	62	64	66	68	70	72	74	76	78	80	82	84	86	88	90	92	94	96	98	100
HIGADO_27	1275.0	4274.0	12778.0	7088.0	5546.0	5253.0	5428.0	6043.0	5340.0	4944.0	5021.0	5755.0	6544.0	7154.0	7977.0	10049.0	12099.0	14390.0	18620.0	19935.0	22782.0	26774.0	30522.0	33439.0	37362.0	42821.0	50964.0	60255.0	65347.0	70928.0	77511.0	91640.0	111287.0	126372.0	139061.0	163876.0	228574.0	563382.0	3203730.0	10787439.0	24472231.0
	20	22	24	26	28	30	32	34	36	38	40	42	44	46	48	50	52	54	56	58	60	62	64	66	68	70	72	74	76	78	80	82	84	86	88	90	92	94	96	98	100
HIGADO_28	782.0	2618.0	7511.0	4362.0	3830.0	3777.0	6102.0	16388.0	9520.0	7412.0	5481.0	4788.0	6115.0	5678.0	6514.0	8920.0	9336.0	9136.0	10852.0	11233.0	12103.0	13841.0	15359.0	16775.0	19267.0	21747.0	25909.0	30024.0	33620.0	37086.0	40500.0	47853.0	59368.0	68100.0	76201.0	89769.0	131963.0	325796.0	2008870.0	6766181.0	15234391.0
	20	22	24	26	28	30	32	34	36	38	40	42	44	46	48	50	52	54	56	58	60	62	64	66	68	70	72	74	76	78	80	82	84	86	88	90	92	94	96	98	100
HIGADO_29	752.0	2499.0	7775.0	4626.0	4162.0	3916.0	6151.0	16738.0	9824.0	7898.0	6929.0	6125.0	7951.0	7775.0	8323.0	11978.0	12955.0	13043.0	15799.0	16718.0	19095.0	21967.0	24283.0	27122.0	30116.0	33855.0	40107.0	47040.0	51225.0	56656.0	59712.0	68977.0	85663.0	98092.0	109555.0	127907.0	175012.0	377526.0	2133705.0	7227866.0	16084376.0
	20	22	24	26	28	30	32	34	36	38	40	42	44	46	48	50	52	54	56	58	60	62	64	66	68	70	72	74	76	78	80	82	84	86	88	90	92	94	96	98	100
HIGADO_30	989.0	3597.0	10909.0	6272.0	5123.0	4725.0	5193.0	8703.0	6385.0	5485.0	5428.0	5463.0	6494.0	6436.0	7131.0	9124.0	10369.0	11460.0	13860.0	15340.0	17622.0	20841.0	24278.0	27809.0	32425.0	37907.0	45164.0	54176.0	62466.0	71496.0	76485.0	88794.0	109201.0	125836.0	144116.0	165929.0	220421.0	487354.0	2702683.0	9161099.0	20332868.0
	20	22	24	26	28	30	32	34	36	38	40	42	44	46	48	50	52	54	56	58	60	62	64	66	68	70	72	74	76	78	80	82	84	86	88	90	92	94	96	98	100
HIGADO_31	671.0	2359.0	7014.0	4180.0	3403.0	3255.0	3371.0	3424.0	3109.0	3155.0	3469.0	3959.0	4696.0	4968.0	5460.0	6912.0	7908.0	9445.0	11830.0	13122.0	15004.0	17873.0	20938.0	22514.0	25880.0	29144.0	35070.0	40837.0	44868.0	49569.0	52337.0	61534.0	75362.0	86682.0	98190.0	114921.0	156839.0	351884.0	2005463.0	6894157.0	15667369.0
	20	22	24	26	28	30	32	34	36	38	40	42	44	46	48	50	52	54	56	58	60	62	64	66	68	70	72	74	76	78	80	82	84	86	88	90	92	94	96	98	100
HIGADO_32	703.0	2249.0	6906.0	4088.0	3561.0	3394.0	4203.0	8850.0	5352.0	4330.0	4379.0	4336.0	5279.0	5320.0	5918.0	7458.0	8240.0	8833.0	10996.0	11709.0	13111.0	14904.0	17037.0	18630.0	21397.0	24331.0	28353.0	32877.0	37104.0	41558.0	45034.0	51796.0	62360.0	71622.0	81454.0	96245.0	132510.0	338462.0	2068504.0	7058204.0	15849794.0
	20	22	24	26	28	30	32	34	36	38	40	42	44	46	48	50	52	54	56	58	60	62	64	66	68	70	72	74	76	78	80	82	84	86	88	90	92	94	96	98	100
HIGADO_33	886.0	2905.0	8934.0	5426.0	4449.0	4317.0	4578.0	4951.0	4406.0	4466.0	4897.0	5437.0	6675.0	7297.0	7737.0	9492.0	11297.0	13376.0	17297.0	19187.0	23846.0	29438.0	33614.0	37700.0	45634.0	52371.0	63411.0	75324.0	83874.0	97186.0	103256.0	119291.0	149014.0	170920.0	194729.0	228836.0	292688.0	544894.0	2503697.0	8426370.0	18713985.0
	20	22	24	26	28	30	32	34	36	38	40	42	44	46	48	50	52	54	56	58	60	62	64	66	68	70	72	74	76	78	80	82	84	86	88	90	92	94	96	98	100
HIGADO_34	1671.0	5927.0	18154.0	10166.0	8881.0	8113.0	10218.0	17581.0	11522.0	10522.0	10339.0	10730.0	13213.0	13913.0	15577.0	20260.0	24498.0	29073.0	36569.0	40843.0	51183.0	63559.0	73685.0	81759.0	95373.0	110292.0	133671.0	161227.0	174759.0	195124.0	205577.0	244508.0	307699.0	352082.0	389512.0	447994.0	569536.0	1035627.0	4559983.0	14980726.0	34117044.0
	20	22	24	26	28	30	32	34	36	38	40	42	44	46	48	50	52	54	56	58	60	62	64	66	68	70	72	74	76	78	80	82	84	86	88	90	92	94	96	98	100
HIGADO_35	946.0	3349.0	10388.0	6256.0	5263.0	5089.0	5644.0	6485.0	6036.0	6002.0	6269.0	7242.0	8370.0	9418.0	10698.0	14215.0	17291.0	21937.0	27967.0	30154.0	38227.0	49402.0	56623.0	62405.0	71869.0	82001.0	99998.0	120415.0	130604.0	142303.0	147467.0	175228.0	220394.0	249295.0	268027.0	292945.0	372542.0	587237.0	2219789.0	7525266.0	16462545.0
	20	22	24	26	28	30	32	34	36	38	40	42	44	46	48	50	52	54	56	58	60	62	64	66	68	70	72	74	76	78	80	82	84	86	88	90	92	94	96	98	100
HIGADO_36	1052.0	3468.0	10577.0	6681.0	4988.0	4563.0	4613.0	4731.0	4414.0	4301.0	4590.0	4936.0	5728.0	6232.0	7157.0	9682.0	11650.0	15005.0	19349.0	21824.0	26401.0	33573.0	39333.0	45203.0	52018.0	62815.0	74460.0	89527.0	104064.0	121407.0	124012.0	143753.0	175995.0	203217.0	227302.0	253504.0	316845.0	587795.0	2799108.0	9768984.0	21937708.0
	20	22	24	26	28	30	32	34	36	38	40	42	44	46	48	50	52	54	56	58	60	62	64	66	68	70	72	74	76	78	80	82	84	86	88	90	92	94	96	98	100
HIGADO_37	891.0	2788.0	8918.0	5474.0	5754.0	5365.0	9750.0	29252.0	16127.0	12010.0	8897.0	7523.0	10047.0	9398.0	11005.0	16281.0	18036.0	18597.0	22536.0	23387.0	26922.0	33131.0	38514.0	41784.0	46209.0	53447.0	64112.0	75957.0	80177.0	84895.0	88077.0	104169.0	126735.0	137938.0	146790.0	160487.0	220063.0	424025.0	2159968.0	7270359.0	16568490.0
	20	22	24	26	28	30	32	34	36	38	40	42	44	46	48	50	52	54	56	58	60	62	64	66	68	70	72	74	76	78	80	82	84	86	88	90	92	94	96	98	100
HIGADO_38	711.0	2229.0	7200.0	4282.0	3456.0	3257.0	3684.0	4407.0	4113.0	3818.0	4103.0	4647.0	5609.0	6269.0	7474.0	9957.0	12404.0	15504.0	19372.0	21702.0	26954.0	34596.0	40406.0	43437.0	48829.0	56381.0	68293.0	79382.0	84219.0	87640.0	92175.0	108083.0	129932.0	142026.0	149414.0	164371.0	215767.0	418940.0	2100997.0	7122597.0	16097413.0
	20	22	24	26	28	30	32	34	36	38	40	42	44	46	48	50	52	54	56	58	60	62	64	66	68	70	72	74	76	78	80	82	84	86	88	90	92	94	96	98	100
HIGADO_39	971.0	3463.0	10817.0	6402.0	5853.0	5219.0	6931.0	14877.0	9644.0	7908.0	7254.0	6694.0	8698.0	8489.0	9901.0	13437.0	15415.0	17222.0	21272.0	22774.0	26398.0	31843.0	35768.0	38985.0	43313.0	48271.0	56487.0	66371.0	71364.0	77759.0	79367.0	93013.0	114814.0	128550.0	141896.0	160689.0	216375.0	460668.0	2573630.0	8894729.0	20455404.0
	20	22	24	26	28	30	32	34	36	38	40	42	44	46	48	50	52	54	56	58	60	62	64	66	68	70	72	74	76	78	80	82	84	86	88	90	92	94	96	98	100
HIGADO_40	854.0	2993.0	9397.0	5714.0	4976.0	4565.0	6519.0	12427.0	7556.0	7327.0	6616.0	6630.0	8442.0	8671.0	9416.0	12532.0	13780.0	15268.0	18383.0	19749.0	23384.0	27995.0	31439.0	33768.0	37906.0	43292.0	50773.0	59818.0	63383.0	67710.0	70568.0	84161.0	105252.0	119705.0	130121.0	150106.0	206333.0	422429.0	2241121.0	7831789.0	17820326.0
	20	22	24	26	28	30	32	34	36	38	40	42	44	46	48	50	52	54	56	58	60	62	64	66	68	70	72	74	76	78	80	82	84	86	88	90	92	94	96	98	100
HIGADO_41	1362.0	4693.0	14423.0	8667.0	7582.0	6982.0	7731.0	11798.0	8995.0	8603.0	8825.0	8806.0	10935.0	11503.0	12414.0	15853.0	18211.0	19787.0	24679.0	27676.0	32530.0	38783.0	44843.0	50946.0	59453.0	69533.0	80869.0	96535.0	109052.0	122441.0	127817.0	144421.0	176280.0	201849.0	228145.0	262151.0	328725.0	672549.0	3474726.0	12559667.0	28612710.0
	20	22	24	26	28	30	32	34	36	38	40	42	44	46	48	50	52	54	56	58	60	62	64	66	68	70	72	74	76	78	80	82	84	86	88	90	92	94	96	98	100
HIGADO_42	1467.0	5003.0	14657.0	8738.0	7413.0	6999.0	7336.0	11006.0	9845.0	8795.0	8987.0	8794.0	11501.0	11887.0	14154.0	19293.0	22043.0	26693.0	31280.0	33850.0	40426.0	46204.0	53531.0	61836.0	71568.0	81780.0	93547.0	108410.0	125092.0	141951.0	151754.0	169467.0	204822.0	234056.0	266034.0	301379.0	370923.0	717184.0	3432715.0	11824224.0	26134768.0
	20	22	24	26	28	30	32	34	36	38	40	42	44	46	48	50	52	54	56	58	60	62	64	66	68	70	72	74	76	78	80	82	84	86	88	90	92	94	96	98	100
HIGADO_43	1563.0	5897.0	17434.0	10409.0	8556.0	8476.0	8463.0	9155.0	8932.0	9877.0	10724.0	12063.0	15402.0	17318.0	21141.0	29410.0	31264.0	41138.0	44198.0	39928.0	43108.0	47737.0	52969.0	62353.0	73089.0	84491.0	96579.0	110842.0	132393.0	151544.0	159647.0	173516.0	208873.0	237527.0	275122.0	306227.0	371119.0	689892.0	3144806.0	11170262.0	25020800.0
	20	22	24	26	28	30	32	34	36	38	40	42	44	46	48	50	52	54	56	58	60	62	64	66	68	70	72	74	76	78	80	82	84	86	88	90	92	94	96	98	100
HIGADO_44	852.0	3151.0	9314.0	5806.0	5216.0	5256.0	5933.0	11466.0	9669.0	8658.0	8267.0	9065.0	11829.0	12375.0	14822.0	19481.0	21058.0	24941.0	28442.0	28255.0	30910.0	35137.0	40282.0	44307.0	51831.0	59783.0	70196.0	80638.0	89318.0	96279.0	100723.0	113793.0	138219.0	154777.0	168726.0	188691.0	239267.0	459688.0	2208135.0	7870945.0	17717192.0
	20	22	24	26	28	30	32	34	36	38	40	42	44	46	48	50	52	54	56	58	60	62	64	66	68	70	72	74	76	78	80	82	84	86	88	90	92	94	96	98	100
HIGADO_45	1096.0	4637.0	14327.0	9297.0	8778.0	9207.0	10968.0	30623.0	22239.0	16802.0	13900.0	12361.0	15893.0	16989.0	19332.0	25927.0	29180.0	33178.0	37448.0	38366.0	42161.0	47881.0	54550.0	62836.0	74722.0	87740.0	102093.0	119824.0	133285.0	149395.0	158330.0	175372.0	213054.0	239470.0	260523.0	288459.0	357332.0	644847.0	2881146.0	10630425.0	23588475.0
	20	22	24	26	28	30	32	34	36	38	40	42	44	46	48	50	52	54	56	58	60	62	64	66	68	70	72	74	76	78	80	82	84	86	88	90	92	94	96	98	100
HIGADO_46	741.0	2528.0	7697.0	4466.0	3732.0	3509.0	3434.0	3381.0	3067.0	3084.0	3432.0	4011.0	4879.0	5403.0	5959.0	8406.0	9559.0	12660.0	14102.0	15062.0	17015.0	19757.0	22563.0	26232.0	30276.0	35344.0	39279.0	45856.0	56204.0	66117.0	67119.0	74518.0	89805.0	104088.0	120412.0	136858.0	170552.0	387268.0	2101249.0	7602411.0	16800285.0
	20	22	24	26	28	30	32	34	36	38	40	42	44	46	48	50	52	54	56	58	60	62	64	66	68	70	72	74	76	78	80	82	84	86	88	90	92	94	96	98	100
HIGADO_47	658.0	2094.0	6898.0	4307.0	3686.0	3548.0	3921.0	4423.0	3705.0	3406.0	3944.0	4347.0	4990.0	5876.0	6399.0	8169.0	9981.0	12106.0	14858.0	17598.0	21022.0	25398.0	29485.0	34303.0	39783.0	48193.0	55143.0	65742.0	77877.0	93055.0	94550.0	107141.0	132253.0	152166.0	175930.0	201588.0	234628.0	418571.0	1846972.0	6624059.0	15185883.0
	20	22	24	26	28	30	32	34	36	38	40	42	44	46	48	50	52	54	56	58	60	62	64	66	68	70	72	74	76	78	80	82	84	86	88	90	92	94	96	98	100
HIGADO_48	981.0	3692.0	11944.0	7809.0	6879.0	6662.0	7117.0	6676.0	5452.0	4837.0	5513.0	6763.0	7359.0	8080.0	8860.0	9771.0	11487.0	13367.0	16330.0	19414.0	23462.0	27815.0	32967.0	38661.0	46576.0	56200.0	65156.0	79292.0	90803.0	104926.0	112777.0	127174.0	157535.0	183321.0	203778.0	228331.0	277636.0	503046.0	2338340.0	9095958.0	19881910.0
	20	22	24	26	28	30	32	34	36	38	40	42	44	46	48	50	52	54	56	58	60	62	64	66	68	70	72	74	76	78	80	82	84	86	88	90	92	94	96	98	100
HIGADO_49	1641.0	5885.0	18268.0	10680.0	8944.0	8452.0	8279.0	9037.0	7944.0	8133.0	8735.0	9862.0	11556.0	12350.0	13775.0	17025.0	17687.0	20792.0	25652.0	29323.0	32475.0	36661.0	41683.0	49378.0	56472.0	66809.0	77045.0	92763.0	114495.0	137423.0	143276.0	165371.0	203601.0	240738.0	284200.0	327162.0	427410.0	822966.0	4296555.0	14642136.0	31193237.0
	20	22	24	26	28	30	32	34	36	38	40	42	44	46	48	50	52	54	56	58	60	62	64	66	68	70	72	74	76	78	80	82	84	86	88	90	92	94	96	98	100
HIGADO_50	701.0	2407.0	7204.0	4554.0	3895.0	3906.0	4336.0	5584.0	4846.0	5141.0	5478.0	5964.0	7267.0	7732.0	8262.0	10284.0	11216.0	13136.0	16151.0	18443.0	20360.0	23133.0	27159.0	31331.0	36996.0	43697.0	53752.0	66154.0	78212.0	89571.0	94168.0	112437.0	139948.0	164602.0	187626.0	216474.0	283800.0	528851.0	2600888.0	8618926.0	18577410.0
	20	22	24	26	28	30	32	34	36	38	40	42	44	46	48	50	52	54	56	58	60	62	64	66	68	70	72	74	76	78	80	82	84	86	88	90	92	94	96	98	100
HIGADO_51	869.0	3179.0	9783.0	5910.0	4892.0	4576.0	5028.0	7467.0	5849.0	5859.0	6313.0	6645.0	8240.0	8241.0	8869.0	11299.0	12252.0	13026.0	15417.0	17898.0	19476.0	22608.0	26157.0	30187.0	35485.0	42408.0	51873.0	63908.0	74490.0	85835.0	93261.0	110987.0	137696.0	160404.0	184585.0	212146.0	276707.0	501637.0	2407058.0	7958502.0	17558292.0
	20	22	24	26	28	30	32	34	36	38	40	42	44	46	48	50	52	54	56	58	60	62	64	66	68	70	72	74	76	78	80	82	84	86	88	90	92	94	96	98	100
HIGADO_52	1145.0	4019.0	12695.0	7848.0	7414.0	7111.0	8203.0	12065.0	9110.0	9299.0	9726.0	10211.0	12273.0	12586.0	13164.0	15928.0	17453.0	18841.0	23395.0	25654.0	28332.0	32049.0	36587.0	42915.0	49853.0	57436.0	68860.0	84537.0	98458.0	117984.0	124634.0	146687.0	190419.0	227187.0	270649.0	318841.0	413058.0	734634.0	3227176.0	10820661.0	24091158.0
	20	22	24	26	28	30	32	34	36	38	40	42	44	46	48	50	52	54	56	58	60	62	64	66	68	70	72	74	76	78	80	82	84	86	88	90	92	94	96	98	100
HIGADO_53	763.0	2724.0	8279.0	5164.0	4711.0	4432.0	5110.0	8679.0	6586.0	6498.0	6461.0	6518.0	7932.0	7919.0	8664.0	10850.0	11347.0	11993.0	14378.0	15670.0	17245.0	19044.0	21953.0	25350.0	29473.0	33575.0	40642.0	49850.0	59186.0	69885.0	75322.0	88571.0	111448.0	131768.0	153141.0	180597.0	241851.0	445179.0	2278157.0	7570061.0	16149611.0
	20	22	24	26	28	30	32	34	36	38	40	42	44	46	48	50	52	54	56	58	60	62	64	66	68	70	72	74	76	78	80	82	84	86	88	90	92	94	96	98	100
HIGADO_54	949.0	3409.0	10084.0	6067.0	5531.0	5262.0	7520.0	16521.0	11753.0	12611.0	12157.0	11475.0	15513.0	14815.0	15670.0	20845.0	20997.0	20845.0	24208.0	27262.0	29524.0	33087.0	37688.0	42984.0	50147.0	58510.0	71913.0	86689.0	98729.0	110749.0	115922.0	138237.0	171736.0	195390.0	218850.0	249683.0	321036.0	579700.0	2583498.0	8270031.0	17948547.0
	20	22	24	26	28	30	32	34	36	38	40	42	44	46	48	50	52	54	56	58	60	62	64	66	68	70	72	74	76	78	80	82	84	86	88	90	92	94	96	98	100
HIGADO_55	827.0	3024.0	9276.0	5440.0	4792.0	4298.0	4825.0	6734.0	5059.0	5239.0	5435.0	5774.0	6667.0	6847.0	7178.0	8768.0	9665.0	10590.0	12517.0	13991.0	15223.0	17013.0	19834.0	22875.0	26637.0	30686.0	37633.0	45625.0	53477.0	62284.0	69286.0	82079.0	104125.0	123174.0	144928.0	170478.0	231651.0	438386.0	2241176.0	7557249.0	16478015.0
	20	22	24	26	28	30	32	34	36	38	40	42	44	46	48	50	52	54	56	58	60	62	64	66	68	70	72	74	76	78	80	82	84	86	88	90	92	94	96	98	100
HIGADO_56	710.0	2781.0	8261.0	5540.0	5463.0	5692.0	6533.0	9216.0	6648.0	6472.0	7341.0	7982.0	9300.0	9721.0	10364.0	12342.0	13086.0	14367.0	17367.0	18604.0	21140.0	23873.0	26645.0	30315.0	34419.0	39654.0	46557.0	55695.0	64789.0	75076.0	80621.0	93500.0	118749.0	140322.0	163032.0	188644.0	243365.0	444867.0	1989883.0	6914405.0	15358480.0
	20	22	24	26	28	30	32	34	36	38	40	42	44	46	48	50	52	54	56	58	60	62	64	66	68	70	72	74	76	78	80	82	84	86	88	90	92	94	96	98	100
HIGADO_57	1248.0	4887.0	15570.0	9713.0	8835.0	9076.0	10011.0	10476.0	9584.0	9883.0	11276.0	12232.0	14010.0	14612.0	14943.0	16987.0	19084.0	21442.0	25315.0	28588.0	32408.0	34931.0	38943.0	44590.0	51558.0	61146.0	69749.0	85835.0	103826.0	125400.0	123850.0	143466.0	190077.0	227055.0	272718.0	318629.0	400334.0	684794.0	2814007.0	10236328.0	23013805.0
	20	22	24	26	28	30	32	34	36	38	40	42	44	46	48	50	52	54	56	58	60	62	64	66	68	70	72	74	76	78	80	82	84	86	88	90	92	94	96	98	100
HIGADO_58	942.0	3127.0	9894.0	6645.0	6191.0	6471.0	7083.0	7545.0	7037.0	7482.0	8472.0	9778.0	11322.0	12185.0	12020.0	14373.0	15714.0	17957.0	22042.0	24168.0	27339.0	30105.0	33648.0	38761.0	46027.0	52663.0	63428.0	76460.0	91453.0	106214.0	102900.0	120408.0	157349.0	185028.0	214396.0	247435.0	321075.0	575547.0	2365715.0	7912381.0	17948836.0
	20	22	24	26	28	30	32	34	36	38	40	42	44	46	48	50	52	54	56	58	60	62	64	66	68	70	72	74	76	78	80	82	84	86	88	90	92	94	96	98	100
HIGADO_59	864.0	3057.0	9510.0	6147.0	6097.0	5896.0	8792.0	17885.0	12047.0	12212.0	11692.0	10860.0	13753.0	13039.0	13077.0	17316.0	16939.0	17062.0	19841.0	21624.0	23323.0	25769.0	29362.0	33817.0	39436.0	45757.0	56674.0	69275.0	79583.0	92034.0	97446.0	116809.0	149358.0	175432.0	199664.0	231213.0	307663.0	560958.0	2484694.0	8010213.0	17511853.0
	20	22	24	26	28	30	32	34	36	38	40	42	44	46	48	50	52	54	56	58	60	62	64	66	68	70	72	74	76	78	80	82	84	86	88	90	92	94	96	98	100
HIGADO_60	989.0	4056.0	12937.0	8873.0	8320.0	8531.0	9701.0	11382.0	9129.0	9216.0	10099.0	10645.0	12019.0	12806.0	13040.0	14342.0	15715.0	17400.0	20911.0	23106.0	25611.0	28203.0	31660.0	35969.0	42365.0	48573.0	56752.0	70705.0	83068.0	100468.0	102192.0	117770.0	160809.0	193968.0	236918.0	283292.0	357521.0	623903.0	2371945.0	8237939.0	19248309.0
	20	22	24	26	28	30	32	34	36	38	40	42	44	46	48	50	52	54	56	58	60	62	64	66	68	70	72	74	76	78	80	82	84	86	88	90	92	94	96	98	100
MUSCULO_100	3264.0	11853.0	34370.0	20597.0	18857.0	20118.0	25456.0	68731.0	47338.0	40690.0	49775.0	44697.0	58369.0	57878.0	63183.0	84231.0	95232.0	98041.0	110369.0	125054.0	148679.0	173563.0	192336.0	219099.0	246282.0	284869.0	325772.0	377246.0	438364.0	503232.0	534204.0	604069.0	711361.0	793100.0	906904.0	1013376.0	1156889.0	1691598.0	6165923.0	19119026.0	42138767.0
	20	22	24	26	28	30	32	34	36	38	40	42	44	46	48	50	52	54	56	58	60	62	64	66	68	70	72	74	76	78	80	82	84	86	88	90	92	94	96	98	100
MUSCULO_101	1246.0	4448.0	12898.0	7805.0	6411.0	6171.0	7237.0	14305.0	10433.0	8607.0	9781.0	9690.0	11236.0	11618.0	13141.0	16469.0	19322.0	21368.0	24763.0	28532.0	34021.0	41858.0	46246.0	53268.0	62827.0	73898.0	87906.0	105174.0	123049.0	145087.0	158413.0	184959.0	223151.0	259711.0	308320.0	354187.0	426298.0	755561.0	3445831.0	10688650.0	23728312.0
	20	22	24	26	28	30	32	34	36	38	40	42	44	46	48	50	52	54	56	58	60	62	64	66	68	70	72	74	76	78	80	82	84	86	88	90	92	94	96	98	100
MUSCULO_102	657.0	2512.0	7296.0	4322.0	3815.0	3746.0	6078.0	19536.0	11279.0	8989.0	8683.0	7368.0	9306.0	8878.0	9699.0	13745.0	14841.0	13540.0	15267.0	17553.0	20385.0	25126.0	27534.0	31681.0	38054.0	43752.0	52031.0	62795.0	73070.0	86327.0	92528.0	108771.0	131418.0	151015.0	175704.0	201088.0	243850.0	402221.0	1722272.0	5327145.0	11815206.0
	20	22	24	26	28	30	32	34	36	38	40	42	44	46	48	50	52	54	56	58	60	62	64	66	68	70	72	74	76	78	80	82	84	86	88	90	92	94	96	98	100
MUSCULO_103	879.0	3116.0	10009.0	6298.0	6541.0	6950.0	11934.0	37772.0	21798.0	18773.0	18793.0	16651.0	22817.0	20648.0	22215.0	32278.0	34418.0	30221.0	34679.0	38738.0	44433.0	52560.0	57687.0	65255.0	76089.0	84961.0	99552.0	117272.0	133648.0	152912.0	154413.0	176545.0	215564.0	246029.0	284335.0	314508.0	366714.0	541815.0	1919136.0	6149401.0	13264316.0
	20	22	24	26	28	30	32	34	36	38	40	42	44	46	48	50	52	54	56	58	60	62	64	66	68	70	72	74	76	78	80	82	84	86	88	90	92	94	96	98	100
MUSCULO_104	986.0	3702.0	11038.0	6830.0	7418.0	7251.0	17501.0	71293.0	33781.0	23964.0	22830.0	19091.0	26166.0	22057.0	24334.0	35804.0	36359.0	31576.0	35890.0	38244.0	44007.0	53140.0	58204.0	66137.0	77123.0	88037.0	103164.0	122629.0	142011.0	163190.0	176311.0	204954.0	248012.0	285073.0	325462.0	365292.0	437627.0	714413.0	2928365.0	8893728.0	19121638.0
	20	22	24	26	28	30	32	34	36	38	40	42	44	46	48	50	52	54	56	58	60	62	64	66	68	70	72	74	76	78	80	82	84	86	88	90	92	94	96	98	100
MUSCULO_105	1060.0	4267.0	12872.0	7888.0	8724.0	10280.0	22724.0	89668.0	46193.0	37340.0	34976.0	30553.0	40439.0	36681.0	39564.0	55220.0	56992.0	52937.0	58806.0	61837.0	72614.0	83902.0	92871.0	103718.0	119540.0	134331.0	154797.0	179847.0	203245.0	226950.0	238031.0	270942.0	327769.0	368923.0	416711.0	459424.0	533042.0	800917.0	2778586.0	8334032.0	17103663.0
	20	22	24	26	28	30	32	34	36	38	40	42	44	46	48	50	52	54	56	58	60	62	64	66	68	70	72	74	76	78	80	82	84	86	88	90	92	94	96	98	100
MUSCULO_106	793.0	3886.0	13930.0	8377.0	10565.0	14601.0	27221.0	54582.0	35364.0	35382.0	38847.0	44848.0	50618.0	49802.0	46773.0	51268.0	53595.0	58803.0	67127.0	68716.0	79040.0	90364.0	97869.0	106692.0	122859.0	135307.0	144806.0	162804.0	176907.0	192849.0	198638.0	217361.0	252190.0	284141.0	310995.0	336875.0	394376.0	576481.0	2058036.0	6391915.0	13240706.0
	20	22	24	26	28	30	32	34	36	38	40	42	44	46	48	50	52	54	56	58	60	62	64	66	68	70	72	74	76	78	80	82	84	86	88	90	92	94	96	98	100
MUSCULO_107	1206.0	4511.0	14145.0	8641.0	10410.0	12365.0	26265.0	116067.0	53996.0	34995.0	34608.0	29864.0	38381.0	38091.0	39535.0	51307.0	53328.0	53869.0	62413.0	64681.0	74997.0	85769.0	93942.0	105749.0	120724.0	135159.0	150092.0	169624.0	190309.0	211466.0	223081.0	246199.0	285528.0	313483.0	352216.0	387278.0	444219.0	703238.0	2820096.0	8662103.0	18523187.0
	20	22	24	26	28	30	32	34	36	38	40	42	44	46	48	50	52	54	56	58	60	62	64	66	68	70	72	74	76	78	80	82	84	86	88	90	92	94	96	98	100
MUSCULO_108	1711.0	6188.0	18682.0	11369.0	11041.0	12549.0	25125.0	73951.0	43133.0	34876.0	31431.0	29745.0	36447.0	38389.0	42177.0	55730.0	61917.0	68354.0	80683.0	88402.0	106302.0	128974.0	143437.0	157938.0	180141.0	199345.0	225331.0	259282.0	281419.0	311062.0	322255.0	367202.0	428451.0	465872.0	504748.0	556639.0	660686.0	1045677.0	4283062.0	13031019.0	29183865.0
	20	22	24	26	28	30	32	34	36	38	40	42	44	46	48	50	52	54	56	58	60	62	64	66	68	70	72	74	76	78	80	82	84	86	88	90	92	94	96	98	100
MUSCULO_109	760.0	2690.0	8358.0	4702.0	4864.0	5076.0	13040.0	37469.0	20462.0	15370.0	11783.0	10671.0	13401.0	13043.0	14650.0	20158.0	21487.0	21057.0	24743.0	28091.0	33980.0	41247.0	45444.0	50855.0	58702.0	66509.0	77799.0	91878.0	101151.0	112044.0	119634.0	136939.0	162374.0	181120.0	201561.0	225646.0	281991.0	487741.0	2210999.0	6784144.0	14886539.0
	20	22	24	26	28	30	32	34	36	38	40	42	44	46	48	50	52	54	56	58	60	62	64	66	68	70	72	74	76	78	80	82	84	86	88	90	92	94	96	98	100
MUSCULO_110	860.0	3132.0	9770.0	5971.0	7337.0	7293.0	20631.0	67809.0	34050.0	24916.0	19789.0	16425.0	21200.0	19429.0	20864.0	28897.0	30642.0	30358.0	34577.0	38193.0	46240.0	56400.0	61523.0	66318.0	76221.0	83678.0	95313.0	108777.0	119564.0	129842.0	133126.0	149937.0	178127.0	200081.0	220445.0	241278.0	297982.0	500457.0	2209479.0	6896932.0	14644702.0
	20	22	24	26	28	30	32	34	36	38	40	42	44	46	48	50	52	54	56	58	60	62	64	66	68	70	72	74	76	78	80	82	84	86	88	90	92	94	96	98	100
MUSCULO_111	868.0	3792.0	13087.0	7702.0	11476.0	11144.0	35998.0	141428.0	67766.0	43916.0	35360.0	27378.0	34572.0	33498.0	34164.0	44427.0	45149.0	42826.0	48239.0	50460.0	59611.0	69529.0	76432.0	84372.0	97657.0	108577.0	119878.0	136712.0	149460.0	163813.0	170458.0	192102.0	230694.0	254297.0	277239.0	303591.0	356713.0	549879.0	2058452.0	6215279.0	13257799.0
	20	22	24	26	28	30	32	34	36	38	40	42	44	46	48	50	52	54	56	58	60	62	64	66	68	70	72	74	76	78	80	82	84	86	88	90	92	94	96	98	100
MUSCULO_112	1108.0	4731.0	14591.0	8528.0	9751.0	9031.0	19350.0	76633.0	44219.0	29708.0	29141.0	24244.0	29903.0	31478.0	33357.0	42185.0	47395.0	50249.0	59610.0	65449.0	79105.0	94300.0	105105.0	114727.0	136271.0	154686.0	174958.0	194821.0	211041.0	230671.0	239228.0	268250.0	313025.0	340398.0	368744.0	404089.0	464525.0	722974.0	2760291.0	8286451.0	17334922.0
	20	22	24	26	28	30	32	34	36	38	40	42	44	46	48	50	52	54	56	58	60	62	64	66	68	70	72	74	76	78	80	82	84	86	88	90	92	94	96	98	100
MUSCULO_113	1503.0	6573.0	22348.0	11960.0	14759.0	18853.0	47557.0	224672.0	85430.0	46078.0	42162.0	35539.0	52341.0	41814.0	45707.0	64217.0	62906.0	55212.0	55743.0	51775.0	51154.0	54296.0	60184.0	70140.0	81172.0	92193.0	102074.0	119247.0	139434.0	159508.0	179985.0	206679.0	243429.0	279822.0	320091.0	358043.0	425416.0	702845.0	2891478.0	8462269.0	18724796.0
	20	22	24	26	28	30	32	34	36	38	40	42	44	46	48	50	52	54	56	58	60	62	64	66	68	70	72	74	76	78	80	82	84	86	88	90	92	94	96	98	100
MUSCULO_114	1656.0	6524.0	21709.0	13903.0	17325.0	21076.0	32205.0	88572.0	57813.0	48297.0	60023.0	67258.0	80937.0	87705.0	94366.0	107405.0	116401.0	131283.0	149341.0	145085.0	148994.0	161069.0	172055.0	197309.0	224133.0	250231.0	260137.0	282182.0	310513.0	343883.0	359867.0	399496.0	444878.0	463622.0	492307.0	533157.0	585038.0	793887.0	2533461.0	7054048.0	16294055.0
	20	22	24	26	28	30	32	34	36	38	40	42	44	46	48	50	52	54	56	58	60	62	64	66	68	70	72	74	76	78	80	82	84	86	88	90	92	94	96	98	100
MUSCULO_115	1349.0	6238.0	18065.0	10104.0	10962.0	11615.0	18803.0	60976.0	34991.0	26857.0	31734.0	30695.0	37750.0	42566.0	46410.0	56201.0	63056.0	72045.0	86476.0	95047.0	108641.0	125852.0	142169.0	165612.0	186239.0	209063.0	226888.0	253054.0	281992.0	314656.0	331090.0	366881.0	411416.0	439215.0	480323.0	522714.0	595715.0	895892.0	3400727.0	10044913.0	22525621.0
	20	22	24	26	28	30	32	34	36	38	40	42	44	46	48	50	52	54	56	58	60	62	64	66	68	70	72	74	76	78	80	82	84	86	88	90	92	94	96	98	100
MUSCULO_116	1766.0	6788.0	20593.0	12807.0	13311.0	14270.0	25361.0	79592.0	44673.0	39160.0	40276.0	35172.0	43830.0	48832.0	53555.0	70751.0	79922.0	89406.0	109767.0	121763.0	149132.0	177552.0	201654.0	226612.0	269120.0	302325.0	326742.0	363724.0	401400.0	445833.0	462998.0	522436.0	609868.0	662428.0	726305.0	798530.0	906216.0	1350268.0	5094592.0	15968116.0	35439596.0
	20	22	24	26	28	30	32	34	36	38	40	42	44	46	48	50	52	54	56	58	60	62	64	66	68	70	72	74	76	78	80	82	84	86	88	90	92	94	96	98	100
MUSCULO_117	719.0	3111.0	10679.0	5227.0	5928.0	5429.0	14319.0	56975.0	29652.0	21365.0	18973.0	15571.0	19114.0	21024.0	22728.0	29577.0	32201.0	34499.0	42669.0	47266.0	56424.0	65829.0	75578.0	87521.0	105988.0	119302.0	126538.0	140888.0	155088.0	169355.0	179734.0	199005.0	226342.0	246114.0	269487.0	290430.0	336482.0	499203.0	1937205.0	5561113.0	12547871.0
	20	22	24	26	28	30	32	34	36	38	40	42	44	46	48	50	52	54	56	58	60	62	64	66	68	70	72	74	76	78	80	82	84	86	88	90	92	94	96	98	100
MUSCULO_118	1088.0	3865.0	10330.0	6366.0	5113.0	4416.0	4407.0	6361.0	6497.0	6480.0	7048.0	7213.0	9601.0	10546.0	11883.0	16362.0	20358.0	23876.0	29258.0	34375.0	43617.0	54297.0	62115.0	70081.0	82933.0	94467.0	109946.0	128883.0	144256.0	163599.0	173216.0	191722.0	226532.0	253030.0	287486.0	325452.0	384309.0	657125.0	2867638.0	9041068.0	19167486.0
	20	22	24	26	28	30	32	34	36	38	40	42	44	46	48	50	52	54	56	58	60	62	64	66	68	70	72	74	76	78	80	82	84	86	88	90	92	94	96	98	100
MUSCULO_119	828.0	3531.0	10302.0	6355.0	7381.0	5381.0	7907.0	22079.0	21529.0	20718.0	20802.0	18105.0	23331.0	29097.0	31810.0	39397.0	46934.0	53202.0	65199.0	75467.0	87502.0	97347.0	114325.0	128750.0	158964.0	186590.0	197803.0	208047.0	227207.0	242556.0	254684.0	272735.0	318838.0	348984.0	375701.0	405825.0	459511.0	667027.0	2474726.0	7366379.0	16193519.0
	20	22	24	26	28	30	32	34	36	38	40	42	44	46	48	50	52	54	56	58	60	62	64	66	68	70	72	74	76	78	80	82	84	86	88	90	92	94	96	98	100
MUSCULO_120	884.0	3431.0	9318.0	5390.0	4354.0	3987.0	4155.0	5760.0	6662.0	6193.0	7340.0	8464.0	10594.0	12508.0	14293.0	17874.0	22471.0	27913.0	35716.0	39309.0	49295.0	60790.0	67647.0	75805.0	89837.0	103905.0	119430.0	137499.0	155097.0	173337.0	184211.0	205849.0	242168.0	268962.0	302027.0	336670.0	386814.0	628567.0	2574535.0	7860024.0	16317997.0
	20	22	24	26	28	30	32	34	36	38	40	42	44	46	48	50	52	54	56	58	60	62	64	66	68	70	72	74	76	78	80	82	84	86	88	90	92	94	96	98	100
MUSCULO_61	1752.0	6108.0	17979.0	10943.0	9722.0	9371.0	13248.0	29103.0	20463.0	18870.0	17444.0	15952.0	19561.0	18742.0	19770.0	25449.0	26399.0	26281.0	30526.0	34787.0	39411.0	45914.0	52629.0	61156.0	72513.0	84735.0	103475.0	125749.0	146614.0	171692.0	190779.0	229596.0	288238.0	335002.0	388099.0	452230.0	572985.0	926585.0	3828551.0	12229755.0	26096719.0
	20	22	24	26	28	30	32	34	36	38	40	42	44	46	48	50	52	54	56	58	60	62	64	66	68	70	72	74	76	78	80	82	84	86	88	90	92	94	96	98	100
MUSCULO_62	1432.0	5583.0	14265.0	8779.0	8232.0	8590.0	13188.0	42856.0	27060.0	23159.0	23186.0	19889.0	26654.0	25330.0	26659.0	33406.0	34115.0	35411.0	39466.0	45553.0	50099.0	58765.0	68028.0	80471.0	94394.0	109306.0	129342.0	156129.0	184594.0	213191.0	238903.0	281368.0	338350.0	385811.0	435800.0	500110.0	620225.0	1092041.0	4844621.0	14950614.0	32549761.0
	20	22	24	26	28	30	32	34	36	38	40	42	44	46	48	50	52	54	56	58	60	62	64	66	68	70	72	74	76	78	80	82	84	86	88	90	92	94	96	98	100
MUSCULO_63	1751.0	5784.0	15949.0	9779.0	8624.0	8366.0	10142.0	25647.0	15103.0	12866.0	13260.0	12240.0	15152.0	14847.0	15475.0	18978.0	20234.0	21611.0	24929.0	28315.0	32039.0	36030.0	42077.0	49642.0	58691.0	68627.0	81511.0	99914.0	121881.0	141840.0	159908.0	188412.0	233139.0	273494.0	320348.0	369408.0	467927.0	842847.0	4113800.0	13360799.0	28304807.0
	20	22	24	26	28	30	32	34	36	38	40	42	44	46	48	50	52	54	56	58	60	62	64	66	68	70	72	74	76	78	80	82	84	86	88	90	92	94	96	98	100
MUSCULO_64	906.0	3168.0	8997.0	5557.0	4569.0	4333.0	4650.0	8153.0	6303.0	5634.0	5910.0	5827.0	7058.0	7051.0	7410.0	9371.0	9650.0	10573.0	12129.0	13943.0	15921.0	18403.0	20810.0	24065.0	28183.0	33244.0	39451.0	48897.0	57694.0	67325.0	77030.0	92284.0	115568.0	135693.0	158194.0	187955.0	246215.0	462155.0	2407531.0	7873493.0	17265636.0
	20	22	24	26	28	30	32	34	36	38	40	42	44	46	48	50	52	54	56	58	60	62	64	66	68	70	72	74	76	78	80	82	84	86	88	90	92	94	96	98	100
MUSCULO_65	786.0	2874.0	7906.0	4920.0	4047.0	4013.0	4981.0	12201.0	7913.0	6108.0	5925.0	5639.0	6544.0	6793.0	7758.0	9576.0	9990.0	11691.0	13006.0	13399.0	14217.0	15432.0	17473.0	20626.0	23861.0	28393.0	33754.0	41098.0	49048.0	56315.0	64627.0	77193.0	95493.0	111703.0	128850.0	151453.0	197437.0	367047.0	1876162.0	6224016.0	13790193.0
	20	22	24	26	28	30	32	34	36	38	40	42	44	46	48	50	52	54	56	58	60	62	64	66	68	70	72	74	76	78	80	82	84	86	88	90	92	94	96	98	100
MUSCULO_66	848.0	4061.0	11187.0	6616.0	6658.0	8093.0	15535.0	49009.0	24263.0	18729.0	16706.0	16552.0	20767.0	20535.0	24771.0	30598.0	28396.0	30008.0	31475.0	27817.0	26253.0	26341.0	27661.0	31110.0	37372.0	43353.0	48876.0	59182.0	68942.0	78857.0	91031.0	107563.0	127851.0	146495.0	168721.0	193337.0	251165.0	425925.0	1931354.0	5898352.0	13285777.0
	20	22	24	26	28	30	32	34	36	38	40	42	44	46	48	50	52	54	56	58	60	62	64	66	68	70	72	74	76	78	80	82	84	86	88	90	92	94	96	98	100
MUSCULO_67	938.0	3855.0	10411.0	6786.0	7039.0	9907.0	12764.0	46368.0	27630.0	18775.0	16016.0	13926.0	17785.0	17405.0	20701.0	26968.0	27167.0	26926.0	27486.0	26172.0	26723.0	28503.0	29836.0	33957.0	39591.0	45975.0	52264.0	62440.0	72084.0	83494.0	94067.0	112422.0	137659.0	157650.0	184056.0	214520.0	270700.0	463021.0	2115394.0	6644705.0	15204132.0
	20	22	24	26	28	30	32	34	36	38	40	42	44	46	48	50	52	54	56	58	60	62	64	66	68	70	72	74	76	78	80	82	84	86	88	90	92	94	96	98	100
MUSCULO_68	797.0	2990.0	8337.0	5099.0	5152.0	6786.0	12135.0	39835.0	23859.0	18023.0	12636.0	11045.0	14044.0	13103.0	14776.0	20312.0	19631.0	17866.0	18549.0	18737.0	19432.0	21762.0	23447.0	27001.0	32021.0	37373.0	44230.0	52909.0	60274.0	68613.0	78204.0	94435.0	115319.0	133032.0	151825.0	179240.0	233801.0	419530.0	1956104.0	6090349.0	13320725.0
	20	22	24	26	28	30	32	34	36	38	40	42	44	46	48	50	52	54	56	58	60	62	64	66	68	70	72	74	76	78	80	82	84	86	88	90	92	94	96	98	100
MUSCULO_69	632.0	2400.0	6608.0	3781.0	3068.0	2841.0	3009.0	4294.0	3966.0	3692.0	3948.0	3931.0	4847.0	5014.0	5786.0	6854.0	7594.0	9075.0	10884.0	12504.0	14473.0	17647.0	20250.0	23270.0	28504.0	33248.0	40555.0	49190.0	56687.0	66400.0	75329.0	91466.0	113161.0	129858.0	151342.0	177920.0	227819.0	410155.0	1949263.0	6176074.0	14173659.0
	20	22	24	26	28	30	32	34	36	38	40	42	44	46	48	50	52	54	56	58	60	62	64	66	68	70	72	74	76	78	80	82	84	86	88	90	92	94	96	98	100
MUSCULO_70	1078.0	4845.0	14566.0	9911.0	10475.0	15823.0	24139.0	96976.0	57835.0	43004.0	32879.0	26239.0	33979.0	33219.0	38354.0	50418.0	53389.0	52151.0	52307.0	47314.0	49351.0	52891.0	56706.0	61902.0	69699.0	77525.0	88619.0	103027.0	114693.0	125165.0	136500.0	159907.0	194240.0	215308.0	238915.0	269936.0	333060.0	527159.0	2093670.0	6551512.0	14614953.0
	20	22	24	26	28	30	32	34	36	38	40	42	44	46	48	50	52	54	56	58	60	62	64	66	68	70	72	74	76	78	80	82	84	86	88	90	92	94	96	98	100
MUSCULO_71	818.0	3116.0	8592.0	5309.0	5597.0	7051.0	10285.0	37595.0	23604.0	17860.0	13696.0	11451.0	15722.0	14339.0	16317.0	21438.0	21975.0	19641.0	19844.0	18608.0	18948.0	21174.0	22547.0	25179.0	28868.0	33124.0	38306.0	45844.0	52329.0	59220.0	69088.0	82560.0	100494.0	115635.0	134152.0	158283.0	211957.0	411762.0	2143512.0	6865644.0	15194854.0
	20	22	24	26	28	30	32	34	36	38	40	42	44	46	48	50	52	54	56	58	60	62	64	66	68	70	72	74	76	78	80	82	84	86	88	90	92	94	96	98	100
MUSCULO_72	526.0	1782.0	4821.0	2880.0	2467.0	2231.0	2456.0	4554.0	3490.0	3099.0	3133.0	2987.0	3547.0	3872.0	3900.0	4823.0	5443.0	5875.0	6905.0	7997.0	9063.0	11186.0	12478.0	14277.0	17312.0	20481.0	24704.0	30051.0	35050.0	40800.0	47204.0	57318.0	71840.0	83569.0	97188.0	117063.0	153210.0	285088.0	1447309.0	4730524.0	10747385.0
	20	22	24	26	28	30	32	34	36	38	40	42	44	46	48	50	52	54	56	58	60	62	64	66	68	70	72	74	76	78	80	82	84	86	88	90	92	94	96	98	100
MUSCULO_73	1064.0	4015.0	11433.0	7350.0	6491.0	6405.0	8489.0	16057.0	11371.0	10731.0	10964.0	10948.0	13415.0	14446.0	15908.0	19121.0	21236.0	24128.0	28392.0	33111.0	39592.0	45488.0	53222.0	61573.0	73063.0	86850.0	98585.0	115706.0	133287.0	151491.0	165325.0	186753.0	225025.0	259309.0	296194.0	330591.0	399269.0	700888.0	3073882.0	9983021.0	20736577.0
	20	22	24	26	28	30	32	34	36	38	40	42	44	46	48	50	52	54	56	58	60	62	64	66	68	70	72	74	76	78	80	82	84	86	88	90	92	94	96	98	100
MUSCULO_74	1060.0	3887.0	11583.0	7215.0	6676.0	7095.0	12926.0	31275.0	19685.0	19753.0	16143.0	14468.0	18529.0	18786.0	20175.0	26055.0	27263.0	28234.0	32707.0	37217.0	43534.0	51594.0	59159.0	68535.0	81056.0	94062.0	114164.0	133984.0	152567.0	173872.0	191152.0	230394.0	275035.0	303050.0	336859.0	377879.0	468985.0	757358.0	3065399.0	9292940.0	20742251.0
	20	22	24	26	28	30	32	34	36	38	40	42	44	46	48	50	52	54	56	58	60	62	64	66	68	70	72	74	76	78	80	82	84	86	88	90	92	94	96	98	100
MUSCULO_75	1022.0	3927.0	10990.0	6699.0	6142.0	6257.0	11211.0	27978.0	16118.0	15512.0	12681.0	11295.0	14182.0	13532.0	14557.0	19191.0	19717.0	19522.0	21403.0	24196.0	28047.0	32577.0	36689.0	41976.0	49359.0	56662.0	68409.0	81573.0	92850.0	104182.0	116299.0	140081.0	169367.0	190291.0	214567.0	246659.0	314362.0	556608.0	2572550.0	7885196.0	17727290.0
	20	22	24	26	28	30	32	34	36	38	40	42	44	46	48	50	52	54	56	58	60	62	64	66	68	70	72	74	76	78	80	82	84	86	88	90	92	94	96	98	100
MUSCULO_76	830.0	3513.0	10756.0	6343.0	6897.0	8398.0	21947.0	62574.0	29923.0	26909.0	21065.0	17543.0	23049.0	21136.0	21991.0	29151.0	28303.0	27284.0	28734.0	32053.0	35090.0	41292.0	46850.0	55254.0	64386.0	74231.0	88170.0	105899.0	123640.0	139644.0	156353.0	186023.0	220829.0	248324.0	279785.0	313187.0	387887.0	609089.0	2401810.0	7187597.0	16309380.0
	20	22	24	26	28	30	32	34	36	38	40	42	44	46	48	50	52	54	56	58	60	62	64	66	68	70	72	74	76	78	80	82	84	86	88	90	92	94	96	98	100
MUSCULO_77	1946.0	7125.0	20095.0	12046.0	10052.0	9793.0	13917.0	30401.0	19842.0	19762.0	18395.0	17663.0	21334.0	23086.0	24386.0	30638.0	33049.0	36472.0	43025.0	50180.0	58626.0	70626.0	81678.0	95992.0	111642.0	130442.0	155108.0	184721.0	215500.0	245396.0	267804.0	315301.0	377259.0	426063.0	476738.0	536143.0	657821.0	1137879.0	4877454.0	15013509.0	32111879.0
	20	22	24	26	28	30	32	34	36	38	40	42	44	46	48	50	52	54	56	58	60	62	64	66	68	70	72	74	76	78	80	82	84	86	88	90	92	94	96	98	100
MUSCULO_78	1663.0	5805.0	15955.0	10300.0	8941.0	8392.0	9787.0	16842.0	12592.0	11827.0	12252.0	12335.0	14659.0	15656.0	16994.0	21220.0	24600.0	27187.0	31756.0	37707.0	45434.0	55682.0	64289.0	74712.0	88722.0	103336.0	123775.0	150291.0	178498.0	209144.0	229297.0	266612.0	329931.0	387071.0	447453.0	512737.0	618759.0	1020119.0	4182671.0	13325174.0	28340199.0
	20	22	24	26	28	30	32	34	36	38	40	42	44	46	48	50	52	54	56	58	60	62	64	66	68	70	72	74	76	78	80	82	84	86	88	90	92	94	96	98	100
MUSCULO_79	1053.0	3833.0	10382.0	6307.0	5297.0	4993.0	5329.0	6482.0	6352.0	6285.0	6919.0	7544.0	9046.0	10139.0	10737.0	12949.0	14948.0	17421.0	20701.0	24073.0	29269.0	34644.0	39671.0	46039.0	54491.0	63040.0	74742.0	89212.0	103105.0	119793.0	131136.0	153849.0	190162.0	220698.0	255734.0	295416.0	372218.0	687362.0	3204935.0	10094450.0	21546383.0
	20	22	24	26	28	30	32	34	36	38	40	42	44	46	48	50	52	54	56	58	60	62	64	66	68	70	72	74	76	78	80	82	84	86	88	90	92	94	96	98	100
MUSCULO_80	773.0	2627.0	7399.0	4432.0	3713.0	3538.0	3804.0	5457.0	4741.0	4319.0	4967.0	5165.0	6127.0	6702.0	7250.0	8886.0	10358.0	12283.0	14846.0	17045.0	20801.0	25610.0	28574.0	34027.0	41057.0	47597.0	57738.0	69677.0	82252.0	97475.0	108144.0	126435.0	157530.0	184075.0	218395.0	255336.0	314052.0	535504.0	2304237.0	7402066.0	16425588.0
	20	22	24	26	28	30	32	34	36	38	40	42	44	46	48	50	52	54	56	58	60	62	64	66	68	70	72	74	76	78	80	82	84	86	88	90	92	94	96	98	100
MUSCULO_81	928.0	3172.0	9494.0	6185.0	6059.0	5969.0	8892.0	24651.0	16458.0	14137.0	13835.0	11477.0	15086.0	15166.0	14672.0	19270.0	20733.0	21258.0	24349.0	27127.0	31701.0	36709.0	41550.0	47935.0	56458.0	64949.0	77263.0	90392.0	105866.0	122687.0	131223.0	151769.0	186595.0	214072.0	245082.0	277385.0	336568.0	550417.0	2242227.0	7039582.0	14885219.0
	20	22	24	26	28	30	32	34	36	38	40	42	44	46	48	50	52	54	56	58	60	62	64	66	68	70	72	74	76	78	80	82	84	86	88	90	92	94	96	98	100
MUSCULO_82	1387.0	5421.0	15571.0	9865.0	11687.0	17580.0	56919.0	165458.0	59451.0	44282.0	25441.0	20601.0	25256.0	24391.0	27881.0	37174.0	35508.0	34229.0	36165.0	33659.0	31338.0	32961.0	35271.0	41579.0	47830.0	56072.0	64160.0	77660.0	92951.0	107338.0	122864.0	145942.0	177086.0	209194.0	245771.0	280891.0	352887.0	687721.0	3350940.0	10398466.0	22481392.0
	20	22	24	26	28	30	32	34	36	38	40	42	44	46	48	50	52	54	56	58	60	62	64	66	68	70	72	74	76	78	80	82	84	86	88	90	92	94	96	98	100
MUSCULO_83	1671.0	6060.0	18076.0	11376.0	10541.0	10497.0	15245.0	36275.0	24304.0	22412.0	21273.0	18669.0	23756.0	23455.0	23562.0	30738.0	32909.0	34184.0	39383.0	43652.0	52258.0	62082.0	70808.0	81004.0	93906.0	107632.0	127874.0	150967.0	174525.0	197636.0	214423.0	253386.0	317746.0	362677.0	410111.0	468166.0	583087.0	971605.0	4080466.0	13209491.0	27775601.0
	20	22	24	26	28	30	32	34	36	38	40	42	44	46	48	50	52	54	56	58	60	62	64	66	68	70	72	74	76	78	80	82	84	86	88	90	92	94	96	98	100
MUSCULO_84	1120.0	4215.0	11442.0	7288.0	6832.0	7016.0	13403.0	43630.0	24940.0	21227.0	16686.0	12710.0	16144.0	15567.0	14774.0	18436.0	18977.0	18060.0	19836.0	22826.0	25668.0	30255.0	34340.0	39454.0	47020.0	55164.0	66604.0	82125.0	96421.0	112476.0	126364.0	152550.0	185410.0	210509.0	240356.0	276548.0	354729.0	635366.0	3024567.0	9374035.0	21262992.0
	20	22	24	26	28	30	32	34	36	38	40	42	44	46	48	50	52	54	56	58	60	62	64	66	68	70	72	74	76	78	80	82	84	86	88	90	92	94	96	98	100
MUSCULO_85	1064.0	3840.0	10960.0	7477.0	7222.0	7224.0	12758.0	31925.0	19542.0	18750.0	17183.0	15015.0	18663.0	19763.0	18959.0	23358.0	24664.0	25322.0	29741.0	33130.0	38286.0	45043.0	50970.0	59003.0	69323.0	79444.0	94277.0	114135.0	132865.0	154009.0	164839.0	197553.0	240950.0	272306.0	308352.0	347022.0	431741.0	715648.0	3031268.0	9495018.0	20925462.0
	20	22	24	26	28	30	32	34	36	38	40	42	44	46	48	50	52	54	56	58	60	62	64	66	68	70	72	74	76	78	80	82	84	86	88	90	92	94	96	98	100
MUSCULO_86	1195.0	4077.0	12518.0	8184.0	7856.0	7513.0	10340.0	24090.0	15833.0	13183.0	12823.0	12444.0	14793.0	15976.0	15093.0	18799.0	21182.0	22992.0	26888.0	28841.0	34148.0	42085.0	48017.0	53419.0	62267.0	71245.0	84531.0	99771.0	117712.0	136996.0	149604.0	173460.0	218589.0	257675.0	300753.0	354081.0	427955.0	692479.0	2683327.0	8810760.0	18717739.0
	20	22	24	26	28	30	32	34	36	38	40	42	44	46	48	50	52	54	56	58	60	62	64	66	68	70	72	74	76	78	80	82	84	86	88	90	92	94	96	98	100
MUSCULO_87	1057.0	3496.0	10145.0	6342.0	5163.0	5010.0	5602.0	11967.0	8988.0	7700.0	8178.0	7110.0	9243.0	9760.0	10207.0	12449.0	14384.0	15825.0	18888.0	21519.0	25252.0	30462.0	34429.0	40070.0	47139.0	55501.0	65897.0	79320.0	93984.0	111893.0	122366.0	142310.0	178258.0	203965.0	240746.0	281761.0	343397.0	604967.0	2822976.0	9275924.0	20527929.0
	20	22	24	26	28	30	32	34	36	38	40	42	44	46	48	50	52	54	56	58	60	62	64	66	68	70	72	74	76	78	80	82	84	86	88	90	92	94	96	98	100
MUSCULO_88	1745.0	6453.0	19384.0	11607.0	11637.0	11702.0	16913.0	42524.0	29429.0	25502.0	27018.0	26821.0	33704.0	36321.0	38797.0	47500.0	54943.0	62593.0	74630.0	80273.0	97659.0	117233.0	133682.0	151620.0	177092.0	204598.0	236622.0	276007.0	321871.0	371737.0	409545.0	455560.0	550682.0	628123.0	717476.0	813505.0	927892.0	1309342.0	3820391.0	10957569.0	22476771.0
	20	22	24	26	28	30	32	34	36	38	40	42	44	46	48	50	52	54	56	58	60	62	64	66	68	70	72	74	76	78	80	82	84	86	88	90	92	94	96	98	100
MUSCULO_89	841.0	3605.0	9194.0	5557.0	5782.0	5897.0	12322.0	45574.0	25893.0	21847.0	19252.0	15578.0	20526.0	21414.0	22160.0	29026.0	31685.0	33440.0	39085.0	43929.0	51379.0	61493.0	72648.0	84983.0	97999.0	110574.0	125731.0	144299.0	161144.0	175176.0	185791.0	212481.0	241656.0	260195.0	275911.0	295741.0	351071.0	540365.0	2095077.0	6069725.0	14601052.0
	20	22	24	26	28	30	32	34	36	38	40	42	44	46	48	50	52	54	56	58	60	62	64	66	68	70	72	74	76	78	80	82	84	86	88	90	92	94	96	98	100
MUSCULO_90	2482.0	9874.0	26307.0	16184.0	13600.0	12709.0	16342.0	37846.0	27506.0	25497.0	26028.0	22801.0	27922.0	29518.0	31068.0	39251.0	44158.0	49006.0	58787.0	68286.0	83246.0	98849.0	113986.0	133701.0	156201.0	179202.0	205944.0	242109.0	277346.0	317291.0	330972.0	378354.0	449107.0	502019.0	563048.0	633228.0	775993.0	1431907.0	7018392.0	22273558.0	48570112.0
	20	22	24	26	28	30	32	34	36	38	40	42	44	46	48	50	52	54	56	58	60	62	64	66	68	70	72	74	76	78	80	82	84	86	88	90	92	94	96	98	100
MUSCULO_91	1241.0	4288.0	11411.0	7298.0	6718.0	6401.0	9869.0	28063.0	18336.0	16519.0	16116.0	13157.0	16561.0	17184.0	17352.0	22188.0	24580.0	26228.0	30415.0	34820.0	41399.0	49312.0	57332.0	65841.0	77784.0	90647.0	106518.0	126553.0	145627.0	164102.0	174342.0	201148.0	240793.0	271919.0	302288.0	341101.0	413610.0	715437.0	3218796.0	10077652.0	21748472.0
	20	22	24	26	28	30	32	34	36	38	40	42	44	46	48	50	52	54	56	58	60	62	64	66	68	70	72	74	76	78	80	82	84	86	88	90	92	94	96	98	100
MUSCULO_92	1260.0	4960.0	13647.0	8453.0	8757.0	8926.0	18714.0	58073.0	33740.0	32091.0	25793.0	21137.0	27130.0	27562.0	27678.0	34818.0	36282.0	37439.0	43212.0	49721.0	58214.0	71862.0	85645.0	103309.0	121075.0	139896.0	161781.0	190265.0	216641.0	242178.0	267012.0	306125.0	350777.0	388771.0	428497.0	466960.0	556989.0	914423.0	3621261.0	10773254.0	23817205.0
	20	22	24	26	28	30	32	34	36	38	40	42	44	46	48	50	52	54	56	58	60	62	64	66	68	70	72	74	76	78	80	82	84	86	88	90	92	94	96	98	100
MUSCULO_93	1242.0	4827.0	13681.0	8087.0	6956.0	6328.0	8001.0	17693.0	12561.0	12087.0	12500.0	10912.0	13507.0	14250.0	14684.0	18796.0	20360.0	21613.0	25294.0	30132.0	35592.0	43127.0	50038.0	58521.0	69426.0	82297.0	99174.0	120109.0	141355.0	161095.0	174336.0	207492.0	248465.0	279890.0	313178.0	354718.0	438989.0	735572.0	3238868.0	10321130.0	22495440.0
	20	22	24	26	28	30	32	34	36	38	40	42	44	46	48	50	52	54	56	58	60	62	64	66	68	70	72	74	76	78	80	82	84	86	88	90	92	94	96	98	100
MUSCULO_94	1077.0	3823.0	10983.0	6804.0	6993.0	6255.0	10835.0	32164.0	18735.0	15215.0	13914.0	12075.0	15528.0	15478.0	15341.0	20454.0	22654.0	22733.0	26405.0	28229.0	34419.0	42604.0	48044.0	54707.0	64529.0	75107.0	88542.0	104512.0	118597.0	133245.0	147191.0	171644.0	210556.0	237238.0	267341.0	305728.0	374680.0	611725.0	2494362.0	7952287.0	17226625.0
	20	22	24	26	28	30	32	34	36	38	40	42	44	46	48	50	52	54	56	58	60	62	64	66	68	70	72	74	76	78	80	82	84	86	88	90	92	94	96	98	100
MUSCULO_95	1584.0	5744.0	16101.0	9714.0	8123.0	7327.0	9351.0	23224.0	15007.0	12299.0	12020.0	10104.0	12394.0	12751.0	12984.0	15809.0	17832.0	18726.0	21949.0	24921.0	28864.0	34720.0	39518.0	45766.0	54719.0	63765.0	76330.0	91740.0	106774.0	123799.0	137766.0	163467.0	200102.0	226234.0	258002.0	304095.0	382755.0	712101.0	3568932.0	11608020.0	26038394.0
	20	22	24	26	28	30	32	34	36	38	40	42	44	46	48	50	52	54	56	58	60	62	64	66	68	70	72	74	76	78	80	82	84	86	88	90	92	94	96	98	100
MUSCULO_96	1301.0	4903.0	14237.0	8479.0	7750.0	7416.0	10894.0	30938.0	18346.0	14554.0	13480.0	12440.0	14775.0	15646.0	15166.0	18635.0	19748.0	20200.0	23254.0	24287.0	27333.0	31931.0	36172.0	41641.0	48341.0	56639.0	65006.0	76467.0	88484.0	101985.0	114120.0	131933.0	160339.0	186555.0	217580.0	254823.0	323520.0	608571.0	2980229.0	9770483.0	21119651.0
	20	22	24	26	28	30	32	34	36	38	40	42	44	46	48	50	52	54	56	58	60	62	64	66	68	70	72	74	76	78	80	82	84	86	88	90	92	94	96	98	100
MUSCULO_97	995.0	3837.0	12992.0	9858.0	11612.0	12945.0	21036.0	50140.0	33036.0	32879.0	32669.0	29599.0	37256.0	36814.0	35616.0	46385.0	48626.0	50114.0	57523.0	62196.0	72091.0	81250.0	92688.0	105328.0	121971.0	134637.0	157617.0	183869.0	215263.0	243571.0	240050.0	274253.0	344788.0	397490.0	449131.0	486796.0	564766.0	786061.0	2288874.0	7740299.0	14871339.0
	20	22	24	26	28	30	32	34	36	38	40	42	44	46	48	50	52	54	56	58	60	62	64	66	68	70	72	74	76	78	80	82	84	86	88	90	92	94	96	98	100
MUSCULO_98	1875.0	8150.0	25137.0	15120.0	15602.0	21633.0	59831.0	258597.0	98086.0	59893.0	45387.0	37725.0	51600.0	45247.0	51981.0	70762.0	70712.0	71417.0	72760.0	66844.0	64248.0	65326.0	71505.0	82240.0	94995.0	109178.0	124257.0	147110.0	174022.0	198880.0	226262.0	260866.0	308873.0	361335.0	414198.0	463331.0	552844.0	936131.0	3927904.0	11908609.0	25585244.0
	20	22	24	26	28	30	32	34	36	38	40	42	44	46	48	50	52	54	56	58	60	62	64	66	68	70	72	74	76	78	80	82	84	86	88	90	92	94	96	98	100
MUSCULO_99	1419.0	5627.0	18956.0	11017.0	11589.0	13194.0	21779.0	67450.0	45025.0	34174.0	36866.0	35083.0	43649.0	44919.0	46393.0	58187.0	65495.0	68749.0	80608.0	82213.0	96561.0	116092.0	125444.0	135786.0	153825.0	174257.0	197110.0	225410.0	252878.0	285691.0	299795.0	334377.0	396813.0	440888.0	495622.0	557306.0	629255.0	950656.0	3525060.0	11011933.0	23260040.0

