Sample	total_reads	total_tags	total_assigned_tags	cds_exons_total_bases	cds_exons_tag_count	cds_exons_tags_kb	5_utr_exons_total_bases	5_utr_exons_tag_count	5_utr_exons_tags_kb	3_utr_exons_total_bases	3_utr_exons_tag_count	3_utr_exons_tags_kb	introns_total_bases	introns_tag_count	introns_tags_kb	tss_up_1kb_total_bases	tss_up_1kb_tag_count	tss_up_1kb_tags_kb	tss_up_5kb_tags_kb	tss_up_10kb_tags_kb	tes_down_1kb_total_bases	tes_down_1kb_tag_count	tes_down_1kb_tags_kb	tes_down_5kb_tags_kb	tes_down_10kb_tags_kb	other_intergenic_tag_count	cds_exons_tag_pct	5_utr_exons_tag_pct	3_utr_exons_tag_pct	introns_tag_pct	tss_up_1kb_tag_pct	tss_up_5kb_tag_pct	tss_up_10kb_tag_pct	tes_down_1kb_tag_pct	tes_down_5kb_tag_pct	tes_down_10kb_tag_pct	other_intergenic_tag_pct	tss_up_5kb-10kb_total_bases	tss_up_1kb-5kb_total_bases	tss_up_5kb-10kb_tag_count	tss_up_1kb-5kb_tag_count	tes_down_5kb-10kb_total_bases	tes_down_1kb-5kb_total_bases	tes_down_5kb-10kb_tag_count	tes_down_1kb-5kb_tag_count
GRASO_121	15450413	17834041	15921190	39673224	5534451	139.5	2990271	204691	68.45	13678824	1352032	98.84	810010698	7319039	9.04	27037996	102378	3.79	2.32	1.99	26949136	368431	13.67	7.55	5.0	1912851	31.033073210945293	1.1477544545288418	7.581187011962124	41.03971163910636	0.5740594630235514	1.6063156970425267	2.526410026757256	2.0658862452990885	5.000414656442699	5.9460219924357025	10.725841664264426	102347139	96465749	164090	184093	93869925	91189362	168640	523345
GRASO_122	18808501	21531148	18895590	39673224	6218778	156.75	2990271	217660	72.79	13678824	1522764	111.32	810010698	9087442	11.22	27037996	113710	4.21	2.72	2.38	26949136	438048	16.25	9.23	6.19	2635558	28.8827051859938	1.0109075465924993	7.072377190477722	42.206026357721385	0.5281186121613209	1.5620579079201908	2.4948228492043247	2.0344851096653094	5.066227773827944	6.092485175430498	12.240675694579778	102347139	96465749	200835	222619	93869925	91189362	220965	652769
GRASO_123	12277561	14486004	13224496	39673224	5262236	132.64	2990271	202919	67.86	13678824	1284340	93.89	810010698	5186476	6.4	27037996	91362	3.38	1.89	1.59	26949136	339032	12.58	6.75	4.39	1261508	36.32634645137472	1.4007934831441438	8.866075143980355	35.803358883512665	0.6306915281812706	1.6138957299749468	2.4741329631001068	2.3404107854726535	5.5038159591837745	6.420832135625531	8.708460939262478	102347139	96465749	124614	142427	93869925	91189362	132839	458251
GRASO_124	7242185	8488580	7433334	39673224	2823771	71.18	2990271	80789	27.02	13678824	666602	48.73	810010698	3137080	3.87	27037996	44439	1.64	1.1	0.97	26949136	176609	6.55	3.57	2.39	1055246	33.26552851006882	0.9517375108675421	7.852927109127792	36.95647564139114	0.523515122670694	1.6020700753247303	2.574246811598642	2.0805482189011593	4.969747590291898	5.967723694658	12.431360722288062	102347139	96465749	82524	91554	93869925	91189362	84714	245252
GRASO_125	20418122	23274144	20922982	39673224	6519579	164.33	2990271	231801	77.52	13678824	1580040	115.51	810010698	10659599	13.16	27037996	125088	4.63	3.04	2.68	26949136	448275	16.63	9.37	6.26	2351162	28.012110778381366	0.9959592928530476	6.7888211055152015	45.80017636738864	0.5374547824401189	1.6128369747991593	2.5981664459926	1.9260643914551703	4.754228555086709	5.702731752454569	10.10203425741458	102347139	96465749	229327	250286	93869925	91189362	220756	658231
GRASO_126	15131654	17598977	15866476	39673224	5704182	143.78	2990271	231782	77.51	13678824	1418235	103.68	810010698	7021383	8.67	27037996	108091	4.0	2.26	1.93	26949136	376047	13.95	7.58	4.97	1732501	32.4120089480201	1.3170197335901968	8.058621816483992	39.89654057733015	0.6141891088328599	1.585342148012353	2.478320188724606	2.1367548806956225	5.091006142004732	5.99316085247455	9.844327883376403	102347139	96465749	157155	170913	93869925	91189362	158770	519918
GRASO_127	18530581	21601251	19210670	39673224	7140484	179.98	2990271	262120	87.66	13678824	1755574	128.34	810010698	8173746	10.09	27037996	123696	4.57	2.68	2.28	26949136	477236	17.71	9.79	6.43	2390581	33.05588180980815	1.213448239641306	8.127186707843912	37.83922514487703	0.5726335016430298	1.5315964802223723	2.3874404311120685	2.209297970751787	5.352018732618773	6.309953992942353	11.06686367377519	102347139	96465749	184873	207148	93869925	91189362	206926	678867
GRASO_128	16160404	18566470	16687972	39673224	5537607	139.58	2990271	201734	67.46	13678824	1397769	102.18	810010698	7967862	9.84	27037996	105571	3.9	2.44	2.11	26949136	385653	14.31	7.89	5.22	1878498	29.8258473473956	1.0865501088790708	7.528458559973974	42.91533070098947	0.5686110499195594	1.624132104810446	2.5641115408583324	2.077147675352396	5.021832367703715	5.962011087729654	10.117690654173895	102347139	96465749	174521	195973	93869925	91189362	174558	546724
GRASO_129	3172431	3845382	3331014	39673224	1595562	40.22	2990271	133740	44.73	13678824	264863	19.36	810010698	1008086	1.24	27037996	61168	2.26	0.84	0.63	26949136	66446	2.47	1.29	0.88	514368	41.49293880295898	3.4779379525883254	6.887820247767322	26.215496925923095	1.5906872191111314	2.708235488697872	3.6784381889757634	1.72794276355379	3.9778622774018286	4.871115535465657	13.376252346320861	102347139	96465749	37308	42974	93869925	91189362	34349	86518
GRASO_130	15200017	17961416	16220432	39673224	6613626	166.7	2990271	226031	75.59	13678824	1578293	115.38	810010698	6295315	7.77	27037996	98890	3.66	2.13	1.78	26949136	402362	14.93	8.04	5.21	1740984	36.82129515846635	1.2584252822828668	8.787130146086477	35.04910191935869	0.5505690642653118	1.462841237016057	2.239572871092123	2.240146322539381	5.288920428099878	6.1515639969588145	9.692910625754674	102347139	96465749	139512	163857	93869925	91189362	154943	547603
GRASO_131	14323034	17081017	15456716	39673224	6651403	167.65	2990271	248409	83.07	13678824	1571841	114.91	810010698	5589327	6.9	27037996	102002	3.77	1.98	1.63	26949136	384334	14.26	7.52	4.84	1624301	38.940321878960724	1.4542986521235826	9.202268225598043	32.72244855209734	0.5971658479117491	1.43503164946209	2.159291803292509	2.2500650868739256	5.197840386201829	6.011978092405154	9.509392795522656	102347139	96465749	123711	143116	93869925	91189362	139063	503510
GRASO_132	11564840	13873285	12607150	39673224	5570992	140.42	2990271	190102	63.57	13678824	1309734	95.75	810010698	4360954	5.38	27037996	77485	2.87	1.6	1.32	26949136	324861	12.05	6.43	4.13	1266135	40.156257151784885	1.3702738752934147	9.440691227780587	31.434184477576864	0.5585194854715375	1.4221865981993451	2.154543786853654	2.3416299744436877	5.471746597867773	6.317624124351226	9.126425356359363	102347139	96465749	101602	119819	93869925	91189362	117351	434250
GRASO_133	12295818	14825481	13481342	39673224	6107311	153.94	2990271	207195	69.29	13678824	1461623	106.85	810010698	4447725	5.49	27037996	81884	3.03	1.64	1.35	26949136	358275	13.29	7.02	4.49	1344139	41.194690411730996	1.3975600521831297	9.85885719323373	30.00054433309786	0.5523193480198045	1.3656420321202396	2.0578489156608137	2.4166163647574064	5.5901862475827935	6.424088365159957	9.066410728933516	102347139	96465749	102623	120579	93869925	91189362	123630	470497
GRASO_134	8141372	9731114	8768967	39673224	3768900	95.0	2990271	106590	35.65	13678824	890214	65.08	810010698	3169142	3.91	27037996	45998	1.7	1.09	0.94	26949136	226362	8.4	4.54	2.94	962147	38.730406405679766	1.0953524950997389	9.148120143284725	32.56710382798927	0.4726899715695449	1.3822672306582782	2.1727214376483515	2.326167384330304	5.505895830631519	6.39896932663619	9.88732636366196	102347139	96465749	76920	88512	93869925	91189362	86906	309423
GRASO_135	10216019	11806647	10478292	39673224	3628804	91.47	2990271	106129	35.49	13678824	917029	67.04	810010698	4823499	5.95	27037996	58584	2.17	1.48	1.3	26949136	248763	9.23	5.06	3.35	1328355	30.735262941290614	0.8988919546760397	7.767056980699093	40.85409684900378	0.4961950670668819	1.5495169797149013	2.4797726229978756	2.106974147698326	5.064062642001577	6.014010582343997	11.250908068988597	102347139	96465749	109832	124362	93869925	91189362	112157	349133
GRASO_136	11590820	13870073	12685898	39673224	5556435	140.06	2990271	207378	69.35	13678824	1320353	96.53	810010698	4441861	5.48	27037996	86996	3.22	1.67	1.36	26949136	322615	11.97	6.28	4.03	1184175	40.0606038627194	1.495147141619226	9.519438001515926	32.02478458476751	0.6272209237831697	1.4858104928503262	2.2098153340649325	2.325979106238302	5.352192450609309	6.152584777311554	8.53762629800146	102347139	96465749	100420	119087	93869925	91189362	111015	419738
GRASO_137	7447348	8398243	7212840	39673224	2018237	50.87	2990271	56477	18.89	13678824	501822	36.69	810010698	3962982	4.89	27037996	38426	1.42	1.09	1.0	26949136	143823	5.34	3.07	2.12	1185403	24.031657574090197	0.6724858997292648	5.975321266603027	47.18822734707724	0.45754808476010994	1.5985248343016507	2.6778220158668904	1.7125367770377684	4.318308007996435	5.339593055356936	14.114892841276443	102347139	96465749	90642	95822	93869925	91189362	85770	218839
GRASO_138	15090806	17318316	15340935	39673224	5188374	130.78	2990271	193589	64.74	13678824	1276510	93.32	810010698	7268022	8.97	27037996	95705	3.54	2.12	1.84	26949136	346761	12.87	7.11	4.71	1977381	29.958882838262102	1.1178280844396187	7.370866774806512	41.96725593874139	0.5526230148474021	1.5152397034446075	2.395388789533578	2.002278974468418	4.8503907654762735	5.771918008656269	11.417859565560532	102347139	96465749	152427	166709	93869925	91189362	159593	493245
GRASO_139	11609654	13182330	11455280	39673224	3517359	88.66	2990271	114576	38.32	13678824	778331	56.9	810010698	6021186	7.43	27037996	66450	2.46	1.71	1.54	26949136	218997	8.13	4.65	3.19	1727050	26.682377091151565	0.8691634938588247	5.904350748312324	45.6761892624445	0.5040838759157145	1.6056569665605398	2.635528013636436	1.6612920477639386	4.166205822491168	5.131141459817801	13.10124993077855	102347139	96465749	135761	145213	93869925	91189362	127201	330206
GRASO_140	16842628	19356633	17152862	39673224	5872862	148.03	2990271	209141	69.94	13678824	1314266	96.08	810010698	8189986	10.11	27037996	106525	3.94	2.49	2.16	26949136	364548	13.53	7.59	5.09	2203771	30.340307635114023	1.080461669134296	6.789744890033303	42.31100522492729	0.5503281484956604	1.5898219488895617	2.5210376205407212	1.8833234065036002	4.634029069001825	5.57234824878893	11.385094711461441	102347139	96465749	180252	201211	93869925	91189362	181627	532444
GRASO_141	15066263	17275291	15204378	39673224	5081043	128.07	2990271	194932	65.19	13678824	1139157	83.28	810010698	7425823	9.17	27037996	98672	3.65	2.22	1.92	26949136	315156	11.69	6.53	4.39	2070913	29.412199192476702	1.1283862020037752	6.594140729669909	42.985226703272325	0.5711741700906804	1.5861961456973432	2.5072225990288675	1.8243165918304938	4.465024641263641	5.385107550431423	11.987717023117007	102347139	96465749	159110	175348	93869925	91189362	158947	456190
GRASO_142	16205579	18767337	16739448	39673224	6047612	152.44	2990271	216116	72.27	13678824	1427727	104.37	810010698	7484552	9.24	27037996	105971	3.92	2.37	2.02	26949136	387806	14.39	7.92	5.22	2027889	32.2241349425334	1.151553893874235	7.60750979214579	39.88073534353862	0.5646565626226033	1.5594647232050025	2.4290766452374144	2.0663880016648073	4.9833495290248155	5.901572503333851	10.80541687933669	102347139	96465749	163203	186699	93869925	91189362	172326	547436
GRASO_143	3847487	4681402	4096098	39673224	1919908	48.39	2990271	127344	42.59	13678824	379505	27.74	810010698	1271664	1.57	27037996	58487	2.16	0.84	0.64	26949136	94529	3.51	1.8	1.19	585304	41.011389323113036	2.7202107402867775	8.106652665163129	27.1641700499124	1.2493479517460795	2.2270892352333767	3.1032370217298153	2.0192455166208756	4.542186293764133	5.391589955316805	12.502750244478042	102347139	96465749	41016	45772	93869925	91189362	39764	118109
GRASO_144	3054588	3663144	3119250	39673224	1347218	33.96	2990271	36792	12.3	13678824	283187	20.7	810010698	1135511	1.4	27037996	21060	0.78	0.5	0.43	26949136	75839	2.81	1.55	1.03	543894	36.77764237496533	1.0043831200739037	7.730708921079815	30.998262694559646	0.574915973819211	1.6994144920319814	2.6615115321701794	2.0703253816939764	4.992978708999701	5.9797540036646115	14.847737353486512	102347139	96465749	35243	41192	93869925	91189362	36147	107061
GRASO_145	37541533	42783282	37719194	39673224	11676201	294.31	2990271	443526	148.32	13678824	2862752	209.28	810010698	18915758	23.35	27037996	257503	9.52	6.1	5.24	26949136	868666	32.23	18.5	12.44	5064088	27.29150372334689	1.0366806361419396	6.691286563756376	44.21296617683515	0.601877621263371	1.7604353027427861	2.768752056001688	2.0303865421077325	5.108796936149031	6.162206069183752	11.836604774734205	102347139	96465749	431391	495669	93869925	91189362	450683	1317045
GRASO_146	9723409	11402270	10081508	39673224	3788391	95.49	2990271	112795	37.72	13678824	905449	66.19	810010698	4291746	5.3	27037996	57097	2.11	1.43	1.24	26949136	245890	9.12	5.0	3.31	1320762	33.224884167801676	0.9892328457403657	7.940953862695761	37.63939987388476	0.5007511662151484	1.5477882912788419	2.4645004898147476	2.156500416145206	5.181827829020011	6.1577036853188005	11.58332507474389	102347139	96465749	104526	119386	93869925	91189362	111272	344956
GRASO_147	9026428	10740623	9647970	39673224	4007167	101.0	2990271	121131	40.51	13678824	967098	70.7	810010698	3531970	4.36	27037996	60041	2.22	1.41	1.18	26949136	263261	9.77	5.39	3.56	1092653	37.30851553024438	1.1277837421535046	9.00411456579381	32.8842190997673	0.5590085416832897	1.6207998362851017	2.483273083879771	2.451077558536409	5.928315331429099	7.019006253175444	10.173087724985786	102347139	96465749	92635	114043	93869925	91189362	117147	373477
GRASO_148	10948797	13093378	11831243	39673224	5071580	127.83	2990271	158788	53.1	13678824	1216494	88.93	810010698	4195850	5.18	27037996	72207	2.67	1.56	1.29	26949136	325307	12.07	6.53	4.23	1262135	38.73393099931889	1.2127351704044596	9.290910260133023	32.04558823551874	0.5514772429238658	1.4711940646638324	2.2330142763769594	2.4845154550643844	5.888404046686806	6.8443300117051535	9.639491046542764	102347139	96465749	99748	120422	93869925	91189362	125163	445684
GRASO_149	9046771	10734968	9635991	39673224	3974526	100.18	2990271	118353	39.58	13678824	954081	69.75	810010698	3674016	4.54	27037996	51875	1.92	1.2	1.03	26949136	247722	9.19	4.95	3.22	1098977	37.02410663916278	1.1024997931991973	8.887599851252467	34.22475036721116	0.48323385780004185	1.381271001459902	2.17130596011092	2.307617498254303	5.448651546981789	6.352380370393279	10.237357018670199	102347139	96465749	84810	96404	93869925	91189362	97015	337189
GRASO_150	15810313	18435906	16362327	39673224	6016495	151.65	2990271	193636	64.76	13678824	1418849	103.73	810010698	7139428	8.81	27037996	95859	3.55	2.28	1.97	26949136	396503	14.71	8.18	5.42	2073579	32.63465869266203	1.0503199571531772	7.696117565364023	38.72566935413968	0.5199581729262451	1.5307248800248818	2.417586637727487	2.1507106838145087	5.242009804128965	6.228145229206527	11.247502563747071	102347139	96465749	163501	186344	93869925	91189362	181803	569909
GRASO_151	10051575	12070957	10872215	39673224	4768051	120.18	2990271	143898	48.12	13678824	1115187	81.53	810010698	3775138	4.66	27037996	63609	2.35	1.43	1.2	26949136	291866	10.83	5.8	3.76	1198742	39.50019041572263	1.1921010074014844	9.238596409547313	31.27455428761779	0.5269590472404135	1.466876238561698	2.25348329879727	2.417919308303393	5.680833756594444	6.610279532931814	9.930795047981697	102347139	96465749	94951	113457	93869925	91189362	112193	393865
GRASO_152	17179621	19809858	17450175	39673224	6007629	151.43	2990271	182380	60.99	13678824	1390639	101.66	810010698	8119742	10.02	27037996	98845	3.66	2.65	2.33	26949136	405267	15.04	8.59	5.77	2359683	30.32646170406673	0.9206527376420366	7.019934216590548	40.988390729504474	0.4989687457628419	1.6525307753341796	2.654304740599352	2.045784477607058	5.123201791754388	6.178595525520677	11.91166034607618	102347139	96465749	198450	228519	93869925	91189362	209072	609632
GRASO_153	16368655	18845781	16590993	39673224	5642349	142.22	2990271	203634	68.1	13678824	1350030	98.69	810010698	7850117	9.69	27037996	102634	3.8	2.34	2.04	26949136	372483	13.82	7.69	5.12	2254788	29.939587008890744	1.0805283155948804	7.163566211450723	41.654506119963926	0.5445993456041965	1.530841306072696	2.44099196525737	1.9764795101885138	4.8216786558222235	5.756402454215085	11.964417924627268	102347139	96465749	171525	185865	93869925	91189362	176156	536200
GRASO_154	4926033	5808354	5281941	39673224	2091540	52.72	2990271	59126	19.77	13678824	517717	37.85	810010698	2142055	2.64	27037996	26865	0.99	0.64	0.56	26949136	128841	4.78	2.52	1.63	526413	36.00916886264164	1.0179475975465682	8.913316922487851	36.8788644769241	0.46252346189643395	1.3518459790846082	2.1754528047016417	2.2182015765568006	5.122105160945769	5.942217020519066	9.063032315179138	102347139	96465749	47838	51655	93869925	91189362	47635	168669
GRASO_155	20286765	23398157	20817475	39673224	7113133	179.29	2990271	252334	84.38	13678824	1665046	121.72	810010698	9810690	12.11	27037996	131215	4.85	3.08	2.67	26949136	469068	17.41	9.71	6.48	2580682	30.400398629686947	1.078435365657218	7.116141668764767	41.929328023570406	0.5607920316117205	1.6275127994055258	2.5773568405409026	2.004721995839245	4.903792208933379	5.868915231229536	11.02942424055023	102347139	96465749	222246	249593	93869925	91189362	225821	678329
GRASO_156	4763587	5876160	5326331	39673224	2690396	67.81	2990271	83934	28.07	13678824	634653	46.4	810010698	1409830	1.74	27037996	34208	1.27	0.64	0.52	26949136	151980	5.64	2.89	1.84	549829	45.78493437891412	1.4283818003594184	10.800471736644338	23.992369166258236	0.5821488863475467	1.3515118716985242	2.012674944181234	2.5863829439634047	5.804232696182541	6.624223983009313	9.356943990633338	102347139	96465749	38851	45209	93869925	91189362	48184	189086
GRASO_157	12629076	14482303	12691617	39673224	4161501	104.89	2990271	123365	41.26	13678824	986608	72.13	810010698	6244122	7.71	27037996	67510	2.5	1.76	1.58	26949136	276257	10.25	5.75	3.87	1790686	28.735077563285344	0.8518327506336527	6.812507651580001	43.11553210839464	0.46615514120924	1.5040218396203973	2.4601335851072856	1.9075488201013333	4.692112849731151	5.660266878824452	12.364649462174627	102347139	96465749	138467	150307	93869925	91189362	140211	403269
GRASO_158	8220621	9781599	8768720	39673224	3639544	91.74	2990271	95235	31.85	13678824	837929	61.26	810010698	3376808	4.17	27037996	47244	1.75	1.11	0.96	26949136	218199	8.1	4.35	2.84	1012879	37.20806792427291	0.9736138232614115	8.566380609141715	34.52204491310674	0.48298851752152183	1.406324262525994	2.223143680291944	2.2307089055685068	5.256543434258551	6.151806059520534	10.354942990404739	102347139	96465749	79898	90317	93869925	91189362	87571	295975
GRASO_159	20720420	23983360	21287555	39673224	7536831	189.97	2990271	257071	85.97	13678824	1867547	136.53	810010698	9542513	11.78	27037996	130700	4.83	3.03	2.6	26949136	519791	19.29	10.72	7.06	2695805	31.4252506738005	1.0718723314831617	7.786844712333885	39.788057219672304	0.5449611730800021	1.5588432980199605	2.4453371003896036	2.1672984936222446	5.280440271921866	6.242323844532209	11.240314117788333	102347139	96465749	212611	243163	93869925	91189362	230692	746636
GRASO_160	14384810	17022182	15255409	39673224	6261653	157.83	2990271	200205	66.95	13678824	1508566	110.28	810010698	5812645	7.18	27037996	88264	3.26	1.92	1.63	26949136	399905	14.84	8.03	5.2	1766773	36.78525467534068	1.176141813076608	8.862353839243406	34.14747298554322	0.5185234184430645	1.3957200081634658	2.16704885425382	2.3493169089603203	5.574855209514268	6.482488555227526	10.379239277314742	102347139	96465749	131297	149318	93869925	91189362	154499	549057
GRASO_161	10099164	11675093	10274570	39673224	3556693	89.65	2990271	104464	34.93	13678824	862775	63.07	810010698	4747862	5.86	27037996	58921	2.18	1.51	1.33	26949136	239467	8.89	4.95	3.32	1400523	30.463937203755037	0.894759467868907	7.389876894342512	40.66658826614915	0.5046726394385038	1.59806864065237	2.5675255863058224	2.051092869238815	5.011274856654246	6.021493790242185	11.995818791336395	102347139	96465749	113185	127655	93869925	91189362	117944	345604
GRASO_162	14201010	16552032	14631206	39673224	5392719	135.93	2990271	168716	56.42	13678824	1310514	95.81	810010698	6312160	7.79	27037996	84751	3.13	2.04	1.77	26949136	363000	13.47	7.47	4.94	1920826	32.58040462947389	1.0193068742254727	7.917541483728403	38.13525735087994	0.5120277679501828	1.52531121254478	2.420820597736882	2.1930842086337194	5.330560018250327	6.321894496095706	11.604774567859705	102347139	96465749	148225	167719	93869925	91189362	164086	519316
GRASO_163	9159739	10996589	9892977	39673224	4360308	109.91	2990271	137404	45.95	13678824	1084324	79.27	810010698	3315099	4.09	27037996	58251	2.15	1.22	1.02	26949136	282133	10.47	5.61	3.61	1103612	39.651459193391695	1.2495147358876466	9.86054857556284	30.146611826630966	0.5297188064407973	1.366159997431931	2.101278860199286	2.5656410365068663	6.02950605865146	6.954638388322051	10.035948420005512	102347139	96465749	80838	91980	93869925	91189362	101733	380907
GRASO_164	8834108	10431184	9313185	39673224	3723975	93.87	2990271	110615	36.99	13678824	938741	68.63	810010698	3562994	4.4	27037996	59543	2.2	1.34	1.11	26949136	255531	9.48	5.22	3.43	1117999	35.70040562988822	1.0604261222887066	8.999371499917938	34.15713882527621	0.5708172725167153	1.5862341226077499	2.3935154436926815	2.4496835642051757	5.915129097521432	6.971289165256792	10.717853313679445	102347139	96465749	84209	105920	93869925	91189362	110170	361487
GRASO_165	12064076	14347322	12903843	39673224	5393901	135.96	2990271	171903	57.49	13678824	1308752	95.68	810010698	4717011	5.82	27037996	78510	2.9	1.74	1.45	26949136	354346	13.15	7.15	4.64	1443479	37.595176298406074	1.1981539133226395	9.121925332128184	32.87729236159891	0.5472101344069646	1.4936864175767437	2.2882876679006716	2.469771013712524	5.88825566192771	6.858199739296294	10.060964687347228	102347139	96465749	114004	135794	93869925	91189362	139161	490461
GRASO_166	11074287	13016422	11574150	39673224	4508279	113.64	2990271	134826	45.09	13678824	1086137	79.4	810010698	4668656	5.76	27037996	66988	2.48	1.64	1.41	26949136	299048	11.1	6.13	4.04	1442272	34.63531683284393	1.03581460404403	8.344359148773757	35.86742962082821	0.514642195835384	1.5569870122526759	2.452294493832483	2.2974669997638366	5.565692323128429	6.584382405548929	11.080402894128664	102347139	96465749	116537	135676	93869925	91189362	132597	425406
GRASO_167	7735183	8974826	7815246	39673224	2831114	71.36	2990271	83008	27.76	13678824	724777	52.99	810010698	3387816	4.18	27037996	41870	1.55	1.04	0.93	26949136	197936	7.34	4.1	2.73	1159580	31.545057252363446	0.9248981540143508	8.075666313753603	37.74798530913023	0.4665271504985166	1.433676820029714	2.342752940279845	2.2054577994046904	5.40232200601995	6.443278120378045	12.920361910080485	102347139	96465749	81588	86800	93869925	91189362	93424	286913
GRASO_168	11749229	13902097	12360516	39673224	5117622	128.99	2990271	167305	55.95	13678824	1273321	93.09	810010698	4570321	5.64	27037996	71734	2.65	1.55	1.32	26949136	336005	12.47	6.79	4.4	1541581	36.81187089976426	1.2034515368436862	9.159200946447143	32.87504755577522	0.5159940978688323	1.3731022017757464	2.148596718897876	2.4169375310789443	5.769230354240803	6.712994449686259	11.088837892585557	102347139	96465749	107810	119156	93869925	91189362	131203	466039
GRASO_169	5099655	6115986	5327513	39673224	2376675	59.91	2990271	188428	63.01	13678824	406907	29.75	810010698	1843799	2.28	27037996	86353	3.19	1.25	0.96	26949136	103286	3.83	2.03	1.39	788473	38.86004644222535	3.0809096031285876	6.653170886918315	30.14720766201885	1.411922787266027	2.52662448867607	3.5310414379627426	1.6887873844053929	3.928704218747394	4.8356225799078025	12.892001387838365	102347139	96465749	61430	68175	93869925	91189362	55467	136993
GRASO_170	13601522	15904023	14256497	39673224	5416641	136.53	2990271	170493	57.02	13678824	1366531	99.9	810010698	5858002	7.23	27037996	82379	3.05	1.97	1.68	26949136	373658	13.87	7.68	5.02	1647526	34.05830713398742	1.072011779661033	8.592360561852809	36.8334603137835	0.5179758605731393	1.5333478831110847	2.392545584221049	2.3494558578040285	5.70231192447345	6.692136951763714	10.359177674730475	102347139	96465749	136647	161485	93869925	91189362	157422	533239
GRASO_171	14941606	17350038	15517558	39673224	5609906	141.4	2990271	179183	59.92	13678824	1441253	105.36	810010698	6770568	8.36	27037996	85835	3.17	2.02	1.75	26949136	394136	14.63	8.09	5.29	1832480	32.333681344098494	1.0327527812907382	8.306915523758507	39.02336121684575	0.4947251412360019	1.43896514808786	2.2722716803271554	2.2716722580088873	5.509699748208044	6.469196205795054	10.561821247884298	102347139	96465749	144579	163826	93869925	91189362	166473	561799
GRASO_172	7378973	8798939	7950807	39673224	3356463	84.6	2990271	93280	31.19	13678824	889056	65.0	810010698	2771946	3.42	27037996	44401	1.64	1.03	0.86	26949136	234034	8.68	4.7	3.05	848132	38.14622422089754	1.060127817683473	10.104127327169788	31.503184645330535	0.504617659015479	1.439218978560938	2.2060614353616956	2.6597979597312813	6.316318365202895	7.341248757378588	9.63902579617838	102347139	96465749	67474	82235	93869925	91189362	90183	321735
GRASO_173	7887911	9312464	8324588	39673224	3402258	85.76	2990271	103955	34.76	13678824	898203	65.66	810010698	3094302	3.82	27037996	44832	1.66	0.94	0.81	26949136	232490	8.63	4.69	3.03	987876	36.53445532782731	1.1162996173730175	9.645170171933014	33.227532476904074	0.48141931072163074	1.2529873940989196	1.9708103032666755	2.496546563831012	5.955835104436377	6.89762666465073	10.608105438045182	102347139	96465749	66847	71852	93869925	91189362	87704	322145
GRASO_174	9480039	11427940	10459163	39673224	4719624	118.96	2990271	119835	40.07	13678824	1222155	89.35	810010698	3387372	4.18	27037996	51110	1.89	1.11	0.93	26949136	302942	11.24	5.95	3.77	968777	41.29899176929525	1.0486141859337728	10.69444711820328	29.64114267313269	0.4472372098558446	1.20016380905045	1.8405329394449044	2.6508889616151294	6.151721132592576	6.999004194981772	8.477267119008324	102347139	96465749	73181	86044	93869925	91189362	96827	400073
GRASO_175	8626863	10166021	9026417	39673224	3557501	89.67	2990271	101141	33.82	13678824	913874	66.81	810010698	3560305	4.4	27037996	49805	1.84	1.18	1.02	26949136	240328	8.92	4.79	3.13	1139604	34.994035522846154	0.9948926920375238	8.989495496812372	35.02161760240314	0.4899163596061822	1.4337664657588254	2.2708294621858442	2.3640321026289444	5.567478170662839	6.519197629042868	11.209931594672094	102347139	96465749	85096	95952	93869925	91189362	96752	325663
GRASO_176	8929901	10827798	9844514	39673224	4578711	115.41	2990271	134929	45.12	13678824	1221307	89.28	810010698	2970571	3.67	27037996	56704	2.1	1.11	0.91	26949136	286128	10.62	5.46	3.46	983284	42.2866311322025	1.2461351791010509	11.279366312522638	27.434673236423507	0.5236891194313008	1.2693254898179667	1.9048009576831781	2.6425317502228984	5.954516329174223	6.7672854628429535	9.081107719224168	102347139	96465749	68808	80736	93869925	91189362	88005	358615
GRASO_177	9566475	11352711	10332915	39673224	4281438	107.92	2990271	129261	43.23	13678824	1087656	79.51	810010698	3849419	4.75	27037996	56285	2.08	1.2	1.01	26949136	276924	10.28	5.54	3.57	1019796	37.712912801180266	1.1385914782821478	9.58058387992084	33.90748694298657	0.4957846632403485	1.306771572006017	2.014126846001805	2.4392763983862533	5.7601395825191	6.663456860656454	8.982841190971918	102347139	96465749	80304	92069	93869925	91189362	102551	377008
GRASO_178	15494701	17852430	15841245	39673224	5416798	136.54	2990271	169694	56.75	13678824	1366306	99.88	810010698	7394786	9.13	27037996	85536	3.16	2.12	1.87	26949136	372773	13.83	7.65	5.06	2011185	30.342076680877618	0.9505372657951887	7.653333467768814	41.42173362393803	0.4791280514753454	1.4678113847806713	2.3607710546967553	2.088079886043525	5.060504368312886	6.005938687338362	11.265609219585233	102347139	96465749	159415	176504	93869925	91189362	168783	530650
GRASO_179	22589940	25112887	22206706	39673224	5460323	137.63	2990271	192549	64.39	13678824	1332854	97.44	810010698	13286892	16.4	27037996	124561	4.61	3.35	3.03	26949136	397782	14.76	8.58	5.89	2906181	21.74311141526659	0.7667338287310416	5.307450314254988	52.908660003925476	0.4960043024921826	1.6491851374953423	2.727659308943651	1.5839755899033037	4.034450519368801	4.973916380064148	11.572468748814105	102347139	96465749	270836	289597	93869925	91189362	235927	615385
GRASO_180	14583866	16736766	14884258	39673224	4954253	124.88	2990271	165589	55.38	13678824	1261411	92.22	810010698	7088639	8.75	27037996	85997	3.18	2.07	1.8	26949136	347944	12.91	7.17	4.75	1852508	29.60101730525479	0.9893727378395563	7.5367666608949415	42.35369604856757	0.5138208898899584	1.5293635580493867	2.4301349496073494	2.078920145026823	5.0644431546691875	6.020517942355172	11.068494355480622	102347139	96465749	150760	169969	93869925	91189362	160016	499680
HIGADO_01	5027895	6475385	6050984	39673224	3612509	91.06	2990271	120250	40.21	13678824	906203	66.25	810010698	857504	1.06	27037996	34176	1.26	0.53	0.41	26949136	195778	7.26	3.56	2.18	424401	55.78832764383894	1.8570324389978359	13.994581017190482	13.242517626365075	0.5277832901055304	1.019059098416542	1.4166570790771513	3.0234186847577402	6.489019571809244	7.146818297290432	6.554065897240087	102347139	96465749	25746	31812	93869925	91189362	42595	224411
HIGADO_02	6443163	8285736	7711098	39673224	4541757	114.48	2990271	157695	52.74	13678824	1129312	82.56	810010698	1161305	1.43	27037996	46034	1.7	0.73	0.57	26949136	247753	9.19	4.53	2.8	574638	54.81416496977456	1.9032105295172332	13.629591867276487	14.015713269165225	0.5555813026145172	1.0883402512462381	1.543302852033905	2.990114577630762	6.463770991496712	7.158748480521224	6.935268031711366	102347139	96465749	37697	44143	93869925	91189362	57584	287818
HIGADO_03	5286044	6855639	6412611	39673224	3886947	97.97	2990271	125137	41.85	13678824	974801	71.26	810010698	827840	1.02	27037996	35161	1.3	0.55	0.42	26949136	213483	7.92	3.88	2.37	443028	56.69707812794693	1.8253148977068367	14.218966313716344	12.075314934173168	0.5128770636843626	0.99981927286428	1.37874821005015	3.1139766840115124	6.68839184793715	7.342335265903004	6.4622422505035635	102347139	96465749	25978	33383	93869925	91189362	44832	245049
HIGADO_04	5813397	7385606	6832562	39673224	3849074	97.02	2990271	128202	42.87	13678824	989863	72.36	810010698	1220107	1.51	27037996	39805	1.47	0.66	0.52	26949136	219834	8.16	4.03	2.49	553044	52.11588595438208	1.7358358948473558	13.402596889138144	16.5200661936204	0.538953743267648	1.102522934475519	1.5811160248732465	2.9765194623162947	6.449287979889531	7.156366044979924	7.488132998158852	102347139	96465749	35347	41623	93869925	91189362	52222	256485
HIGADO_05	5648163	7326735	6870805	39673224	4155045	104.73	2990271	127927	42.78	13678824	1047137	76.55	810010698	908275	1.12	27037996	35719	1.32	0.58	0.45	26949136	225545	8.37	4.08	2.5	455930	56.71073131483533	1.7460301211931373	14.292000461324179	12.396722414554368	0.48751592626183426	0.983876174039323	1.389363747972323	3.078383481864705	6.5769677762332055	7.242325537910133	6.222826402210535	102347139	96465749	29709	36367	93869925	91189362	48749	256332
HIGADO_06	5645788	7354212	6877646	39673224	4224228	106.48	2990271	134845	45.09	13678824	1012081	73.99	810010698	872011	1.08	27037996	36823	1.36	0.59	0.46	26949136	222696	8.26	4.07	2.5	476566	57.439573403649504	1.833575099548395	13.7619230993069	11.857300279078165	0.5007062619353372	0.9967893229077432	1.4107969691382298	3.0281422401203555	6.543814619431694	7.216653531336872	6.480177617941936	102347139	96465749	30447	36483	93869925	91189362	49482	258550
HIGADO_07	7018708	9114478	8499431	39673224	5160252	130.07	2990271	180685	60.42	13678824	1270597	92.89	810010698	1069652	1.32	27037996	52480	1.94	0.81	0.62	26949136	283665	10.53	5.2	3.2	615047	56.615990515309825	1.9823954811235487	13.940425332092524	11.73574613927424	0.5757872255547712	1.1014015284254348	1.5257264321664938	3.1122462526104075	6.742097572675035	7.4516938874612455	6.74802221257213	102347139	96465749	38675	47907	93869925	91189362	64676	330842
HIGADO_08	5492037	7139407	6663827	39673224	4069571	102.58	2990271	138514	46.32	13678824	983133	71.87	810010698	856686	1.06	27037996	40266	1.49	0.62	0.48	26949136	214382	7.96	3.9	2.4	475580	57.001526877512376	1.9401331231011203	13.770513433398602	11.999399950163928	0.5639964215515378	1.0792352922308532	1.5066657496904154	3.002798411688814	6.4519224075613	7.120423306865682	6.661337559267877	102347139	96465749	30516	36785	93869925	91189362	47727	246247
HIGADO_09	5657540	7184417	6650572	39673224	3751061	94.55	2990271	126549	42.32	13678824	949348	69.4	810010698	1196704	1.48	27037996	39400	1.46	0.65	0.51	26949136	210559	7.81	3.9	2.41	533845	52.21107015363947	1.7614372885092833	13.213987996520803	16.656939595794622	0.5484091471861948	1.1129365124546642	1.6012711957003611	2.93077364523802	6.413561462259221	7.124697800809725	7.43059596902574	102347139	96465749	35084	40558	93869925	91189362	51091	250218
HIGADO_10	6367088	8053692	7475069	39673224	4150405	104.61	2990271	160540	53.69	13678824	1031055	75.38	810010698	1444185	1.78	27037996	50393	1.86	0.78	0.59	26949136	229830	8.53	4.24	2.62	578623	51.5341907785895	1.9933714872632329	12.802265097796143	17.93196213612341	0.6257130270191609	1.1983448088156339	1.6611015171675303	2.8537222431649982	6.214218274053689	6.892540713004669	7.184568270055522	102347139	96465749	37269	46118	93869925	91189362	54630	270644
HIGADO_11	6948157	8936258	8315345	39673224	4909437	123.75	2990271	178385	59.66	13678824	1212159	88.62	810010698	1198937	1.48	27037996	56142	2.08	0.84	0.63	26949136	275630	10.23	5.15	3.18	620913	54.93839815278386	1.996193485013526	13.564503173475966	13.416544150806747	0.6282495424818756	1.1667299668384687	1.6031206798192266	3.0844006518164537	6.811822129575937	7.5329964734679775	6.948243884632695	102347139	96465749	38997	48120	93869925	91189362	64446	333092
HIGADO_12	6500278	8306215	7693008	39673224	4424254	111.52	2990271	152669	51.06	13678824	1074619	78.56	810010698	1320563	1.63	27037996	47520	1.76	0.77	0.6	26949136	240664	8.93	4.45	2.76	613207	53.26438094848255	1.838009249700375	12.937529307873682	15.898492875515501	0.5721017334610289	1.142915274887539	1.6322837778699446	2.8973967083683725	6.32582951440578	7.046795682510024	7.382508158047919	102347139	96465749	40648	47413	93869925	91189362	59885	284773
HIGADO_13	7281307	9501289	8902808	39673224	5477381	138.06	2990271	200542	67.06	13678824	1332852	97.44	810010698	1039285	1.28	27037996	58281	2.16	0.85	0.63	26949136	299232	11.1	5.48	3.35	598481	57.648820070624105	2.110682034827064	14.028117658561905	10.938357942801234	0.613400981698378	1.1079233565045754	1.490587224533429	3.1493832047420094	6.810381201961123	7.484489736076863	6.298945332575401	102347139	96465749	36358	46986	93869925	91189362	64049	347842
HIGADO_14	7358750	9588120	8987923	39673224	5497883	138.58	2990271	184919	61.84	13678824	1368199	100.02	810010698	1089376	1.34	27037996	53941	2.0	0.81	0.6	26949136	303631	11.27	5.5	3.36	600197	57.34057354309291	1.928626258328014	14.269731709657368	11.361726803586105	0.5625816114107876	1.0466806840131329	1.411893050983926	3.1667417595941645	6.776834249049866	7.427650050270543	6.259798584081134	102347139	96465749	35017	46416	93869925	91189362	62401	346140
HIGADO_15	7067478	9283409	8722532	39673224	5485088	138.26	2990271	193808	64.81	13678824	1318190	96.37	810010698	906800	1.12	27037996	53419	1.98	0.78	0.57	26949136	290810	10.79	5.31	3.25	560877	59.08484695654366	2.087681367911292	14.199417476920386	9.76796347117745	0.5754243942069126	1.0348245994547909	1.3884446974166493	3.1325776985587943	6.762558883272297	7.429932258720908	6.041713771309656	102347139	96465749	32828	42648	93869925	91189362	61955	336986
HIGADO_16	4754823	6260528	5864616	39673224	3717375	93.7	2990271	123913	41.44	13678824	875543	64.01	810010698	618441	0.76	27037996	33972	1.26	0.52	0.39	26949136	189065	7.02	3.4	2.08	395912	59.37797898196446	1.9792739526123038	13.985130327665654	9.878416005806539	0.5426379372474653	1.0169749260765226	1.4007125277612367	3.0199529496553645	6.414091590996798	7.054548753715341	6.323939450474465	102347139	96465749	24024	29696	93869925	91189362	40096	212491
HIGADO_17	7132805	9173632	8517783	39673224	5038283	126.99	2990271	167752	56.1	13678824	1246680	91.14	810010698	1236635	1.53	27037996	49941	1.85	0.8	0.61	26949136	283136	10.51	5.26	3.25	655849	54.92135503146409	1.8286323235987667	13.589819168678229	13.480320553516862	0.5443972463687229	1.0718437364829982	1.5102197254042893	3.086411140102415	6.775429840656351	7.520369249605826	7.149283947731934	102347139	96465749	40215	48386	93869925	91189362	68338	338417
HIGADO_18	7501918	9587914	8858743	39673224	5089630	128.29	2990271	187081	62.56	13678824	1261204	92.2	810010698	1451189	1.79	27037996	57503	2.13	0.92	0.71	26949136	289080	10.73	5.37	3.34	729171	53.083809470965214	1.9512169174650502	13.154102133164733	15.13560718212533	0.5997446368417573	1.1861599926741102	1.6761518720338962	3.0150458170567656	6.616527849540578	7.394006662971737	7.605105761274038	102347139	96465749	46980	56225	93869925	91189362	74544	345307
HIGADO_19	6881822	8887738	8298278	39673224	4958127	124.97	2990271	174487	58.35	13678824	1244788	91.0	810010698	1114634	1.38	27037996	51643	1.91	0.78	0.58	26949136	283132	10.51	5.19	3.18	589460	55.78615166198644	1.963232939584853	14.005678385208926	12.541256279156743	0.5810589826117737	1.082165113328048	1.4797015843626353	3.1856474617051047	6.89933704166347	7.591695434766417	6.632283714933991	102347139	96465749	35332	44537	93869925	91189362	61535	330063
HIGADO_20	5322292	6940095	6512217	39673224	4006366	100.98	2990271	136621	45.69	13678824	988268	72.25	810010698	788509	0.97	27037996	38410	1.42	0.58	0.43	26949136	213850	7.94	3.83	2.33	427878	57.72782649228865	1.9685753581182968	14.239977983010318	11.361645625888405	0.5534506372030931	1.0282279997608101	1.4057588548859923	3.081369923610556	6.519219117317558	7.130911032197686	6.16530465361065	102347139	96465749	26201	32950	93869925	91189362	42452	238590
HIGADO_21	9614525	12249465	11347265	39673224	6466531	162.99	2990271	244570	81.79	13678824	1583883	115.79	810010698	1953897	2.41	27037996	79197	2.93	1.25	0.95	26949136	363516	13.49	6.7	4.17	902200	52.790313699414625	1.996576993362567	12.930221850505308	15.95087622194112	0.6465343588475089	1.2594264320931567	1.7570644922043535	2.967607156720722	6.463400646477213	7.2097271186945715	7.365219623877451	102347139	96465749	60958	75076	93869925	91189362	91421	428216
HIGADO_22	3673139	4794308	4505009	39673224	2803981	70.68	2990271	96900	32.41	13678824	689740	50.42	810010698	515215	0.64	27037996	25340	0.94	0.37	0.28	26949136	146170	5.42	2.61	1.59	289299	58.48562503702307	2.0211467431796204	14.386643494744183	10.746389259930735	0.5285434310853621	0.9608894547450851	1.2991030196641518	3.048823730139991	6.438363993302057	7.026874368522005	6.0342180769362335	102347139	96465749	16215	20728	93869925	91189362	28215	162505
HIGADO_23	6984989	8961958	8334044	39673224	4858613	122.47	2990271	173721	58.1	13678824	1212399	88.63	810010698	1280393	1.58	27037996	51804	1.92	0.81	0.61	26949136	276551	10.26	5.12	3.16	627914	54.21374436256006	1.9384268482400835	13.528282547184444	14.286978358970215	0.5780433249073472	1.111196905854725	1.546291558161732	3.085832359401818	6.755164440627818	7.4798386691836765	7.006437655699791	102347139	96465749	38993	47781	93869925	91189362	64945	328844
HIGADO_24	6500353	8489299	7965171	39673224	4913629	123.85	2990271	182750	61.11	13678824	1150345	84.1	810010698	994305	1.23	27037996	51613	1.91	0.77	0.56	26949136	251815	9.34	4.59	2.82	524128	57.880267852504666	2.152710135430499	13.550529908299849	11.712451169407508	0.6079771722023221	1.1164172683751628	1.4982273565815034	2.966263763356668	6.390009351773332	7.031829129825678	6.173984447950296	102347139	96465749	32413	43163	93869925	91189362	54486	290652
HIGADO_25	3877617	5078053	4763924	39673224	2985471	75.25	2990271	85673	28.65	13678824	735842	53.79	810010698	524932	0.65	27037996	22495	0.83	0.37	0.29	26949136	156403	5.8	2.83	1.73	314129	58.79164711356892	1.687122997731611	14.490632531799097	10.33726902810979	0.44298474238059354	0.8929012753510056	1.2778322715418684	3.0799796693732815	6.581223157773265	7.2294834260296215	6.186012631219091	102347139	96465749	19547	22847	93869925	91189362	32919	177795
HIGADO_26	5168994	6735961	6330761	39673224	3902838	98.37	2990271	129989	43.47	13678824	968340	70.79	810010698	757888	0.94	27037996	36112	1.34	0.55	0.41	26949136	206642	7.67	3.7	2.26	405200	57.94032952387938	1.9297766124239735	14.375677056325001	11.251371556337693	0.5361076170126282	1.0095812609366355	1.3812431514968688	3.0677434147852103	6.4841675894501165	7.106127841298368	6.015474258238728	102347139	96465749	25035	31893	93869925	91189362	41895	230129
HIGADO_27	6332029	8180817	7626083	39673224	4573104	115.27	2990271	138246	46.23	13678824	1119300	81.83	810010698	1069729	1.32	27037996	39377	1.46	0.67	0.53	26949136	250758	9.3	4.63	2.86	554734	55.90033367083018	1.6898801183304797	13.682007554991147	13.07606563011983	0.4813333436012564	1.0148375156173277	1.458974085351133	3.0651950777043417	6.688891830730354	7.411826960559073	6.7809119798181525	102347139	96465749	36334	43645	93869925	91189362	59142	296448
HIGADO_28	4587780	6004476	5650646	39673224	3520219	88.73	2990271	103572	34.64	13678824	875551	64.01	810010698	637693	0.79	27037996	27728	1.03	0.44	0.33	26949136	187720	6.97	3.39	2.07	353830	58.62658123706381	1.7249132147418027	14.581638764148611	10.62029392739683	0.46178883885954414	0.9056577126796743	1.2561129397469488	3.12633442118846	6.677535225388527	7.297689257147501	5.89277065975449	102347139	96465749	21043	26652	93869925	91189362	37237	213231
HIGADO_29	4921649	6388252	5994242	39673224	3644461	91.86	2990271	118039	39.47	13678824	911604	66.64	810010698	772025	0.95	27037996	32463	1.2	0.52	0.39	26949136	196051	7.27	3.54	2.17	394010	57.049424474801555	1.8477511532106121	14.270006881381637	12.08507428949265	0.5081671793786469	0.9963601936805249	1.3847606512704884	3.068930280145492	6.545045499144367	7.195254664343236	6.16772788549982	102347139	96465749	24812	31187	93869925	91189362	41537	222063
HIGADO_30	5720843	7392813	6918835	39673224	4132621	104.17	2990271	132964	44.47	13678824	1042697	76.23	810010698	970593	1.2	27037996	37556	1.39	0.59	0.45	26949136	227891	8.46	4.14	2.54	473978	55.9005212224359	1.798557599116872	14.104198226033851	13.128872595587094	0.5080068980508502	0.9911247586000078	1.3824642933616744	3.082601981140332	6.623216358915071	7.274051162933513	6.411334900531098	102347139	96465749	28931	35716	93869925	91189362	48115	261751
HIGADO_31	4775254	6164338	5750128	39673224	3449003	86.94	2990271	112905	37.76	13678824	873826	63.88	810010698	787297	0.97	27037996	32194	1.19	0.51	0.39	26949136	186630	6.93	3.36	2.07	414210	55.950906650478935	1.8315835374374343	14.1755043282831	12.771801286691286	0.5222620823193018	1.020304207848434	1.4402033113693635	3.027575710481807	6.443481846712494	7.110544554824866	6.719456330915015	102347139	96465749	25884	30701	93869925	91189362	41120	210568
HIGADO_32	4912608	6407453	6003366	39673224	3689437	93.0	2990271	113531	37.97	13678824	915004	66.89	810010698	733326	0.91	27037996	31038	1.15	0.5	0.39	26949136	197765	7.34	3.57	2.19	404087	57.58039895103405	1.7718584904173311	14.280307635498849	11.444890816990776	0.48440464565249247	0.9667335835315529	1.3729948545857458	3.0864838181411556	6.58011849638226	7.243034010549902	6.306515240923344	102347139	96465749	26031	30905	93869925	91189362	42476	223853
HIGADO_33	5122193	6715423	6313341	39673224	3973586	100.16	2990271	129628	43.35	13678824	964523	70.51	810010698	665902	0.82	27037996	34879	1.29	0.53	0.39	26949136	209205	7.76	3.8	2.32	402082	59.17104551716251	1.9303028267914024	14.362803355797544	9.916009758432194	0.5193864928538381	0.971078069095573	1.3159707139818295	3.1152914715871214	6.682914836489079	7.316426679302257	5.987441148532267	102347139	96465749	23161	30333	93869925	91189362	42543	239581
HIGADO_34	8320573	10486584	9666706	39673224	5297063	133.52	2990271	173328	57.96	13678824	1339477	97.92	810010698	1919218	2.37	27037996	55699	2.06	0.99	0.79	26949136	306450	11.37	5.72	3.58	819878	50.51275992258299	1.6528547332477384	12.773244366325583	18.301650947534487	0.531145318628068	1.1692749516906555	1.711348519212739	2.9223052998002017	6.445168417093688	7.22978998690136	7.818351524195105	102347139	96465749	56845	66918	93869925	91189362	82280	369428
HIGADO_35	4818826	6212940	5789557	39673224	3448313	86.92	2990271	119205	39.86	13678824	905868	66.22	810010698	747994	0.92	27037996	35378	1.31	0.54	0.41	26949136	201457	7.48	3.66	2.24	423383	55.50211333120873	1.918656867763088	14.580343605442833	12.039292186951748	0.5694244592737094	1.0803902822174365	1.5064687571423514	3.242538959011354	6.951716900533403	7.638589781971176	6.814535469520067	102347139	96465749	26472	31746	93869925	91189362	42675	230449
HIGADO_36	5728946	7368419	6875551	39673224	4033474	101.67	2990271	128129	42.85	13678824	1055674	77.18	810010698	978993	1.21	27037996	37219	1.38	0.61	0.46	26949136	239036	8.87	4.41	2.71	492868	54.74001953471973	1.7388940558347727	14.32700827680945	13.286337272622525	0.5051151407106463	1.0162017116561912	1.4195446811588754	3.24406090370268	7.067513397378732	7.7992714583684775	6.688924720486172	102347139	96465749	29720	37659	93869925	91189362	53919	281728
HIGADO_37	5533365	6954587	6432486	39673224	3492139	88.02	2990271	104985	35.11	13678824	923189	67.49	810010698	1303641	1.61	27037996	32839	1.21	0.59	0.47	26949136	207821	7.71	3.84	2.37	522101	50.213463430682516	1.5095792172849372	13.27453377173943	18.74505272563274	0.4721919504350151	1.0398892126879713	1.512699460082964	2.9882579655700616	6.51995582196326	7.237381601524288	7.507289793053132	102347139	96465749	32882	39481	93869925	91189362	49894	245615
HIGADO_38	4819876	6254237	5858302	39673224	3559742	89.73	2990271	107959	36.1	13678824	931961	68.13	810010698	684883	0.85	27037996	29743	1.1	0.48	0.36	26949136	208399	7.73	3.8	2.32	395935	56.91728663304573	1.7261737922627491	14.901274128242981	10.950704298541933	0.4755656045653531	0.9400027533334602	1.301965371635261	3.3321250857618603	7.179852634302154	7.871927462934328	6.330668313337022	102347139	96465749	22638	29047	93869925	91189362	43284	240646
HIGADO_39	5430654	7035704	6575370	39673224	3967083	99.99	2990271	128421	42.95	13678824	1026299	75.03	810010698	810397	1.0	27037996	36458	1.35	0.58	0.44	26949136	227706	8.45	4.17	2.56	460334	56.38501847149908	1.8252757648701539	14.587012188119342	11.518349833932753	0.5181855291240223	1.013118232375893	1.4241503053567917	3.236435188291037	7.002071150235996	7.717365596960872	6.542827839261004	102347139	96465749	28919	34822	93869925	91189362	50326	264939
HIGADO_40	4913940	6353112	5932490	39673224	3558750	89.7	2990271	120883	40.43	13678824	921708	67.38	810010698	752140	0.93	27037996	34596	1.28	0.54	0.41	26949136	203562	7.55	3.72	2.29	420622	56.015854907012496	1.9027368004845497	14.507976563296854	11.83892240527162	0.5445520242677919	1.0490292001778025	1.4677531263418622	3.204130511157367	6.92578692143315	7.646032369648134	6.620723827944479	102347139	96465749	26602	32050	93869925	91189362	45758	236441
HIGADO_41	7093135	9024773	8365227	39673224	4737276	119.41	2990271	171359	57.31	13678824	1147191	83.87	810010698	1539796	1.9	27037996	53615	1.98	0.87	0.66	26949136	258363	9.59	4.72	2.92	659546	52.49191309299414	1.898762439786574	12.711577343829036	17.06188067001796	0.5940869648466505	1.1874204481375874	1.6608173967367377	2.8628199290996017	6.182648582961589	6.866876319216007	7.308172737419545	102347139	96465749	42723	53547	93869925	91189362	61750	299607
HIGADO_42	7060590	8936784	8256315	39673224	4588506	115.66	2990271	160640	53.72	13678824	1107596	80.97	810010698	1638227	2.02	27037996	50300	1.86	0.86	0.68	26949136	248520	9.22	4.6	2.87	680469	51.344040540758286	1.7975146316616806	12.393675398219314	18.3312811409563	0.5628422931560167	1.1863663707212795	1.7210106006814083	2.7808661370801846	6.080140238367628	6.798228535007672	7.61424915271534	102347139	96465749	47780	55723	93869925	91189362	64174	294849
HIGADO_43	5930021	7691552	7166980	39673224	4354317	109.75	2990271	156578	52.36	13678824	1014049	74.13	810010698	976577	1.21	27037996	45432	1.68	0.72	0.55	26949136	226032	8.39	4.14	2.56	524572	56.61168253169191	2.035713988542234	13.183932189498297	12.696748328555799	0.5906740278164927	1.1539803670312572	1.607360907135517	2.938704698349566	6.358521661167993	7.044456047362092	6.820106007214148	102347139	96465749	34872	43327	93869925	91189362	52759	263037
HIGADO_44	4524400	5868023	5465722	39673224	3321095	83.71	2990271	112350	37.57	13678824	808174	59.08	810010698	714036	0.88	27037996	31559	1.17	0.5	0.39	26949136	177056	6.57	3.24	1.99	402301	56.59648914123206	1.9146141724393377	13.772509071624292	12.168254964235825	0.5378131612640237	1.0608172462855037	1.4852361689788878	3.017302420252954	6.518839479668024	7.2070780908663785	6.855818390623214	102347139	96465749	24905	30690	93869925	91189362	40386	205471
HIGADO_45	5511212	7024154	6494661	39673224	3710603	93.53	2990271	126030	42.15	13678824	923101	67.48	810010698	1134077	1.4	27037996	37625	1.39	0.63	0.5	26949136	203552	7.55	3.72	2.3	529493	52.826333249527266	1.7942374270267993	13.141810387414626	16.145389181387536	0.5356516955636224	1.1159493371016638	1.5974165714476078	2.8978863504416332	6.250831060936306	6.95663847916774	7.538174704028414	102347139	96465749	33819	40761	93869925	91189362	49577	235516
HIGADO_46	4466621	5912183	5572135	39673224	3595213	90.62	2990271	115334	38.57	13678824	833862	60.96	810010698	543864	0.67	27037996	31307	1.16	0.47	0.35	26949136	173883	6.45	3.13	1.91	340048	60.81024555566024	1.9507853528891106	14.10413040327067	9.199038663045442	0.5295336764778763	0.9808052287961994	1.3293736002420764	2.941096376752885	6.255692694221407	6.854777668417909	5.751648756474554	102347139	96465749	20608	26680	93869925	91189362	35419	195965
HIGADO_47	4144023	5403270	5060990	39673224	3108949	78.36	2990271	106141	35.5	13678824	776607	56.77	810010698	602495	0.74	27037996	29243	1.08	0.44	0.33	26949136	167020	6.2	3.03	1.85	342280	57.53828700027947	1.9643845301086194	14.372907517114635	11.150562529727368	0.541209304735836	1.0054467017195141	1.3670980720933805	3.0910911355531003	6.620601968807778	7.272077834348459	6.334682516328076	102347139	96465749	19541	25084	93869925	91189362	35201	190709
HIGADO_48	5203598	6559136	6062830	39673224	3324802	83.8	2990271	118979	39.79	13678824	843679	61.68	810010698	1219281	1.51	27037996	36575	1.35	0.6	0.47	26949136	185529	6.88	3.42	2.12	496306	50.68963351270656	1.8139431778819648	12.862654471564547	18.589048923516756	0.5576191742327038	1.134509179257756	1.6104560112795343	2.828558517463276	6.168678313729125	6.867627077712675	7.566636825337972	102347139	96465749	31218	37839	93869925	91189362	45845	219083
HIGADO_49	7500495	9759041	9150993	39673224	5567232	140.33	2990271	189139	63.25	13678824	1358442	99.31	810010698	1190595	1.47	27037996	54918	2.03	0.84	0.62	26949136	300076	11.13	5.45	3.33	608048	57.04691680258337	1.9380900233947167	13.919830852232304	12.199918004238326	0.5627397200196208	1.0619178667248144	1.4357865696024845	3.0748513096727432	6.594479928919244	7.2288455392287005	6.230612208720099	102347139	96465749	36486	48715	93869925	91189362	61908	343482
HIGADO_50	5391621	7034555	6597663	39673224	4060717	102.35	2990271	134940	45.13	13678824	991412	72.48	810010698	809591	1.0	27037996	37352	1.38	0.57	0.43	26949136	214721	7.97	3.9	2.38	436892	57.72528610551769	1.9182450062583918	14.093457226505443	11.508773476076312	0.5309788607808169	1.0046264475862368	1.3703922991575161	3.0523750258545137	6.548971470121422	7.173190059641299	6.210655826843347	102347139	96465749	25730	33319	93869925	91189362	43911	245970
HIGADO_51	6282583	7769381	7132058	39673224	3625823	91.39	2990271	120991	40.46	13678824	940563	68.76	810010698	1793414	2.21	27037996	39885	1.48	0.71	0.57	26949136	211849	7.86	3.94	2.46	637323	46.6681065068118	1.5572797884413185	12.106022345924341	23.08310018520137	0.513361360448149	1.134195890251746	1.669901373095231	2.7267165814110546	5.9910693014025185	6.712581092367591	8.203008708158347	102347139	96465749	41621	48235	93869925	91189362	56057	253620
HIGADO_52	6440024	8249550	7668354	39673224	4438185	111.87	2990271	147428	49.3	13678824	1093310	79.93	810010698	1295364	1.6	27037996	43591	1.61	0.72	0.56	26949136	237888	8.83	4.34	2.68	581196	53.79911631543539	1.787103538980914	13.25296531325951	15.702238303907487	0.5284045796437381	1.081246855889109	1.538277845458237	2.8836481989926726	6.208629561612452	6.875114400179403	7.04518428277906	102347139	96465749	37703	45607	93869925	91189362	54982	274296
HIGADO_53	5172927	6673172	6231296	39673224	3697409	93.2	2990271	123596	41.33	13678824	933784	68.26	810010698	906041	1.12	27037996	35426	1.31	0.55	0.42	26949136	201744	7.49	3.66	2.25	441876	55.40706878228225	1.8521326889221497	13.993105527626144	13.57736620605613	0.5308719751266714	1.0204892066321682	1.4092548491182304	3.0232099517291027	6.483078811695547	7.139393379939854	6.621678566055243	102347139	96465749	25943	32673	93869925	91189362	43797	230883
HIGADO_54	5276814	6962991	6570044	39673224	4209103	106.09	2990271	135498	45.31	13678824	1004497	73.43	810010698	629873	0.78	27037996	35140	1.3	0.53	0.39	26949136	216255	8.02	3.9	2.37	392947	60.449640104374694	1.9459740792426703	14.426228613536912	9.046011979621976	0.5046681806712087	0.940587170082512	1.2654332024843922	3.105777387907007	6.615059534042195	7.223346978331582	5.6433650424077815	102347139	96465749	22619	30353	93869925	91189362	42355	244351
HIGADO_55	4667296	6120314	5736750	39673224	3580483	90.25	2990271	124843	41.75	13678824	881548	64.45	810010698	636155	0.79	27037996	34657	1.28	0.52	0.39	26949136	184709	6.85	3.29	2.01	383564	58.50162262916576	2.039813643548354	14.403640074675907	10.394156247538934	0.5662617963718855	1.0448483525518462	1.4238975320547278	3.0179660716754078	6.352092392645215	6.969805797545682	6.267064075470638	102347139	96465749	23199	29291	93869925	91189362	37806	204059
HIGADO_56	4469791	5848734	5465740	39673224	3402508	85.76	2990271	106673	35.67	13678824	834148	60.98	810010698	625663	0.77	27037996	28483	1.05	0.45	0.34	26949136	179110	6.65	3.23	1.98	382994	58.17511960708078	1.823864788516626	14.262026619777886	10.697409046128616	0.48699427944577406	0.9495217255563342	1.3307837217421754	3.0623721304473754	6.527002253821084	7.16247310956525	6.548323107188667	102347139	96465749	22299	27052	93869925	91189362	37167	202637
HIGADO_57	4990521	6529326	6102791	39673224	3779117	95.26	2990271	130244	43.56	13678824	912820	66.73	810010698	731381	0.9	27037996	35837	1.33	0.54	0.42	26949136	193883	7.19	3.5	2.15	426535	57.87912871864569	1.9947541292929776	13.980309759384046	11.201477763554768	0.548862164333654	1.0289882906750254	1.436564815418927	2.969418282989699	6.334819244742873	6.97516098905155	6.532603824652039	102347139	96465749	26612	31349	93869925	91189362	41810	219738
HIGADO_58	5155337	6774921	6369059	39673224	4016573	101.24	2990271	127921	42.78	13678824	952277	69.62	810010698	708210	0.87	27037996	32913	1.22	0.52	0.39	26949136	202721	7.52	3.67	2.24	405862	59.28590163634381	1.8881548581894902	14.05591297669744	10.453406024955864	0.4858064027610064	0.9432582313505944	1.3070115503929862	2.99222677282879	6.398834761320464	7.018960073482776	5.990652879937641	102347139	96465749	24644	30992	93869925	91189362	42013	230795
HIGADO_59	5083251	6699577	6300058	39673224	4008509	101.04	2990271	126201	42.2	13678824	958495	70.07	810010698	647372	0.8	27037996	31945	1.18	0.5	0.38	26949136	202908	7.53	3.65	2.23	399519	59.8322700074945	1.883715942066193	14.30679877251952	9.662878716074164	0.4768211485590807	0.9187594978011299	1.2865289853374324	3.0286688249123785	6.439660294970862	7.064460935369501	5.963346641138687	102347139	96465749	24639	29608	93869925	91189362	41859	228522
HIGADO_60	5216545	6708032	6227362	39673224	3667664	92.45	2990271	118770	39.72	13678824	894572	65.4	810010698	986089	1.22	27037996	33927	1.25	0.57	0.44	26949136	193190	7.17	3.52	2.17	480670	54.675708165971784	1.7705640044650952	13.335833818324064	14.700123672636028	0.5057668180473796	1.0423772575920924	1.4946410512054802	2.8799802982454468	6.193575105187334	6.857540333737227	7.165588953660329	102347139	96465749	30338	35996	93869925	91189362	44539	222277
MUSCULO_100	10120186	12672615	11536343	39673224	6194711	156.14	2990271	236958	79.24	13678824	1535542	112.26	810010698	2306752	2.85	27037996	81858	3.03	1.39	1.1	26949136	392391	14.56	7.6	4.78	1136272	48.882657604606464	1.869842964534155	12.117009788429618	18.20265193884609	0.6459440297049978	1.3529962048085578	1.9692857393679204	3.0963696127437	7.081395591991077	7.992194191964326	8.966357772251426	102347139	96465749	78100	89602	93869925	91189362	115422	505007
MUSCULO_101	6573728	8445118	7758502	39673224	4570122	115.19	2990271	152614	51.04	13678824	1104027	80.71	810010698	1091858	1.35	27037996	47239	1.75	0.78	0.62	26949136	275810	10.23	5.29	3.3	686616	54.115549362365336	1.8071269104824823	13.07296120669954	12.928866121231225	0.5593645938398966	1.1409195229717335	1.6563297280156417	3.265910553292447	7.405414583905162	8.2888362246685	8.130330446537277	102347139	96465749	43527	49113	93869925	91189362	74606	349586
MUSCULO_102	4148567	5392021	4969905	39673224	3048431	76.84	2990271	99719	33.35	13678824	720830	52.7	810010698	596994	0.74	27037996	29385	1.09	0.48	0.38	26949136	170713	6.33	3.18	1.97	422116	56.53596304613798	1.8493807794888037	13.368456836499709	11.071804060110301	0.5449719131286765	1.0983451288487192	1.5908877209491579	3.166029954260193	6.961656862983285	7.754977215407729	7.828530341406312	102347139	96465749	26558	29838	93869925	91189362	42776	204661
MUSCULO_103	4336993	5573862	5092385	39673224	3002122	75.67	2990271	113065	37.81	13678824	767720	56.12	810010698	657411	0.81	27037996	35535	1.31	0.55	0.43	26949136	185432	6.88	3.46	2.15	481477	53.860716322004386	2.0284858146828895	13.773573870325459	11.794533126223792	0.6375292391523149	1.214866819451217	1.7305415885789779	3.3268136168423257	7.341157710757819	8.17402727229343	8.638122005891068	102347139	96465749	28743	32180	93869925	91189362	46423	223754
MUSCULO_104	6226973	7910915	7234177	39673224	4090243	103.1	2990271	134303	44.91	13678824	989724	72.35	810010698	1256412	1.55	27037996	42606	1.58	0.75	0.61	26949136	246224	9.14	4.71	2.96	676738	51.7037915335963	1.6976923655481067	12.510866315716957	15.882006063773913	0.5385723396092614	1.167285958703892	1.7295470877894656	3.1124591782366515	7.035873852771772	7.921612101760668	8.554484531814587	102347139	96465749	44480	49737	93869925	91189362	70070	310378
MUSCULO_105	5571150	7140282	6542837	39673224	3835913	96.69	2990271	138396	46.28	13678824	896140	65.51	810010698	988233	1.22	27037996	43785	1.62	0.72	0.57	26949136	221683	8.23	4.19	2.62	597445	53.722149909485374	1.9382427752853457	12.550484700744313	13.840251687538391	0.6132110748567073	1.2402451331754125	1.792828350476914	3.1046812997021687	6.937275026392515	7.788796016739955	8.367246559729715	102347139	96465749	39456	44772	93869925	91189362	60801	273658
MUSCULO_106	4352891	5537420	5047174	39673224	2883217	72.67	2990271	97254	32.52	13678824	681949	49.85	810010698	867815	1.07	27037996	31733	1.17	0.56	0.45	26949136	166090	6.16	3.12	1.96	490246	52.067876375640644	1.7563052829657133	12.31528401313247	15.671829118975985	0.5730647124473129	1.2495169230435834	1.838130392854434	2.999411278176479	6.658786944100322	7.497246009874635	8.853328806556123	102347139	96465749	32594	37458	93869925	91189362	46429	202635
MUSCULO_107	6215756	7863604	7180633	39673224	4010120	101.08	2990271	132898	44.44	13678824	957206	69.98	810010698	1318743	1.63	27037996	43190	1.6	0.77	0.63	26949136	241139	8.95	4.65	2.93	682971	50.99595554404826	1.6900393254797672	12.172611947397147	16.7702112161294	0.5492392546725394	1.2085171125097347	1.7995819728460385	3.0665201350424054	6.986885402672871	7.886383902342997	8.6852160917564	102347139	96465749	46479	51843	93869925	91189362	70733	308282
MUSCULO_108	7979927	10079169	9210217	39673224	5119083	129.03	2990271	184603	61.73	13678824	1215158	88.83	810010698	1707324	2.11	27037996	61632	2.28	1.06	0.85	26949136	306920	11.39	5.95	3.74	868952	50.788740619390346	1.8315299604560655	12.05613280221812	16.939134565557936	0.6114789820470318	1.3010596409287314	1.8995315982895018	3.045092308701243	6.968679659999748	7.863664157233598	8.621266296854433	102347139	96465749	60321	69504	93869925	91189362	90207	395465
MUSCULO_109	4908031	6406734	5912320	39673224	3686300	92.92	2990271	119087	39.82	13678824	874264	63.91	810010698	621086	0.77	27037996	34620	1.28	0.56	0.44	26949136	208958	7.75	3.91	2.42	494414	57.53789684416428	1.8587785914008603	13.646016831664934	9.694268561797633	0.5403689305658702	1.0713414978677123	1.5458110169705812	3.2615370015361957	7.20368599664041	8.000129239016323	7.717098914985389	102347139	96465749	30398	34018	93869925	91189362	51026	252563
MUSCULO_110	5282880	6744527	6191788	39673224	3575179	90.12	2990271	119428	39.94	13678824	845530	61.81	810010698	1024438	1.26	27037996	36833	1.36	0.63	0.51	26949136	204765	7.6	3.87	2.42	552739	53.008594968928136	1.7707394454792753	12.536535178819804	15.189174867266452	0.5461168737259113	1.1535871974417184	1.692587189583495	3.036017203282009	6.782951569472552	7.606997495895561	8.195370854027273	102347139	96465749	36353	40971	93869925	91189362	55578	252713
MUSCULO_111	4889920	6240849	5708762	39673224	3304051	83.28	2990271	107347	35.9	13678824	769841	56.28	810010698	949181	1.17	27037996	33667	1.25	0.59	0.48	26949136	187059	6.94	3.54	2.22	532087	52.94233204488684	1.7200704583623156	12.335517170820829	15.209164650514698	0.5394618584747044	1.1694402476329742	1.7225060244207158	2.9973325744622246	6.701347845461411	7.54453440549515	8.525875245499451	102347139	96465749	34516	39316	93869925	91189362	52622	231162
MUSCULO_112	5539359	7078912	6482524	39673224	3763692	94.87	2990271	120702	40.36	13678824	867666	63.43	810010698	1049711	1.3	27037996	37929	1.4	0.68	0.55	26949136	216976	8.05	4.17	2.62	596388	53.16766192318819	1.7050925339939245	12.257053061261391	14.828705315167076	0.5358026770215536	1.1915390387675395	1.766570908071749	3.065103789960943	6.953328421090699	7.850062269456097	8.424853988861566	102347139	96465749	40706	46419	93869925	91189362	63479	275244
MUSCULO_113	7197724	8671408	7747934	39673224	3441551	86.75	2990271	97472	32.6	13678824	865495	63.27	810010698	2516331	3.11	27037996	40006	1.48	0.91	0.8	26949136	232024	8.61	4.69	3.05	923474	39.68849118851287	1.1240619747104508	9.9810203833103	29.01871299332242	0.4613552954722001	1.2935154244846974	2.0737462705018608	2.6757361664910704	6.395039882796427	7.4643241328282555	10.649643056813842	102347139	96465749	67657	72160	93869925	91189362	92722	322516
MUSCULO_114	5417512	6736987	6054328	39673224	3162778	79.72	2990271	91909	30.74	13678824	742792	54.3	810010698	1416711	1.75	27037996	31946	1.18	0.66	0.57	26949136	192104	7.13	3.78	2.41	682659	46.94647622149189	1.3642448768269853	11.025581613857947	21.02885162165223	0.47418823874827126	1.211238792653155	1.9028387616006979	2.851482420850745	6.627250431090339	7.599005312018563	10.133001592551686	102347139	96465749	46593	49655	93869925	91189362	65467	254373
MUSCULO_115	7730150	9431900	8488121	39673224	4052563	102.15	2990271	123420	41.27	13678824	973870	71.2	810010698	2445027	3.02	27037996	45953	1.7	0.98	0.84	26949136	258619	9.6	5.14	3.31	943779	42.966560290079414	1.3085380464169467	10.325279106012575	25.922952957516515	0.4872083037351965	1.2896765232879908	2.0233463035019454	2.7419607926292686	6.441925804980969	7.447078531366957	10.006244765105652	102347139	96465749	69199	75688	93869925	91189362	94805	348977
MUSCULO_116	8095740	10180545	9266524	39673224	5060068	127.54	2990271	180427	60.34	13678824	1225401	89.58	810010698	1777701	2.19	27037996	61575	2.28	1.09	0.88	26949136	316333	11.74	6.17	3.89	914021	49.703311561414445	1.772272506039706	12.036693516899144	17.46174689076076	0.6048300950489389	1.3215206062150897	1.9442770500007613	3.1072305068147137	7.155609056293155	8.103583845462104	8.97811462942308	102347139	96465749	63400	72963	93869925	91189362	96509	412147
MUSCULO_117	4233782	5397022	4938800	39673224	2842102	71.64	2990271	86574	28.95	13678824	646668	47.28	810010698	865044	1.07	27037996	26495	0.98	0.5	0.41	26949136	160508	5.96	3.05	1.91	458222	52.66055984207587	1.6041068574484225	11.981941151990858	16.028172573689712	0.49091888081982993	1.1339031043416166	1.7166874620855723	2.974010482076968	6.668881468335686	7.51825729077999	8.490274821929575	102347139	96465749	31453	34702	93869925	91189362	45841	199413
MUSCULO_118	6008232	7754150	7136378	39673224	4287311	108.07	2990271	148488	49.66	13678824	1030983	75.37	810010698	908664	1.12	27037996	44817	1.66	0.71	0.56	26949136	253876	9.42	4.82	2.99	617772	55.29053474591026	1.9149487693686609	13.29588671872481	11.718421748354107	0.5779743750120904	1.1337412869237764	1.630069059793788	3.27406614522546	7.340701430846708	8.183153537138177	7.9669854207102	102347139	96465749	38486	43095	93869925	91189362	65325	315333
MUSCULO_119	4886413	6205143	5656749	39673224	3203833	80.76	2990271	96825	32.38	13678824	736850	53.87	810010698	1028471	1.27	27037996	30526	1.13	0.58	0.48	26949136	186474	6.92	3.61	2.27	548394	51.63189631568523	1.5603991721061061	11.874827058780111	16.57449312610523	0.49194676093685513	1.160215002297288	1.7492747548283738	3.0051523389549604	6.871815846951472	7.7713760988264085	8.837733473668536	102347139	96465749	36552	41467	93869925	91189362	55819	239932
MUSCULO_120	5815517	7405157	6797965	39673224	3899845	98.3	2990271	120101	40.16	13678824	916241	66.98	810010698	1156612	1.43	27037996	37569	1.39	0.68	0.55	26949136	227255	8.43	4.37	2.74	607192	52.66390705828384	1.621856228031357	12.373012483057416	15.619007132461876	0.5073356311014068	1.1279841872360032	1.676709892848997	3.0688748395206207	6.970858281600241	7.845924130980612	8.1995830743359	102347139	96465749	40634	45960	93869925	91189362	64800	288948
MUSCULO_61	7127632	9073400	8315519	39673224	4721007	119.0	2990271	180278	60.29	13678824	1208722	88.36	810010698	1275786	1.58	27037996	58886	2.18	0.93	0.73	26949136	302279	11.22	5.77	3.61	757881	52.03128926312077	1.986884740009258	13.321599400445258	14.0607269601252	0.6489959662309608	1.26817951374347	1.818105671523354	3.331485440959288	7.517832345096656	8.428615513478961	8.352778451297198	102347139	96465749	49897	56181	93869925	91189362	82639	379844
MUSCULO_62	8772090	11091787	10145376	39673224	5629627	141.9	2990271	171822	57.46	13678824	1354897	99.05	810010698	1855449	2.29	27037996	56239	2.08	1.05	0.87	26949136	356575	13.23	7.03	4.42	946411	50.75491442451969	1.549092134567676	12.215317513760407	16.728134068928657	0.5070328162630602	1.1734898984266469	1.7628178399026233	3.2147660246270506	7.487738450080227	8.45718548327695	8.532538535043994	102347139	96465749	65367	73922	93869925	91189362	107529	473949
MUSCULO_63	7831258	9975702	9157862	39673224	5221545	131.61	2990271	187181	62.6	13678824	1284279	93.89	810010698	1459437	1.8	27037996	62273	2.3	1.03	0.81	26949136	322798	11.98	6.21	3.88	817840	52.34263212754351	1.8763692018867444	12.874071418733237	14.62991777420777	0.6242467948621561	1.2715696599597701	1.8283024091938593	3.2358424499849736	7.353768185938192	8.25038678982191	8.198320278612973	102347139	96465749	55538	64575	93869925	91189362	89444	410792
MUSCULO_64	4997710	6493030	5981108	39673224	3644495	91.86	2990271	126570	42.33	13678824	907977	66.38	810010698	644217	0.8	27037996	38461	1.42	0.6	0.47	26949136	222541	8.26	4.2	2.6	511922	56.12934177109916	1.9493210411780018	13.983871936522702	9.92166985213375	0.5923428661195158	1.1445041837170011	1.6359080429321902	3.427382901357302	7.645367417061063	8.495710015200915	7.884177340933278	102347139	96465749	31907	35852	93869925	91189362	55213	273875
MUSCULO_65	4869259	6191077	5655807	39673224	3204084	80.76	2990271	106396	35.58	13678824	827139	60.47	810010698	906104	1.12	27037996	33576	1.24	0.57	0.46	26949136	203192	7.54	3.85	2.4	535270	51.75325714734286	1.7185378246789693	13.360179497040662	14.635644169826994	0.5423289033555874	1.1365712298522535	1.6760088753539972	3.2820137756322523	7.341194431921942	8.210542366053595	8.645830119702921	102347139	96465749	33397	36790	93869925	91189362	53822	251307
MUSCULO_66	4976778	6273311	5689175	39673224	3134632	79.01	2990271	90535	30.28	13678824	764663	55.9	810010698	1100306	1.36	27037996	29723	1.1	0.58	0.49	26949136	189202	7.02	3.65	2.31	584136	49.967744305997265	1.4431772950520068	12.189145413004393	17.539477956696235	0.4738008365917137	1.148372844898013	1.7563611942720518	3.0159831068474046	6.880481455486584	7.792647295821935	9.311446539156117	102347139	96465749	38141	42318	93869925	91189362	57223	242432
MUSCULO_67	4350999	5593197	5115213	39673224	3020275	76.13	2990271	104061	34.8	13678824	761690	55.68	810010698	671163	0.83	27037996	32053	1.19	0.52	0.42	26949136	185862	6.9	3.52	2.19	477984	53.99908138404565	1.860492308781543	13.618150764223039	11.999630980278363	0.5730711791485263	1.1534726919148386	1.6893379582374801	3.3230011387047518	7.424394313305968	8.287496399644068	8.545810204789854	102347139	96465749	29972	32463	93869925	91189362	48275	229399
MUSCULO_68	4460571	5678972	5178660	39673224	2959723	74.6	2990271	96253	32.19	13678824	715261	52.29	810010698	856495	1.06	27037996	30454	1.13	0.54	0.44	26949136	178629	6.63	3.4	2.13	500312	52.11723178068143	1.694901823780783	12.594902739439462	15.08186692943723	0.5362590271619583	1.1679402539755435	1.7348386292448705	3.1454460419949246	7.075048089689472	7.966353769661129	8.809904327755094	102347139	96465749	32194	35873	93869925	91189362	50617	223161
MUSCULO_69	5169866	6468768	5865386	39673224	3133305	78.98	2990271	100436	33.59	13678824	771919	56.43	810010698	1261181	1.56	27037996	33430	1.24	0.63	0.52	26949136	188618	7.0	3.6	2.27	603382	48.43743043497618	1.552629496064784	11.933014138086264	19.49646362336692	0.5167908325047367	1.2066439853771227	1.8209340634878235	2.915825702823165	6.567726652122939	7.4319097546859005	9.327618489332126	102347139	96465749	39737	44625	93869925	91189362	55902	236233
MUSCULO_70	4525648	5818908	5328994	39673224	3158479	79.61	2990271	106087	35.48	13678824	777744	56.86	810010698	710415	0.88	27037996	32096	1.19	0.54	0.43	26949136	191620	7.11	3.62	2.26	489914	54.279583042041565	1.8231427614940812	13.36580678024124	12.20873400988639	0.5515811557769945	1.142258994299274	1.6779952527175204	3.2930577352314216	7.358390955828825	8.22539211824624	8.41934603537296	102347139	96465749	31174	34371	93869925	91189362	50450	236558
MUSCULO_71	5218848	6646270	6085265	39673224	3485011	87.84	2990271	108676	36.34	13678824	849993	62.14	810010698	997950	1.23	27037996	34627	1.28	0.62	0.5	26949136	210691	7.82	4.01	2.5	561005	52.43559169278408	1.6351427191492371	12.789023015917197	15.015188970655721	0.5209989964295763	1.143709178230797	1.7030454676081472	3.170063810227391	7.1222505254827135	7.981108200539551	8.440899933346072	102347139	96465749	37175	41387	93869925	91189362	57082	262673
MUSCULO_72	3802011	4861783	4441260	39673224	2576808	64.95	2990271	83221	27.83	13678824	633029	46.28	810010698	686203	0.85	27037996	25938	0.96	0.45	0.36	26949136	152518	5.66	2.87	1.79	420523	53.00129602658119	1.7117382655704707	13.020511199286352	14.114225172123065	0.5335079743378098	1.1351596729018965	1.6804945839828722	3.1370795446855606	6.976308897373659	7.822171413244893	8.64956333921115	102347139	96465749	26513	29251	93869925	91189362	41124	186655
MUSCULO_73	6125977	7844268	7180565	39673224	4185383	105.5	2990271	142903	47.79	13678824	998982	73.03	810010698	1093797	1.35	27037996	44681	1.65	0.74	0.59	26949136	247927	9.2	4.73	2.95	663703	53.35594092399699	1.8217506082148136	12.735184468455182	13.94390145772684	0.5696006306770753	1.1670432473750258	1.7004136013710904	3.1606135843395458	7.12192648185911	7.981815511657684	8.460993428577401	102347139	96465749	41839	46865	93869925	91189362	67452	310736
MUSCULO_74	7169329	9053742	8270713	39673224	4604040	116.05	2990271	155619	52.04	13678824	1128604	82.51	810010698	1505143	1.86	27037996	50452	1.87	0.88	0.71	26949136	280582	10.41	5.4	3.38	783029	50.85234370495647	1.7188362557713708	12.46560814301976	16.624540438638522	0.5572502507802851	1.2030163881409477	1.7808437660361869	3.0990721847386418	7.040746246137784	7.909149609078765	8.648678082498927	102347139	96465749	52315	58466	93869925	91189362	78623	356869
MUSCULO_75	5708243	7329038	6741906	39673224	3970286	100.07	2990271	132139	44.19	13678824	942599	68.91	810010698	999528	1.23	27037996	40087	1.48	0.68	0.54	26949136	230051	8.54	4.35	2.71	587132	54.171993650462724	1.802951492405961	12.861155857016978	13.637915371703627	0.5469612792292795	1.1425101084207778	1.6732073158851133	3.1388976288566113	7.008450495140018	7.84173857469425	8.01103773783135	102347139	96465749	38895	43648	93869925	91189362	61072	283601
MUSCULO_76	6654139	8328314	7605946	39673224	4061148	102.36	2990271	117218	39.2	13678824	1008533	73.73	810010698	1619222	2.0	27037996	38831	1.44	0.76	0.63	26949136	253770	9.42	4.92	3.1	722368	48.76314701871231	1.4074637435620223	12.109689908425644	19.44237453102753	0.4662528334066175	1.1241290854307366	1.7167700449334644	3.0470753144033713	6.976874310934962	7.8869144463093015	8.67364030702973	102347139	96465749	49357	54790	93869925	91189362	75791	327286
MUSCULO_77	9942958	12337056	11211210	39673224	5798469	146.16	2990271	193214	64.61	13678824	1417042	103.59	810010698	2588903	3.2	27037996	66455	2.46	1.24	1.02	26949136	370143	13.73	7.31	4.64	1125846	47.00042700624849	1.5661272835269615	11.486062801368496	20.984771407376282	0.5386617358306552	1.2401500001296906	1.8698139977641342	3.0002538693185796	7.000170867344689	7.967070912217632	9.125726591498005	102347139	96465749	77682	86543	93869925	91189362	119287	493472
MUSCULO_78	7334422	9423188	8666039	39673224	5073063	127.87	2990271	191270	63.96	13678824	1208973	88.38	810010698	1268736	1.57	27037996	60727	2.25	0.95	0.74	26949136	299451	11.11	5.72	3.57	757149	53.83595233375371	2.029780155081274	12.829766316877048	13.463978432776678	0.6444421993915435	1.246987749793382	1.7717889105045979	3.1778098876940586	7.170842818799753	8.033777952854173	8.034955898152516	102347139	96465749	49453	56779	93869925	91189362	81316	376271
MUSCULO_79	6560182	8319676	7598551	39673224	4259649	107.37	2990271	145791	48.76	13678824	1017140	74.36	810010698	1366105	1.69	27037996	48941	1.81	0.84	0.67	26949136	256295	9.51	4.94	3.1	721125	51.19969816132263	1.7523639141716576	12.225716482228394	16.420170689339344	0.5882560811262362	1.241803166373306	1.8249268360931363	3.080588715233622	7.011895655551971	7.909418587935396	8.667705328909443	102347139	96465749	48514	54373	93869925	91189362	74671	327072
MUSCULO_80	5419858	6849491	6237664	39673224	3468247	87.42	2990271	128086	42.83	13678824	860702	62.92	810010698	1130369	1.4	27037996	40445	1.5	0.67	0.54	26949136	210764	7.82	3.99	2.49	611827	50.635105586677895	1.8700075669856344	12.565926431613677	16.502963504879414	0.5904818328836405	1.209724927005525	1.7757961868991434	3.0770753622422453	6.874072832565223	7.717755961720367	8.932444761223863	102347139	96465749	38773	42415	93869925	91189362	57788	260075
MUSCULO_81	5218356	6739167	6211630	39673224	3732393	94.08	2990271	136219	45.55	13678824	898111	65.66	810010698	802406	0.99	27037996	41588	1.54	0.65	0.5	26949136	215923	8.01	4.02	2.49	527537	55.38359562836178	2.021303226348301	13.326736078806178	11.906605074484725	0.6171089097510123	1.1960825425456885	1.6899121211864907	3.204001325386357	7.047740470001708	7.843921956526674	7.827925914285845	102347139	96465749	33280	39018	93869925	91189362	53656	259036
MUSCULO_82	6847021	8494113	7696938	39673224	3957964	99.76	2990271	128633	43.02	13678824	986921	72.15	810010698	1780981	2.2	27037996	44618	1.65	0.84	0.7	26949136	258615	9.6	5.08	3.23	797175	46.59655457844745	1.514378252326052	11.618882395371948	20.967239310331756	0.525281450811874	1.2265671530388165	1.8666810766468496	3.044638092288153	7.066305804973397	8.05123501417982	9.385029372696126	102347139	96465749	54372	59568	93869925	91189362	83661	341605
MUSCULO_83	7506176	9564710	8769357	39673224	5014273	126.39	2990271	187633	62.75	13678824	1210655	88.51	810010698	1419254	1.75	27037996	60895	2.25	0.99	0.77	26949136	301014	11.17	5.75	3.6	795353	52.42472589341444	1.9617217876966475	12.657519151129518	14.83844256647614	0.6366633175496174	1.2777177771202681	1.8278233213552735	3.14713148647476	7.107105181443034	7.974272089796763	8.315495190131223	102347139	96465749	52616	61315	93869925	91189362	82942	378760
MUSCULO_84	6884233	8729617	8007403	39673224	4493220	113.26	2990271	133279	44.57	13678824	1060040	77.49	810010698	1489434	1.84	27037996	42544	1.57	0.81	0.66	26949136	267525	9.93	5.14	3.22	722214	51.47098664236931	1.5267451023338137	12.14302987175726	17.06184818875788	0.4873524233651946	1.1404051288848067	1.706283334079834	3.0645674374946803	6.950511116352527	7.817960398491709	8.273146462210198	102347139	96465749	49399	57009	93869925	91189362	75725	339228
MUSCULO_85	6501325	8283985	7588405	39673224	4352948	109.72	2990271	148135	49.54	13678824	1078405	78.84	810010698	1177827	1.45	27037996	46795	1.73	0.79	0.63	26949136	269397	10.0	5.19	3.24	695580	52.54654613691358	1.7882094185346789	13.017949694500896	14.218120868157053	0.5648851368031207	1.1842971709871517	1.7291436428240756	3.252021822830437	7.403876274522466	8.303346758836478	8.396683480233245	102347139	96465749	45135	51312	93869925	91189362	74512	343939
MUSCULO_86	5132380	6585272	6038909	39673224	3557451	89.67	2990271	139150	46.53	13678824	842332	61.58	810010698	863834	1.07	27037996	44214	1.64	0.68	0.53	26949136	207264	7.69	3.91	2.44	546363	54.021322126102	2.1130486333745973	12.791149704978016	13.117666210294733	0.6714073465758135	1.280311580144298	1.8100391297428564	3.1473870783165827	7.020621167963904	7.850032618242649	8.296741577265147	102347139	96465749	34884	40098	93869925	91189362	54619	255063
MUSCULO_87	6527001	8244180	7534456	39673224	4180365	105.37	2990271	149626	50.04	13678824	1027420	75.11	810010698	1389936	1.72	27037996	48550	1.8	0.82	0.66	26949136	251888	9.35	4.81	3.01	709724	50.706862295583065	1.8149288346445616	12.462367391299074	16.859602774320795	0.5889002908718636	1.2335004815518342	1.8051765002704938	3.055343284595921	6.887743838683774	7.742273943557758	8.608788260324253	102347139	96465749	47130	53142	93869925	91189362	70449	315950
MUSCULO_88	7181866	8928597	8070068	39673224	4233015	106.7	2990271	171323	57.29	13678824	956919	69.96	810010698	1874561	2.31	27037996	58521	2.16	1.01	0.81	26949136	245209	9.1	4.8	3.07	858529	47.40963221881332	1.9188121045221325	10.717462105188531	20.995023070253925	0.6554333228389634	1.3976663970834386	2.0584085047180425	2.7463329345024756	6.350482612217799	7.285164735288198	9.615497261215843	102347139	96465749	58995	66271	93869925	91189362	83454	321800
MUSCULO_89	4737897	6058536	5542147	39673224	3212009	80.96	2990271	85816	28.7	13678824	742932	54.31	810010698	916200	1.13	27037996	26492	0.98	0.52	0.43	26949136	189411	7.03	3.67	2.3	516389	53.0162567326496	1.4164478019112208	12.26256640218033	15.122465229223694	0.43726735303710335	1.0529276379640229	1.6118250349589407	3.126349335879163	7.156894008717618	8.047109070574145	8.523329728502068	102347139	96465749	33861	37300	93869925	91189362	53934	244192
MUSCULO_90	10579171	13361896	12218536	39673224	6750900	170.16	2990271	237389	79.39	13678824	1604829	117.32	810010698	2249999	2.78	27037996	79998	2.96	1.39	1.11	26949136	426502	15.83	8.41	5.31	1143360	50.523518518629395	1.776611642539352	12.010488631254129	16.83892016522206	0.5987024595910639	1.282699700701158	1.876096027090766	3.191927253437686	7.439011649244988	8.41749554105196	8.556869474212341	102347139	96465749	79289	91395	93869925	91189362	130744	567491
MUSCULO_91	7521267	9465003	8669036	39673224	4719430	118.96	2990271	160436	53.65	13678824	1114667	81.49	810010698	1774264	2.19	27037996	52015	1.92	0.95	0.77	26949136	282666	10.49	5.45	3.43	795967	49.86189650441738	1.6950443650149927	11.776721042771989	18.74551967918024	0.5495508031006435	1.2370730363212774	1.8296666150026577	2.9864332848072	6.799575235211231	7.681571786083956	8.409580007528788	102347139	96465749	56089	65074	93869925	91189362	83481	360914
MUSCULO_92	8177459	10052950	9096927	39673224	4505929	113.58	2990271	125034	41.81	13678824	1073165	78.45	810010698	2441265	3.01	27037996	43960	1.63	0.95	0.82	26949136	284829	10.57	5.67	3.61	956023	44.821957733799536	1.2437543208709883	10.675125212002447	24.284065871211933	0.43728457815864996	1.165538473781328	1.8437175157540822	2.8332877414092383	6.661089530933706	7.621504135601988	9.50987521075903	102347139	96465749	68177	73211	93869925	91189362	96550	384807
MUSCULO_93	6463872	8231349	7514495	39673224	4281808	107.93	2990271	147671	49.38	13678824	1082341	79.13	810010698	1164262	1.44	27037996	45874	1.7	0.78	0.62	26949136	272964	10.13	5.26	3.29	716854	52.01830222482366	1.7940072763285824	13.149011176661324	14.144242942438717	0.5573084071638804	1.1661636506968662	1.7140446845346977	3.3161514594995305	7.54856828449383	8.471564017028072	8.70882767818495	102347139	96465749	45098	50117	93869925	91189362	75975	348385
MUSCULO_94	5159131	6542922	5954567	39673224	3349145	84.42	2990271	115570	38.65	13678824	806621	58.97	810010698	1040200	1.28	27037996	37318	1.38	0.65	0.53	26949136	203487	7.55	3.92	2.47	588355	51.18729827437956	1.7663362026935365	12.328146354182428	15.898095682632315	0.5703567916597507	1.22127392012315	1.8168793697983867	3.11003249007095	7.079833750119595	8.011007925816632	8.99223619049715	102347139	96465749	38970	42589	93869925	91189362	60926	259741
MUSCULO_95	7009422	8902487	8146218	39673224	4596338	115.85	2990271	156908	52.47	13678824	1105072	80.79	810010698	1422824	1.76	27037996	51724	1.91	0.9	0.72	26949136	276226	10.25	5.29	3.31	756269	51.62981984697085	1.762518720892263	12.413070639698772	15.982320445960774	0.5810061840022906	1.245651917267613	1.826624402821369	3.102795881645208	7.018027659012588	7.890615285369133	8.495030658286835	102347139	96465749	51721	59170	93869925	91189362	77682	348553
MUSCULO_96	8739387	10368412	9191226	39673224	3774886	95.15	2990271	123271	41.22	13678824	940354	68.75	810010698	3416028	4.22	27037996	51081	1.89	1.15	1.0	26949136	252229	9.36	5.1	3.35	1177186	36.407561736551365	1.188909159859774	9.069411979385078	32.94649170962728	0.49265982100248334	1.3652042376402482	2.180227791874011	2.4326676061869454	5.816184773521731	6.853817151556092	11.353580471146401	102347139	96465749	84505	90469	93869925	91189362	107586	350817
MUSCULO_97	4212516	5406090	4920330	39673224	2861795	72.13	2990271	129733	43.39	13678824	683705	49.98	810010698	767674	0.95	27037996	41978	1.55	0.61	0.46	26949136	157179	5.83	2.82	1.76	485760	52.93650309188342	2.3997565708303044	12.64694076495212	14.200170548400045	0.7764946569516971	1.402473876683518	1.941403121294688	2.907443272309562	6.155594893906686	6.8898039063352625	8.985421996304169	102347139	96465749	29135	33841	93869925	91189362	39692	175598
MUSCULO_98	10436781	12327536	10906084	39673224	4393703	110.75	2990271	140635	47.03	13678824	1100125	80.43	810010698	4154093	5.13	27037996	59383	2.2	1.34	1.18	26949136	298669	11.08	6.1	4.01	1421452	35.6413722904561	1.1408200308642376	8.924127254627365	33.69767486381707	0.4817102136225764	1.345134988857465	2.167424211943084	2.422779377809158	5.841361972092395	6.897874806449561	11.530706541842587	102347139	96465749	101368	106439	93869925	91189362	130242	421427
MUSCULO_99	6746645	8565380	7831312	39673224	4437119	111.84	2990271	157437	52.65	13678824	1057396	77.3	810010698	1355698	1.67	27037996	50277	1.86	0.85	0.69	26949136	264138	9.8	5.04	3.15	734068	51.80294394410989	1.8380620591263903	12.344998120340254	15.827645708655075	0.5869792116636973	1.2323212747128558	1.810124010843652	3.0837861250755947	6.94612498219577	7.806051803889612	8.570174353035124	102347139	96465749	49491	55276	93869925	91189362	73656	330824
