Sample	Custom content: Biotype Counts_mqc-generalstats-custom_content_biotype_counts-percent_rRNA	Custom content: DupRadar_mqc-generalstats-custom_content_dupradar-dupRadar_intercept	Picard: Mark Duplicates_mqc-generalstats-picard_mark_duplicates-PERCENT_DUPLICATION	QualiMap_mqc-generalstats-qualimap-5_3_bias	QualiMap_mqc-generalstats-qualimap-reads_aligned	Samtools_mqc-generalstats-samtools-error_rate	Samtools_mqc-generalstats-samtools-non_primary_alignments	Samtools_mqc-generalstats-samtools-reads_mapped	Samtools_mqc-generalstats-samtools-reads_mapped_percent	Samtools_mqc-generalstats-samtools-reads_properly_paired_percent	Samtools_mqc-generalstats-samtools-reads_MQ0_percent	Samtools_mqc-generalstats-samtools-raw_total_sequences	Samtools_mqc-generalstats-samtools-flagstat_total	Samtools_mqc-generalstats-samtools-mapped_passed	Samtools_mqc-generalstats-samtools-mapped_passed_pct	STAR_mqc-generalstats-star-uniquely_mapped_percent	STAR_mqc-generalstats-star-uniquely_mapped	FastQC (raw)_mqc-generalstats-fastqc_raw-percent_duplicates	FastQC (raw)_mqc-generalstats-fastqc_raw-percent_gc	FastQC (raw)_mqc-generalstats-fastqc_raw-avg_sequence_length	FastQC (raw)_mqc-generalstats-fastqc_raw-median_sequence_length	FastQC (raw)_mqc-generalstats-fastqc_raw-percent_fails	FastQC (raw)_mqc-generalstats-fastqc_raw-total_sequences	Cutadapt_mqc-generalstats-cutadapt-percent_trimmed	FastQC (trimmed)_mqc-generalstats-fastqc_trimmed-percent_duplicates	FastQC (trimmed)_mqc-generalstats-fastqc_trimmed-percent_gc	FastQC (trimmed)_mqc-generalstats-fastqc_trimmed-avg_sequence_length	FastQC (trimmed)_mqc-generalstats-fastqc_trimmed-median_sequence_length	FastQC (trimmed)_mqc-generalstats-fastqc_trimmed-percent_fails	FastQC (trimmed)_mqc-generalstats-fastqc_trimmed-total_sequences
GRASO_121	0.0013316168791760754	0.04287142744141	0.652314	0.8	44437829.0	0.004393462	35021258.0	44437829.0	100.0	0.0	7.814693197545722	44437829.0	79459087	79459087	100.0	77.77	35757170.0	51.41752500987309	50.0	92.51006671740993	100	36.36363636363637	49944235.0	3.46038162423891	46.03384234601607	50.0	97.1289993109075	100	9.090909090909092	45980765.0
GRASO_122	0.0006489139469641437	0.034667636387752	0.652679	0.8	54153059.0	0.004280287	48162729.0	54153059.0	100.0	0.0	8.086377908956168	54153059.0	102315788	102315788	100.0	79.21	44192135.0	47.39637043849102	50.0	95.47714104570325	100	27.27272727272727	58121097.0	1.8877056065220117	44.51432597267093	50.0	97.68222479742671	100	9.090909090909092	55788450.0
GRASO_123	0.0014022033541353902	0.0431520919859328	0.776399	0.83	54908457.0	0.003661093	137326418.0	54908457.0	100.0	0.0	22.72575789190361	54908457.0	192234875	192234875	100.0	49.69	29986772.0	71.37988246750164	55.0	87.95255409493613	98	36.36363636363637	70077955.0	6.101357531854886	65.09556438515568	55.0	96.12102965780564	100	36.36363636363637	60346845.0
GRASO_124	0.002658000875013888	0.169454654642965	0.740124	0.81	27867867.0	0.005289335	35216836.0	27867867.0	100.0	0.0	12.080999955970796	27867867.0	63084703	63084703	100.0	70.02	21473432.0	55.53955286422949	49.0	92.0043519220555	98	36.36363636363637	31489075.0	1.5873025429080585	53.086046678162866	49.0	93.06760241524825	98	36.36363636363637	30665502.0
GRASO_125	0.0008402656773938759	0.0291093332083263	0.610534	0.8	52425973.0	0.004288927	46261948.0	52425973.0	100.0	0.0	8.093797324467397	52425973.0	98687921	98687921	100.0	77.39	41793620.0	42.784429601263774	50.0	97.18992771982015	100	18.181818181818183	54894025.0	0.9938982976288668	41.36850579723962	50.0	97.87481590438026	100	9.090909090909092	54007260.0
GRASO_126	0.019185848593377665	0.0247375594601474	0.68543	0.78	48102633.0	0.004290246	69195594.0	48102633.0	100.0	0.0	13.009287869959218	48102633.0	117298227	117298227	100.0	65.12	32552439.0	55.95304012679388	53.0	95.65375343844357	100	36.36363636363637	51694174.0	1.6621467667087837	53.69797787294374	53.0	97.38584223257122	100	36.36363636363637	49989393.0
GRASO_127	0.0007394625181868817	0.0303149304573659	0.687585	0.77	59314073.0	0.004274197	47275153.0	59314073.0	100.0	0.0	7.443048127886952	59314073.0	106589226	106589226	100.0	77.63	47678234.0	48.51347178542261	51.0	97.31202058049514	100	27.27272727272727	62077418.0	0.7937075956589625	47.34077457498671	51.0	97.64880987050249	100	18.181818181818183	61413611.0
GRASO_128	0.0005311168183451697	0.0419283060086031	0.684215	0.77	51175288.0	0.004118829	60801556.0	51175288.0	100.0	0.0	10.67264535961185	51175288.0	111976844	111976844	100.0	70.62	37414369.0	51.81069185100689	51.0	97.32967577743653	100	27.27272727272727	53261068.0	0.6141206679457717	50.84121527423734	51.0	97.32199302944454	100	27.27272727272727	52979709.0
GRASO_129	0.058232531964927656	0.192259834506857	0.890501	1.16	28972204.0	0.004797473	98551955.0	28972204.0	100.0	0.0	43.42734159955521	28972204.0	127524159	127524159	100.0	27.89	10393344.0	80.39850518023047	64.0	84.96414999411667	98	36.36363636363637	40274833.0	3.8820669451626335	76.39998021342355	64.0	88.411966325286	98	27.27272727272727	37260361.0
GRASO_130	0.0004950862485252772	0.0331963336925126	0.672044	0.84	46347730.0	0.004037762	39112951.0	46347730.0	100.0	0.0	8.248399651935488	46347730.0	85460681	85460681	100.0	77.33	37084180.0	51.38838067419651	51.0	93.68798945784539	100	36.36363636363637	50856397.0	2.5784840440991768	47.375389739140125	51.0	96.90861360603171	100	18.181818181818183	47952762.0
GRASO_131	0.00040049067933898967	0.0335358504550726	0.681347	0.87	44948708.0	0.003952281	58230265.0	44948708.0	100.0	0.0	12.045576482420808	44948708.0	103178973	103178973	100.0	71.03	32985960.0	50.67000768847363	52.0	96.42633367610492	100	36.36363636363637	47397940.0	1.1565872285442222	48.92005824523825	52.0	97.36099688745071	100	18.181818181818183	46439104.0
GRASO_132	0.00039883759625187034	0.0281371225241001	0.658858	0.83	33900338.0	0.003915533	33286341.0	33900338.0	100.0	0.0	8.971668660058787	33900338.0	67186679	67186679	100.0	74.99	26364402.0	50.355954117637914	51.0	95.23962332687996	100	36.36363636363637	36333466.0	1.6132383338336558	47.83784002643645	51.0	96.93145780916831	100	18.181818181818183	35157105.0
GRASO_133	0.00033027486902816174	0.0269882877100348	0.700524	0.83	41057783.0	0.003778093	41298519.0	41057783.0	100.0	0.0	9.248684957003158	41057783.0	82356302	82356302	100.0	74.63	31455943.0	54.30290284888469	52.0	95.12554076713285	100	36.36363636363637	43989591.0	1.9444913540283857	51.44621301540505	52.0	97.44949304530394	100	27.27272727272727	42150512.0
GRASO_134	0.0003583415139199923	0.122652699105747	0.716397	0.86	28706952.0	0.004265403	16459972.0	28706952.0	100.0	0.0	4.545961549662255	28706952.0	45166924	45166924	100.0	77.76	23839951.0	58.896420249094284	49.0	87.56033702978182	98	36.36363636363637	34995483.0	5.470889000290884	51.42907764817399	49.0	94.64419288152148	100	18.181818181818183	30657141.0
GRASO_135	0.003791396087365898	0.0702997465946375	0.650369	0.73	29219435.0	0.004751341	23687111.0	29219435.0	100.0	0.0	7.966724887048637	29219435.0	52906546	52906546	100.0	78.59	24139099.0	47.47094247613792	48.0	95.42564182554257	100	9.090909090909092	31029460.0	0.8459112082991329	45.98767038037788	48.0	95.65750660002243	100	18.181818181818183	30713532.0
GRASO_136	0.0012251559644666146	0.0461782943128783	0.690334	0.88	37430018.0	0.003782346	54254364.0	37430018.0	100.0	0.0	13.692122723531686	37430018.0	91684382	91684382	100.0	66.0	25696803.0	53.71527879992314	53.0	95.19086958087988	100	36.36363636363637	39945899.0	1.3765725942671565	51.42403154303894	53.0	96.40748882799309	100	27.27272727272727	38936827.0
GRASO_137	0.001651994631804111	0.282339642319091	0.698352	0.78	24688887.0	0.006171675	23013967.0	24688887.0	100.0	0.0	8.81615684012001	24688887.0	47702854	47702854	100.0	62.99	19807673.0	58.71154315691886	49.0	84.01271322263588	98	36.36363636363637	32657180.0	2.4415754346869734	56.12030126832521	49.0	85.22988900037821	98	36.36363636363637	31445963.0
GRASO_138	0.0008667844186420149	0.0472732412655776	0.647431	0.87	42802382.0	0.004154547	31996694.0	42802382.0	100.0	0.0	6.35896619024614	42802382.0	74799076	74799076	100.0	76.78	33901309.0	50.69288113499894	51.0	92.57835944553774	100	36.36363636363637	47651792.0	3.196338601198977	45.37849714558882	51.0	96.8361382993861	100	9.090909090909092	44154961.0
GRASO_139	0.0009538062195727224	0.0618637500326202	0.600359	0.89	29050215.0	0.004998961	20525620.0	29050215.0	100.0	0.0	5.88053823353803	29050215.0	49575835	49575835	100.0	77.23	23578978.0	47.6104100302118	50.0	90.90021777871058	98	27.27272727272727	33690621.0	4.149753276145765	40.814997062011216	50.0	96.2870682339883	100	9.090909090909092	30531236.0
GRASO_140	0.000540460937947907	0.0365450910022405	0.67344	0.9	51575875.0	0.004139157	47581432.0	51575875.0	100.0	0.0	8.397144982998348	51575875.0	99157307	99157307	100.0	73.85	39185155.0	51.28884209334317	51.0	95.07084422165529	100	36.36363636363637	54971357.0	1.729894532092117	48.52865196232577	51.0	96.90224237143337	100	27.27272727272727	53057936.0
GRASO_141	0.022520524215470142	0.0273292760632968	0.630617	0.88	40787648.0	0.004480168	43942075.0	40787648.0	100.0	0.0	9.051551587382534	40787648.0	84729723	84729723	100.0	69.88	29715502.0	48.87000483706044	52.0	94.58275292646205	98	27.27272727272727	44171169.0	1.8736154652421275	45.7596770078506	52.0	96.51510780546552	100	27.27272727272727	42525766.0
GRASO_142	0.0010134357427515547	0.0371099486561788	0.649071	0.84	46179142.0	0.004244665	36212069.0	46179142.0	100.0	0.0	7.363833221500737	46179142.0	82391211	82391211	100.0	76.08	36158010.0	47.24912102412407	51.0	95.14989643444449	100	27.27272727272727	49117199.0	1.651161602387	44.44376280809732	51.0	96.79977730628978	100	18.181818181818183	47528958.0
GRASO_143	0.030451719381419114	0.288100016901842	0.874653	0.98	30694608.0	0.004868036	98559551.0	30694608.0	100.0	0.0	37.67664991844822	30694608.0	129254159	129254159	100.0	31.65	11726146.0	79.59215340760818	65.0	82.74751364730244	98	36.36363636363637	45391388.0	8.45220808871996	72.57676250709785	65.0	93.06169489256146	98	27.27272727272727	37046065.0
GRASO_144	4.203140648669511	0.0758505537048508	0.893305	0.92	28629107.0	0.00721269	79131190.0	28629107.0	100.0	0.0	31.96789197790906	28629107.0	107760297	107760297	100.0	24.3	13514066.0	81.86334759356588	53.0	75.76733566074188	80	36.36363636363637	56912512.0	2.491963859780679	78.29906281711298	53.0	75.63702806350419	80	27.27272727272727	55609627.0
GRASO_145	0.000631343854562165	0.0393887860676775	0.786973	0.74	176229317.0	0.004359135	150938948.0	176229317.0	100.0	0.0	8.510675893954692	176229317.0	327168265	327168265	100.0	77.18	140576051.0	57.77338786345694	50.0	97.33007353387634	100	36.36363636363637	184326472.0	0.8603395119806062	56.63069217578434	50.0	97.72024902992408	100	27.27272727272727	182143733.0
GRASO_146	0.46565518864906397	0.0568483051541292	0.79003	0.75	46308592.0	0.005431891	51804282.0	46308592.0	100.0	0.0	13.102490786159079	46308592.0	98112874	98112874	100.0	70.89	35109865.0	65.97164457336368	47.0	94.23703579468292	100	36.36363636363637	50656518.0	1.327493852872184	64.0582229334639	47.0	95.17615993845732	100	18.181818181818183	49529201.0
GRASO_147	0.004541591091139615	0.0419160546029672	0.705938	0.7	30695703.0	0.005043075	23324658.0	30695703.0	100.0	0.0	7.3019666628908935	30695703.0	54020361	54020361	100.0	76.25	25105227.0	53.48646196180024	48.0	93.89309475598776	100	36.36363636363637	33856805.0	1.614233716078377	51.14953571365345	48.0	95.06832403137317	100	18.181818181818183	32924960.0
GRASO_148	0.006457933734717377	0.036836007865798	0.724395	0.76	39726375.0	0.00480452	31925712.0	39726375.0	100.0	0.0	7.440396965492068	39726375.0	71652087	71652087	100.0	76.13	32175038.0	55.99391800023443	49.0	93.72192422776769	100	36.36363636363637	43858758.0	1.9506464072392995	53.36353903188869	49.0	95.44846304751924	100	27.27272727272727	42265295.0
GRASO_149	0.00647777747049281	0.0347145153539562	0.667707	0.71	27225280.0	0.004613434	19050034.0	27225280.0	100.0	0.0	6.122383314331386	27225280.0	46275314	46275314	100.0	78.15	22311557.0	50.16208971302269	49.0	95.6326676296226	100	36.36363636363637	29227367.0	1.3245153435876522	48.237789501150154	49.0	96.68385234005312	100	18.181818181818183	28549245.0
GRASO_150	0.015062702119898061	0.0348917531031705	0.736056	0.73	59900145.0	0.004687006	48352472.0	59900145.0	100.0	0.0	7.588756254262824	59900145.0	108252617	108252617	100.0	78.6	48748258.0	57.206635536015796	48.0	95.91246044102266	100	36.36363636363637	63458099.0	1.2941370692613072	55.38349957507156	48.0	96.94191451840774	100	27.27272727272727	62022125.0
GRASO_151	0.011796238873511325	0.0360328210058723	0.760721	0.73	42007698.0	0.004804505	32134381.0	42007698.0	100.0	0.0	7.199582800276273	42007698.0	74142079	74142079	100.0	76.46	33561897.0	60.43059530457559	48.0	95.85107946538714	100	36.36363636363637	44649880.0	1.0825569839198064	58.854253144862625	48.0	96.51533367800943	100	27.27272727272727	43896285.0
GRASO_152	0.001319425170193195	0.0339621835703559	0.682821	0.73	54163820.0	0.004432919	31848741.0	54163820.0	100.0	0.0	5.260162595621948	54163820.0	86012561	86012561	100.0	81.94	45613221.0	51.87125171634085	47.0	94.86048962420422	100	36.36363636363637	57849346.0	1.8364831660760017	48.80047138072854	47.0	96.8548530669132	100	9.090909090909092	55664862.0
GRASO_153	0.015689605438542458	0.0301677559904436	0.641716	0.8	45686260.0	0.004444949	60226776.0	45686260.0	100.0	0.0	13.698109672361012	45686260.0	105913036	105913036	100.0	74.04	34926973.0	47.53382894316124	51.0	96.41126569560744	100	27.27272727272727	48031193.0	1.1063826658403486	45.64800141781246	51.0	97.16079211668479	100	18.181818181818183	47173656.0
GRASO_154	0.005884435188098146	0.0953590118436585	0.5448	0.81	10821698.0	0.004322601	14015859.0	10821698.0	100.0	0.0	13.478735037699261	10821698.0	24837557	24837557	100.0	70.04	8357967.0	39.706054220159125	49.0	92.59722222674856	100	27.27272727272727	12273860.0	1.5888249513792154	37.2401362671902	49.0	93.81345520670172	100	9.090909090909092	11932823.0
GRASO_155	0.0008662141820435725	0.0328800952846225	0.699672	0.76	67548679.0	0.004265113	76623910.0	67548679.0	100.0	0.0	10.95054871465362	67548679.0	144172589	144172589	100.0	75.12	52347168.0	52.97459612837217	50.0	97.15123157056854	100	36.36363636363637	70500954.0	0.8836213976879081	51.728997744567145	50.0	97.49843120668434	100	27.27272727272727	69688275.0
GRASO_156	0.00023673200769395352	0.197644588145476	0.789645	0.89	22645507.0	0.004528423	30657861.0	22645507.0	100.0	0.0	13.777938378681476	22645507.0	53303368	53303368	100.0	60.69	16880306.0	64.15366918565525	53.0	87.1633644354576	98	36.36363636363637	28531063.0	1.7760894689548068	62.106656424006246	53.0	87.9327387141312	98	36.36363636363637	27811749.0
GRASO_157	0.011392562375418261	0.0412836122216065	0.627336	0.75	33888676.0	0.004968558	26442171.0	33888676.0	100.0	0.0	8.169531320727904	33888676.0	60330847	60330847	100.0	73.96	27885676.0	46.74669297590708	49.0	92.25503334728354	100	27.27272727272727	39034064.0	2.0024303531796237	43.68452132671122	49.0	93.68328792007989	100	9.090909090909092	37701549.0
GRASO_158	0.00030453111220355605	0.0739396279328049	0.724449	0.84	29833344.0	0.004595022	23373955.0	29833344.0	100.0	0.0	6.9352232186911404	29833344.0	53207299	53207299	100.0	77.41	23821034.0	51.54659261295164	49.0	96.83953732670165	100	36.36363636363637	31559807.0	1.358779103846111	49.874774890386696	49.0	98.05939002358686	100	18.181818181818183	30773485.0
GRASO_159	0.0005919953652886987	0.0280840055294327	0.695088	0.77	67955476.0	0.004166309	61113698.0	67955476.0	100.0	0.0	8.348731160385073	67955476.0	129069174	129069174	100.0	78.76	54752128.0	50.45909231888366	49.0	97.63910863005295	100	36.36363636363637	70304053.0	0.7889267708351931	49.39795340464984	49.0	98.03432354759043	100	18.181818181818183	69519096.0
GRASO_160	0.0006516996437794935	0.0251527439201312	0.7012	0.73	48141970.0	0.004255659	32109055.0	48141970.0	100.0	0.0	6.175046430380808	48141970.0	80251025	80251025	100.0	81.29	40058291.0	52.49398234456234	49.0	95.94884175755942	100	36.36363636363637	50763120.0	1.4720936351645524	50.194177800902544	49.0	97.46310832885207	100	18.181818181818183	49281137.0
GRASO_161	0.010416877136975198	0.0770649696442921	0.689088	0.74	32482438.0	0.005646061	24979911.0	32482438.0	100.0	0.0	6.816006236970266	32482438.0	57462349	57462349	100.0	76.09	26691657.0	52.07236790820391	48.0	91.38158197394462	98	36.36363636363637	36818571.0	2.5434378544339853	48.12931379317427	48.0	93.56242596253409	98	9.090909090909092	35080212.0
GRASO_162	0.0015085060312432933	0.0488693909902598	0.716448	0.69	50082505.0	0.004675193	35522996.0	50082505.0	100.0	0.0	6.288086029243146	50082505.0	85605501	85605501	100.0	79.88	41452563.0	51.70557925657224	48.0	96.89186747748725	100	27.27272727272727	52498914.0	0.8879828323383623	50.49172252336329	48.0	97.21519297992948	100	18.181818181818183	51895889.0
GRASO_163	0.007668983907995153	0.0419540159803947	0.727789	0.64	33649430.0	0.004793051	25218657.0	33649430.0	100.0	0.0	6.562589618902906	33649430.0	58868087	58868087	100.0	75.44	27219536.0	55.54877702788153	49.0	94.71229469419313	100	36.36363636363637	36767226.0	1.2957440851204614	53.83542226294693	49.0	95.34266879828574	100	27.27272727272727	36079617.0
GRASO_164	0.005351129381512068	0.0400570429190806	0.683793	0.75	27937732.0	0.004739427	22117566.0	27937732.0	100.0	0.0	7.469443117286686	27937732.0	50055298	50055298	100.0	74.92	22831911.0	52.70512184338331	49.0	94.02855649241569	100	36.36363636363637	31128683.0	1.4265364359760273	50.73457666160288	49.0	94.74195523537591	100	27.27272727272727	30477057.0
GRASO_165	0.006906714973113912	0.0380968309053636	0.728964	0.75	44510990.0	0.004527423	34394791.0	44510990.0	100.0	0.0	7.173904691852506	44510990.0	78905781	78905781	100.0	76.75	36572398.0	53.81380509250137	49.0	95.34107528149433	100	27.27272727272727	47906116.0	0.7435328851097014	52.60464818892992	49.0	95.19524168098552	100	27.27272727272727	47651618.0
GRASO_166	0.0012370648720103124	0.0393138146680324	0.679594	0.73	34563295.0	0.004852299	24047354.0	34563295.0	100.0	0.0	6.204446074947426	34563295.0	58610649	58610649	100.0	77.49	28543542.0	51.461269846408044	48.0	94.45736070698744	100	36.36363636363637	37719821.0	1.4742217315771113	49.41335462586627	48.0	95.37591825113633	100	9.090909090909092	36833197.0
GRASO_167	0.0034037451034468753	0.26165181070146	0.72422	0.72	28048362.0	0.005063056	25046411.0	28048362.0	100.0	0.0	8.354462909456174	28048362.0	53094773	53094773	100.0	72.02	22473484.0	59.81185221105649	49.0	86.32735582890143	98	36.36363636363637	35435691.0	5.565387017379114	53.013030464312834	49.0	92.74422558716093	100	27.27272727272727	31204861.0
GRASO_168	0.0033806346018293567	0.0280415817278741	0.686803	0.85	37513837.0	0.004191027	50454353.0	37513837.0	100.0	0.0	13.848839296284195	37513837.0	87968190	87968190	100.0	72.56	28216413.0	52.732852816826856	50.0	96.3156924439715	100	36.36363636363637	39480039.0	1.0528722123251208	51.177365539959915	50.0	96.8406905716857	100	27.27272727272727	38887259.0
GRASO_169	0.010278227721290894	0.131064233325909	0.846272	1.09	33173168.0	0.004961334	88699579.0	33173168.0	100.0	0.0	29.917579774111413	33173168.0	121872747	121872747	100.0	41.54	16055279.0	74.16202057937521	62.0	89.17247218548647	98	36.36363636363637	41618560.0	3.488328592772185	70.51693939126139	62.0	92.83270621314469	98	36.36363636363637	38648094.0
GRASO_170	0.0005460826706602453	0.0312037386439627	0.639266	0.72	37705178.0	0.004077337	31161216.0	37705178.0	100.0	0.0	7.787126744236561	37705178.0	68866394	68866394	100.0	80.32	31050291.0	43.64103814975875	49.0	97.89785428392801	100	9.090909090909092	38811985.0	0.5534146140705972	42.982211509055304	49.0	97.80777203906135	100	9.090909090909092	38656728.0
GRASO_171	0.0020647595011348977	0.0311281062079753	0.629133	0.74	40288308.0	0.004257523	23720851.0	40288308.0	100.0	0.0	5.425631178157196	40288308.0	64009159	64009159	100.0	82.41	34564059.0	42.13514152022184	49.0	96.75718904642439	100	9.090909090909092	42266454.0	0.714065636500372	41.13763697262346	48.0	96.86789331417398	100	9.090909090909092	41941579.0
GRASO_172	0.0006075205195823089	0.085681294860997	0.693072	0.69	24041412.0	0.004374078	15629282.0	24041412.0	100.0	0.0	5.305566079063909	24041412.0	39670694	39670694	100.0	69.7	20005197.0	57.25347051718509	49.0	87.19752866748865	98	36.36363636363637	29814523.0	2.3079875952645956	54.44296101453186	49.0	88.58890141945704	98	27.27272727272727	28700481.0
GRASO_173	0.0006979268760686399	0.0446695347717354	0.610546	0.76	20253789.0	0.004549544	16659349.0	20253789.0	100.0	0.0	7.716338903303475	20253789.0	36913138	36913138	100.0	73.58	16700804.0	45.3869991741388	50.0	92.75132745020402	100	27.27272727272727	22957170.0	1.0564029622915052	43.963317848071235	50.0	92.88956543526503	100	18.181818181818183	22697631.0
GRASO_174	0.00024507399297712804	0.0368145518412455	0.576259	0.58	22372261.0	0.004010823	10370848.0	22372261.0	100.0	0.0	4.592517492979364	22372261.0	32743109	32743109	100.0	85.19	19451074.0	34.991852464869	49.0	98.63342485360883	100	9.090909090909092	22898751.0	0.8148391073640842	34.60536879705538	49.0	97.97964651126286	98	9.090909090909092	22831958.0
GRASO_175	0.00045128332082633845	0.061680226745334	0.687649	0.72	27619111.0	0.004568785	28564575.0	27619111.0	100.0	0.0	10.247799069274894	27619111.0	56183686	56183686	100.0	76.19	21997747.0	50.38950325369867	49.0	95.94091813376555	100	36.36363636363637	29125451.0	0.7774554095548694	49.060229005124626	49.0	96.10401069692817	100	27.27272727272727	28872588.0
GRASO_176	0.0023426304225699825	0.0611056099810799	0.653705	0.67	25787012.0	0.004070121	29155515.0	25787012.0	100.0	0.0	10.573485598098763	25787012.0	54942527	54942527	100.0	73.51	19826593.0	42.524090614121434	51.0	98.29813849359343	100	18.181818181818183	27061685.0	0.807146978560757	42.01490320510437	51.0	97.71263475150641	98	18.181818181818183	26970756.0
GRASO_177	0.001993947558225177	0.0300042125918742	0.551211	0.65	21316210.0	0.004079996	16162214.0	21316210.0	100.0	0.0	6.83795102412671	21316210.0	37478424	37478424	100.0	80.63	17590013.0	34.64152328620554	49.0	98.3359677143834	100	9.090909090909092	21858898.0	0.48496351338973553	34.23925552849035	49.0	98.12013291208842	100	9.090909090909092	21815021.0
GRASO_178	0.0007973232451618896	0.024469632049628	0.571122	0.68	36128468.0	0.004309748	20362772.0	36128468.0	100.0	0.0	5.060945291120564	36128468.0	56491240	56491240	100.0	83.27	30770148.0	35.962581029806145	48.0	98.25328635867523	100	9.090909090909092	36985616.0	0.42374149415782597	35.550941832458136	48.0	97.98242361365487	100	9.090909090909092	36950485.0
GRASO_179	0.0010812577258883984	0.0334231538203581	0.541175	0.83	49234343.0	0.004854983	32124759.0	49234343.0	100.0	0.0	5.96562647337449	49234343.0	81359102	81359102	100.0	82.97	42185529.0	32.44428894057975	48.0	97.7080311217917	100	9.090909090909092	50962233.0	0.5394723354236503	31.8411028312413	48.0	97.45469449101536	100	9.090909090909092	50845395.0
GRASO_180	0.0005173062757069622	0.0307444358660912	0.606953	0.76	37104681.0	0.004363146	32880734.0	37104681.0	100.0	0.0	8.096787033420393	37104681.0	69985415	69985415	100.0	78.99	30499354.0	41.718368901499524	49.0	96.98710472622653	100	18.181818181818183	38748460.0	0.5757099057829378	40.9219081212024	49.0	96.8302121366085	100	18.181818181818183	38612006.0
HIGADO_01	0.011322277910067588	0.0247115794888372	0.805655	0.7	25870911.0	0.004136084	23811486.0	25870911.0	100.0	0.0	9.896172577765043	25870911.0	49682397	49682397	100.0	75.0	20251650.0	63.93925720382955	53.0	97.19856998825254	100	36.36363636363637	27287608.0	0.7510461161525497	62.555919243549624	53.0	97.55125644834601	100	27.27272727272727	27001110.0
HIGADO_02	0.0062167090268366795	0.0224665908210493	0.835176	0.69	39091276.0	0.004600456	37094341.0	39091276.0	100.0	0.0	9.961066504966478	39091276.0	76185617	76185617	100.0	73.74	29935652.0	67.82950599854905	52.0	97.50662594675157	100	27.27272727272727	40994519.0	0.7367225377554875	66.70986334377419	52.0	97.79677099714114	100	18.181818181818183	40596991.0
HIGADO_03	0.0015924625472995022	0.0245716375942103	0.84235	0.62	33530351.0	0.004118212	32698418.0	33530351.0	100.0	0.0	11.54254245653438	33530351.0	66228769	66228769	100.0	73.53	25708990.0	68.02215901276298	53.0	97.68351280995178	100	27.27272727272727	35323357.0	0.7482412333169973	67.02872333225693	53.0	98.01027937646934	100	27.27272727272727	34964183.0
HIGADO_04	0.0005194368676701574	0.025632697429267	0.810918	0.68	30745422.0	0.004279384	37916594.0	30745422.0	100.0	0.0	13.585430702496131	30745422.0	68662016	68662016	100.0	68.44	22268060.0	65.71782597179279	54.0	97.41403608548823	100	36.36363636363637	32894442.0	0.8054668287905933	64.5716235844155	54.0	97.74984792657844	100	27.27272727272727	32538559.0
HIGADO_05	6.319269918496764e-05	0.0229600056690374	0.818521	0.66	31123031.0	0.004450934	19971141.0	31123031.0	100.0	0.0	6.619249262708378	31123031.0	51094172	51094172	100.0	79.43	25523332.0	64.94846643087936	51.0	98.22085435469295	100	27.27272727272727	32305435.0	0.53887116607784	64.28791933639872	51.0	98.27637773899168	100	18.181818181818183	32131213.0
HIGADO_06	0.0001844531145215809	0.020413645288304	0.835287	0.74	34276517.0	0.004521406	33987455.0	34276517.0	100.0	0.0	11.421898555212012	34276517.0	68263972	68263972	100.0	72.92	26171170.0	66.28991117330213	52.0	97.38797603213833	100	27.27272727272727	36206484.0	0.6974717415002285	65.02974211272556	52.0	97.62213619994185	100	27.27272727272727	35888635.0
HIGADO_07	0.0059944383431309554	0.0256042623101329	0.855627	0.68	48615229.0	0.004563865	52055794.0	48615229.0	100.0	0.0	11.220401738722655	48615229.0	100671023	100671023	100.0	71.55	36574618.0	69.51799574265135	53.0	97.65819567458672	100	27.27272727272727	51460285.0	0.6382002912080351	68.5074845892687	53.0	97.73632500323602	100	27.27272727272727	51119811.0
HIGADO_08	0.0004536715770349892	0.0253871252436014	0.85487	0.67	37842197.0	0.004695266	48379058.0	37842197.0	100.0	0.0	15.614288990673558	37842197.0	86221255	86221255	100.0	67.8	26856100.0	69.72781837056536	53.0	97.76474340785333	100	27.27272727272727	39894440.0	0.6503009860353975	68.7272788972866	53.0	97.88676775094746	100	27.27272727272727	39608928.0
HIGADO_09	0.006349203425369345	0.0277393379479552	0.809007	0.73	29621716.0	0.004424793	34189344.0	29621716.0	100.0	0.0	13.059030746226858	29621716.0	63811060	63811060	100.0	69.29	21256593.0	64.30051773344886	53.0	97.54441417335288	100	27.27272727272727	30854520.0	0.5940035771916617	63.163056514322676	53.0	97.59333615460609	100	18.181818181818183	30676462.0
HIGADO_10	0.013941396341258672	0.0187385894296027	0.825279	0.69	36441380.0	0.004344977	46452128.0	36441380.0	100.0	0.0	14.056144416045715	36441380.0	82893508	82893508	100.0	66.88	25748893.0	68.09782588166826	56.0	97.32724918451733	100	27.27272727272727	38787458.0	0.6840410566748654	66.84391565422032	56.0	97.44338291045014	100	27.27272727272727	38501096.0
HIGADO_11	0.0016835968548557251	0.0218510092748025	0.837952	0.67	42877044.0	0.004475335	50913656.0	42877044.0	100.0	0.0	13.64186159848146	42877044.0	93790700	93790700	100.0	69.94	31074281.0	65.83373717476192	54.0	97.45468285612121	100	36.36363636363637	45022641.0	0.8964733293927316	64.57984226213087	53.0	97.94661671074545	100	27.27272727272727	44426899.0
HIGADO_12	0.010818154089147514	0.0199148369985264	0.839204	0.68	40425618.0	0.004500152	51559409.0	40425618.0	100.0	0.0	14.555332215329397	40425618.0	91985027	91985027	100.0	68.93	28734082.0	68.36531623589636	53.0	97.59913284908335	100	36.36363636363637	42177664.0	0.8001375543261867	67.29102640915998	53.0	98.02520772057055	100	27.27272727272727	41688577.0
HIGADO_13	0.0023519408235067314	0.0219008345499758	0.869295	0.65	55708132.0	0.004336951	59691228.0	55708132.0	100.0	0.0	11.136348998383216	55708132.0	115399360	115399360	100.0	71.49	41953803.0	70.32347038576407	54.0	97.92510227577279	100	27.27272727272727	58916690.0	0.5386089566316462	69.51908853147921	54.0	97.83302313439282	100	27.27272727272727	58688681.0
HIGADO_14	0.00012560060089664225	0.021795857256586	0.861185	0.67	53011303.0	0.004139491	57600914.0	53011303.0	100.0	0.0	10.635229999911529	53011303.0	110612217	110612217	100.0	71.76	39380660.0	69.75645788969608	52.0	97.99742751650516	100	27.27272727272727	55071296.0	0.5039834090853476	68.96875221388979	52.0	97.91676743212334	100	18.181818181818183	54877437.0
HIGADO_15	0.00013270699252144823	0.0215068173337557	0.863624	0.66	51823612.0	0.004430512	62847203.0	51823612.0	100.0	0.0	12.098485146114477	51823612.0	114670815	114670815	100.0	70.49	38150507.0	69.33231630333246	54.0	97.86239376531003	100	27.27272727272727	54342654.0	0.5613720554485158	68.43337564667473	54.0	97.76680415042668	100	27.27272727272727	54125423.0
HIGADO_16	0.0019720754121637612	0.0219140416381398	0.850164	0.69	31733544.0	0.004495874	45791940.0	31733544.0	100.0	0.0	15.797283782737914	31733544.0	77525484	77525484	100.0	65.08	22125361.0	69.92624691460928	55.0	98.04030198422228	100	27.27272727272727	34080456.0	0.486954250005031	69.14802130879102	55.0	97.85579377651426	100	27.27272727272727	33998921.0
HIGADO_17	0.0005540529982693429	0.0233996488020367	0.847185	0.69	46676136.0	0.004401832	45885181.0	46676136.0	100.0	0.0	10.878424040927467	46676136.0	92561317	92561317	100.0	72.23	35220541.0	69.41617101853927	52.0	97.72508182447967	100	27.27272727272727	48856406.0	0.4377229273554335	68.38468211543544	52.0	97.54032380200708	100	27.27272727272727	48762329.0
HIGADO_18	0.018942155127737167	0.0220385257944341	0.871373	0.64	58323176.0	0.004437597	83537712.0	58323176.0	100.0	0.0	15.755668038379802	58323176.0	141860888	141860888	100.0	65.47	40672827.0	73.04458158227807	55.0	98.10974810940012	100	27.27272727272727	62272034.0	0.4661694133063403	72.30315033668485	55.0	97.94330843690676	100	27.27272727272727	62122436.0
HIGADO_19	0.00030473151835012745	0.0240813129747857	0.843823	0.63	44064168.0	0.004127747	41397785.0	44064168.0	100.0	0.0	10.186778064208541	44064168.0	85461953	85461953	100.0	74.42	34097232.0	67.3383011566435	53.0	97.98886214773843	100	27.27272727272727	46087521.0	0.5870646268327514	66.48359879978676	53.0	98.05099455011612	100	27.27272727272727	45815288.0
HIGADO_20	0.010134834926014665	0.020450049479668	0.822057	0.65	29910051.0	0.004266182	30753702.0	29910051.0	100.0	0.0	10.819423209943707	29910051.0	60663753	60663753	100.0	72.71	22541888.0	63.67382986401795	53.0	97.90889246599721	100	27.27272727272727	31240007.0	0.6582496505872557	62.76279450952859	53.0	98.0673396444636	100	27.27272727272727	31004589.0
HIGADO_21	0.0010035427278520452	0.0229672032714419	0.864124	0.69	70759548.0	0.004579317	75141282.0	70759548.0	100.0	0.0	10.759887838740859	70759548.0	145900830	145900830	100.0	71.93	52930591.0	70.50743450985578	53.0	97.5904682385826	100	27.27272727272727	73931477.0	0.557529769109542	69.37574579987113	53.0	97.5647438756976	100	27.27272727272727	73584095.0
HIGADO_22	0.01073338217175995	0.0337760829483367	0.815692	0.72	19929310.0	0.004229835	20880689.0	19929310.0	100.0	0.0	11.026432927181123	19929310.0	40809999	40809999	100.0	71.0	15075900.0	66.44570344294729	54.0	97.47118387806485	100	27.27272727272727	21310345.0	0.5233203843928363	65.32339808393553	54.0	97.36934925898078	100	27.27272727272727	21233255.0
HIGADO_23	0.008751808876776566	0.0220835149632838	0.841293	0.62	44011946.0	0.004388409	44284567.0	44011946.0	100.0	0.0	10.505679526190457	44011946.0	88296513	88296513	100.0	72.45	33196398.0	67.14613986459746	53.0	98.24077818550971	100	27.27272727272727	45907614.0	0.47770513344550947	66.4346305833347	53.0	98.01626343629289	100	27.27272727272727	45819837.0
HIGADO_24	0.0006930791817608606	0.0250572407187579	0.859819	0.64	46371239.0	0.004118312	56628174.0	46371239.0	100.0	0.0	12.311665858227338	46371239.0	102999413	102999413	100.0	70.84	34110481.0	70.56824483697761	53.0	98.02808228012351	100	27.27272727272727	48263175.0	0.49398643234116635	69.78513098285256	53.0	97.83500965319583	100	27.27272727272727	48151411.0
HIGADO_25	9.538111800170395e-05	0.0266530888895701	0.796002	0.66	19008141.0	0.004510489	12559741.0	19008141.0	100.0	0.0	6.780363213846109	19008141.0	31567882	31567882	100.0	79.7	15562784.0	61.10573007164037	51.0	98.44478848134182	100	18.181818181818183	19546999.0	0.3980183069494685	60.573214496582736	51.0	98.20540783257235	100	18.181818181818183	19526714.0
HIGADO_26	0.0004418251958536568	0.0267659413957093	0.806627	0.61	26730652.0	0.004245566	18347321.0	26730652.0	100.0	0.0	7.182398693454989	26730652.0	45077973	45077973	100.0	79.36	21807185.0	61.912850246656916	51.0	98.39811579889117	100	18.181818181818183	27529970.0	0.42341191909149484	61.34754348239863	51.0	98.21771459953784	100	18.181818181818183	27478589.0
HIGADO_27	0.00017432520890697223	0.0294075891882095	0.840107	0.65	39601720.0	0.004428637	22512437.0	39601720.0	100.0	0.0	5.335248064983037	39601720.0	62114157	62114157	100.0	81.43	33035756.0	66.9106328515073	50.0	98.51872332371401	100	18.181818181818183	40587078.0	0.38017984971804597	66.39669835049472	50.0	98.23174529309883	100	18.181818181818183	40571810.0
HIGADO_28	3.300939018122485e-05	0.0270442666833423	0.81346	0.63	24594074.0	0.004122302	14646469.0	24594074.0	100.0	0.0	6.105076369209916	24594074.0	39240543	39240543	100.0	82.06	20690445.0	62.991749338199746	51.0	98.46866853976229	100	18.181818181818183	25241993.0	0.4006729105522273	62.490272580588595	51.0	98.23041879941835	100	18.181818181818183	25215078.0
HIGADO_29	0.0006613822417257775	0.024423663960064	0.81119	0.62	26066710.0	0.004410686	24371748.0	26066710.0	100.0	0.0	9.480475288212437	26066710.0	50438458	50438458	100.0	75.05	20316733.0	63.364214373142694	52.0	98.240971908364	100	18.181818181818183	27097781.0	0.4032081912943383	62.70343450252125	52.0	97.9936398747715	100	18.181818181818183	27071794.0
HIGADO_30	0.006032544191901162	0.0232400952143651	0.827104	0.63	33088415.0	0.004136104	27310097.0	33088415.0	100.0	0.0	8.312117700409646	33088415.0	60398512	60398512	100.0	77.73	26550926.0	65.00354502029393	51.0	98.42421478846944	100	18.181818181818183	34173976.0	0.39329619636616564	64.46975547455727	51.0	98.13888587018893	100	18.181818181818183	34157456.0
HIGADO_31	0.0006970404443897227	0.0224663523382047	0.809726	0.61	25096730.0	0.004599377	22362014.0	25096730.0	100.0	0.0	9.416270565926318	25096730.0	47458744	47458744	100.0	75.24	19542613.0	61.22572219030931	52.0	98.45821550278608	100	18.181818181818183	25992128.0	0.38891304177362873	60.58716334773822	52.0	98.20282645118454	100	18.181818181818183	25972145.0
HIGADO_32	0.00019816324688278205	0.0222469864101238	0.808109	0.67	25601096.0	0.004478252	17411904.0	25601096.0	100.0	0.0	7.128151857248612	25601096.0	43013000	43013000	100.0	79.98	20970695.0	62.30511957488973	51.0	98.45818509401651	100	18.181818181818183	26272832.0	0.4281772324060658	61.7312201054891	51.0	98.28196040400755	100	18.181818181818183	26221391.0
HIGADO_33	0.013870051087380264	0.0258953546572229	0.832566	0.64	30592244.0	0.004114758	29906387.0	30592244.0	100.0	0.0	10.246286607808175	30592244.0	60498631	60498631	100.0	73.95	23766007.0	66.51532629013283	53.0	98.07384079186589	100	27.27272727272727	32171811.0	0.40742618985895196	65.7949074591987	53.0	97.8296899305273	100	27.27272727272727	32138088.0
HIGADO_34	0.014816919638509412	0.0328257916037971	0.850925	0.66	55814841.0	0.004698602	53607864.0	55814841.0	100.0	0.0	9.82682724116333	55814841.0	109422705	109422705	100.0	74.01	43421652.0	68.80164431398225	52.0	97.93591366951814	100	27.27272727272727	58709275.0	0.39062013722289035	67.98479587399694	52.0	97.66923774844811	100	27.27272727272727	58668690.0
HIGADO_35	0.01776333960176894	0.0404557859564746	0.825848	0.68	27670244.0	0.004404845	32280218.0	27670244.0	100.0	0.0	12.040172106902997	27670244.0	59950462	59950462	100.0	68.49	20261213.0	66.48014612770476	54.0	97.31415836746159	100	27.27272727272727	29647719.0	0.48159562409792545	65.26679333237688	54.0	97.11013152185225	100	27.27272727272727	29583601.0
HIGADO_36	0.010137870032256177	0.0299463127590555	0.84064	0.62	35949781.0	0.004195036	34444467.0	35949781.0	100.0	0.0	9.800504765244607	35949781.0	70394248	70394248	100.0	75.44	28170114.0	67.92999973874566	52.0	98.10619325419381	100	27.27272727272727	37380736.0	0.4068763112285643	67.13571770637171	52.0	97.8629927001533	100	27.27272727272727	37342565.0
HIGADO_37	0.00011998758019465368	0.0305535506764883	0.795795	0.61	27097043.0	0.004418403	20094646.0	27097043.0	100.0	0.0	7.491717823232594	27097043.0	47191689	47191689	100.0	78.22	22053922.0	60.998418301253864	51.0	97.83997925721987	100	18.181818181818183	28227653.0	0.4224132091613506	60.11001677586948	51.0	97.59215167187251	100	18.181818181818183	28194285.0
HIGADO_38	0.00041939163694362856	0.0390058287558642	0.818416	0.62	26543542.0	0.004235666	20620961.0	26543542.0	100.0	0.0	7.810054136708658	26543542.0	47164503	47164503	100.0	78.64	21591612.0	62.67389080705767	51.0	97.89034963570981	100	18.181818181818183	27513780.0	0.43053836610447843	61.730956742880956	51.0	97.72633594417259	100	18.181818181818183	27456050.0
HIGADO_39	0.00020927959684378464	0.0279925876714501	0.832908	0.62	32500999.0	0.004683131	28437623.0	32500999.0	100.0	0.0	8.698348010779606	32500999.0	60938622	60938622	100.0	74.27	25265123.0	66.0295881804674	52.0	98.22138721783962	100	27.27272727272727	34064758.0	0.4303735893339629	65.3310027302791	52.0	97.98340959233438	100	27.27272727272727	34018935.0
HIGADO_40	0.004675577664119105	0.0307941070485945	0.827481	0.6	28483515.0	0.004711069	26267235.0	28483515.0	100.0	0.0	9.35641896725176	28483515.0	54750750	54750750	100.0	73.71	21968027.0	66.36452431692035	52.0	98.14565464220048	100	27.27272727272727	29862282.0	0.45071163123569946	65.63478689063203	52.0	97.94990879165502	100	27.27272727272727	29803194.0
HIGADO_41	0.02015784131473604	0.0246023147238125	0.842777	0.66	45115175.0	0.004174394	52337633.0	45115175.0	100.0	0.0	12.64189266693524	45115175.0	97452808	97452808	100.0	69.9	33366372.0	69.35810376445642	54.0	98.11005314935063	100	27.27272727272727	47891460.0	0.4991275416107944	68.63013906217998	54.0	98.00045959288593	100	27.27272727272727	47733550.0
HIGADO_42	0.010486170578789051	0.0227649121177792	0.836764	0.7	43254007.0	0.004691788	42757740.0	43254007.0	100.0	0.0	9.989671014757082	43254007.0	86011747	86011747	100.0	73.38	32946486.0	67.95111701018794	52.0	97.80286797742416	100	27.27272727272727	45081108.0	0.5335456752590996	67.00375900877228	52.0	97.72798472350937	100	27.27272727272727	44901412.0
HIGADO_43	0.00018313318463407095	0.0290923068496089	0.854123	0.74	40650769.0	0.004842118	38235230.0	40650769.0	100.0	0.0	9.775327989490187	40650769.0	78885999	78885999	100.0	73.49	31574040.0	67.189779759075	52.0	97.68782297235374	100	27.27272727272727	43116113.0	0.5388111072517208	66.22465510317775	52.0	97.55866026642992	100	27.27272727272727	42964244.0
HIGADO_44	0.001312351881951657	0.0287213459841154	0.842303	0.67	28690380.0	0.004474613	28750094.0	28690380.0	100.0	0.0	10.78101788822595	28690380.0	57440474	57440474	100.0	73.14	22089166.0	67.57795052893202	52.0	97.65013597190492	100	27.27272727272727	30336414.0	0.533934293199909	66.54238142969248	52.0	97.61253832563871	100	27.27272727272727	30202693.0
HIGADO_45	0.0008316840502047418	0.0290340183225901	0.854641	0.67	37914414.0	0.004505822	52485994.0	37914414.0	100.0	0.0	15.928366979376236	37914414.0	90400408	90400408	100.0	64.9	26401445.0	70.51266964198919	55.0	97.70263460174709	100	27.27272727272727	40736024.0	0.46233566863919595	69.58159577846371	55.0	97.43677487806295	100	27.27272727272727	40682468.0
HIGADO_46	8.693848672805212e-05	0.0261921509537181	0.836339	0.68	27291904.0	0.004238047	27981155.0	27291904.0	100.0	0.0	10.482027930334212	27291904.0	55273059	55273059	100.0	74.61	20990293.0	66.7839047152207	53.0	98.38237631381077	100	27.27272727272727	28156357.0	0.401130245194185	66.23129316423157	52.0	98.13354184795281	100	27.27272727272727	28132320.0
HIGADO_47	0.022511031940493927	0.0240066614387891	0.8279	0.6	24079217.0	0.00424614	32512544.0	24079217.0	100.0	0.0	14.941602959930133	24079217.0	56591761	56591761	100.0	66.51	17151613.0	67.46188692511853	55.0	98.04052790439934	100	27.27272727272727	25795807.0	0.3794754459573502	66.74469869494374	55.0	97.7519324775979	100	27.27272727272727	25788656.0
HIGADO_48	0.05346317004744902	0.0236127585950262	0.835317	0.62	31597728.0	0.004213201	54188170.0	31597728.0	100.0	0.0	21.195356197762067	31597728.0	85785898	85785898	100.0	60.89	20609470.0	69.99551313373863	57.0	98.15839270028913	100	27.27272727272727	33870273.0	0.4538370182428726	69.34048463819046	57.0	97.84900269487146	100	27.27272727272727	33844657.0
HIGADO_49	0.0010999839642002536	0.0208916924318861	0.854828	0.69	51666102.0	0.004105598	60006835.0	51666102.0	100.0	0.0	12.182136364767754	51666102.0	111672937	111672937	100.0	70.3	37753368.0	69.4176478352363	53.0	98.23403916106042	100	27.27272727272727	53779034.0	0.4567853820278322	68.78410516231433	53.0	97.98303306699624	100	27.27272727272727	53705876.0
HIGADO_50	0.00035508905633532887	0.0206576110048776	0.825736	0.71	30939343.0	0.00382912	35830891.0	30939343.0	100.0	0.0	12.242732497584063	30939343.0	66770234	66770234	100.0	72.32	23245467.0	66.77097507831532	53.0	97.81351907557907	100	27.27272727272727	32333409.0	0.5610320301449939	65.97797588632412	53.0	97.90613098711151	100	27.27272727272727	32142002.0
HIGADO_51	0.0002438825604515389	0.021399608941118	0.783714	0.72	29047636.0	0.004190492	31546871.0	29047636.0	100.0	0.0	11.42530152884042	29047636.0	60594507	60594507	100.0	72.83	22004947.0	63.12640430071218	52.0	97.84555255945746	100	18.181818181818183	30366162.0	0.56235370995055	62.36144810925511	52.0	97.83955910569058	100	18.181818181818183	30215314.0
HIGADO_52	0.0006454431839447248	0.0227380683729034	0.835497	0.67	39148395.0	0.004237461	52815543.0	39148395.0	100.0	0.0	14.181015594636767	39148395.0	91963938	91963938	100.0	67.41	27920307.0	68.60297493080716	55.0	97.74064270876758	100	27.27272727272727	41688213.0	0.6365400658141948	67.7668480601524	55.0	97.80493524243151	100	27.27272727272727	41420255.0
HIGADO_53	0.009057609475853651	0.0219291036345617	0.807472	0.66	26868406.0	0.004118158	32737975.0	26868406.0	100.0	0.0	12.664699945355895	26868406.0	59606381	59606381	100.0	70.89	19812314.0	64.50380093680118	54.0	97.93055474404682	100	27.27272727272727	28085547.0	0.5772685259293601	63.75732187611493	54.0	97.91260299513498	100	27.27272727272727	27946587.0
HIGADO_54	0.0002788526557195514	0.0230402746879201	0.828102	0.71	30697364.0	0.004114037	25169697.0	30697364.0	100.0	0.0	8.690876519560442	30697364.0	55867061	55867061	100.0	77.96	24694526.0	65.47021338998712	51.0	97.51242981399835	100	18.181818181818183	31808159.0	0.5256352426625196	64.50597687018657	51.0	97.45610778887733	100	18.181818181818183	31676144.0
HIGADO_55	0.0007209922074795609	0.0201504433521361	0.826533	0.66	26906000.0	0.004721962	34967593.0	26906000.0	100.0	0.0	14.182922024827176	26906000.0	61873593	61873593	100.0	67.46	18963223.0	66.27139179266364	53.0	97.97842678969928	100	27.27272727272727	28280631.0	0.6205856281486886	65.53256630495261	53.0	98.02710042911859	100	27.27272727272727	28108780.0
HIGADO_56	0.010545198287389226	0.0224508128580607	0.821486	0.68	25038856.0	0.004434809	36297298.0	25038856.0	100.0	0.0	16.776533240975546	25038856.0	61336154	61336154	100.0	65.92	17357418.0	66.57857055803777	55.0	97.5959088025852	100	27.27272727272727	26546849.0	0.7173447718119664	65.6256848177113	54.0	97.74715785892666	100	27.27272727272727	26331821.0
HIGADO_57	0.0016202729403066397	0.0205537438275023	0.859105	0.74	35420255.0	0.004757647	63716987.0	35420255.0	100.0	0.0	19.45965098218519	35420255.0	99137242	99137242	100.0	56.28	22142143.0	72.81980770403119	58.0	97.74350014058751	100	27.27272727272727	39562548.0	0.6615301185428005	72.02783863361438	58.0	97.70481378806214	100	27.27272727272727	39341221.0
HIGADO_58	0.005583717276775811	0.0212147785872547	0.820632	0.72	28741732.0	0.004319329	33192195.0	28741732.0	100.0	0.0	12.695240495597135	28741732.0	61933927	61933927	100.0	68.96	21329117.0	66.97941496441233	54.0	96.49951682402114	100	36.36363636363637	31662377.0	1.2488038131876749	65.46020183127973	54.0	97.62552542038804	100	27.27272727272727	30927616.0
HIGADO_59	0.008389982624518452	0.0247377334796977	0.826029	0.75	29218932.0	0.004438284	28052037.0	29218932.0	100.0	0.0	10.290228951557847	29218932.0	57270969	57270969	100.0	73.05	22338544.0	66.47862050511694	52.0	97.45025705014699	100	27.27272727272727	30816166.0	0.6603129595516286	65.54853676640471	52.0	97.61783558221826	100	27.27272727272727	30578043.0
HIGADO_60	0.00030186694850772074	0.0229458030160905	0.820123	0.7	29000696.0	0.004606272	45819407.0	29000696.0	100.0	0.0	17.46890833240692	29000696.0	74820103	74820103	100.0	59.85	19564982.0	68.67807964383056	59.0	97.62324060635942	100	27.27272727272727	32940397.0	0.7531934053392877	67.84788377299654	59.0	97.6805704980096	100	27.27272727272727	32691157.0
MUSCULO_100	0.00032775095632565855	0.0226489886112498	0.863137	0.74	73943808.0	0.004442809	70131169.0	73943808.0	100.0	0.0	9.280677024369641	73943808.0	144074977	144074977	100.0	74.14	58441353.0	70.83790229683989	53.0	96.3919865625746	100	27.27272727272727	79203863.0	0.6036866547803759	69.22006381764123	53.0	96.32342637270183	100	18.181818181818183	78822762.0
MUSCULO_101	0.00013688307101839957	0.0247754083909939	0.835417	0.76	39941691.0	0.003873765	27108142.0	39941691.0	100.0	0.0	6.804474051937361	39941691.0	67049833	67049833	100.0	80.79	33568483.0	64.46443404150136	52.0	97.80952112588899	100	18.181818181818183	41627976.0	0.44336280444609205	63.54260633950689	52.0	97.6008033074921	100	18.181818181818183	41552208.0
MUSCULO_102	0.015690664969434758	0.0256090353124478	0.793269	0.77	20067481.0	0.004248288	16043794.0	20067481.0	100.0	0.0	7.98292521119118	20067481.0	36111275	36111275	100.0	77.72	16335219.0	62.185882212179195	52.0	97.49258039792409	100	18.181818181818183	21052005.0	0.44828338647322374	61.27792009125099	52.0	97.25536742016766	100	18.181818181818183	21019083.0
MUSCULO_103	0.013575433167345398	0.0222073369180973	0.809798	0.72	22802088.0	0.004030763	27272227.0	22802088.0	100.0	0.0	12.451907912994635	22802088.0	50074315	50074315	100.0	67.87	16907892.0	65.49332929943867	55.0	96.4165598450857	100	27.27272727272727	24999630.0	0.5641968752690889	64.06245186320464	55.0	96.26095304987948	100	27.27272727272727	24912673.0
MUSCULO_104	0.00033692799165052796	0.0290221942878435	0.814848	0.79	33631629.0	0.003708212	25627014.0	33631629.0	100.0	0.0	7.3701722863320125	33631629.0	59258643	59258643	100.0	80.12	28116524.0	64.62879997618407	52.0	97.0503312438795	100	18.181818181818183	35117630.0	0.39993023398602184	63.51007131240979	52.0	96.77447986917201	100	18.181818181818183	35094632.0
MUSCULO_105	0.0006063930916324292	0.0253309086451559	0.822863	0.8	31451099.0	0.003912435	32682449.0	31451099.0	100.0	0.0	10.527695709456767	31451099.0	64133548	64133548	100.0	73.56	24798357.0	65.38405726427591	55.0	95.9206857140488	100	27.27272727272727	33768595.0	0.4673009017225745	63.73806073185493	55.0	95.68282166137354	100	27.27272727272727	33712876.0
MUSCULO_106	0.005971527356118809	0.0375111047699976	0.824586	0.81	24814990.0	0.004055848	30219670.0	24814990.0	100.0	0.0	16.06751403083378	24814990.0	55034660	55034660	100.0	69.36	18247091.0	67.45518932439771	53.0	95.11528897391388	100	27.27272727272727	26444515.0	0.6163062747738133	65.42094486507092	53.0	95.0791781545636	100	18.181818181818183	26306309.0
MUSCULO_107	0.00040779830761760447	0.0282881165455195	0.814098	0.79	33435677.0	0.003791035	27721632.0	33435677.0	100.0	0.0	8.80163425433258	33435677.0	61157309	61157309	100.0	78.27	27432309.0	64.407048816371	52.0	95.58828225946208	100	36.36363636363637	35430380.0	0.8100093647587517	62.34270907625874	52.0	95.91120147702793	100	18.181818181818183	35047137.0
MUSCULO_108	0.0003913033409799993	0.0278008306230047	0.844353	0.78	51269431.0	0.004325852	39145776.0	51269431.0	100.0	0.0	7.677818776650749	51269431.0	90415207	90415207	100.0	77.04	41302939.0	67.60534499298177	52.0	96.3767770478237	100	27.27272727272727	53916177.0	0.5867483193990776	65.86514508438945	52.0	96.39950429926681	100	18.181818181818183	53614607.0
MUSCULO_109	9.302627880744776e-05	0.0294850725581287	0.807414	0.77	25484830.0	0.00371738	16918411.0	25484830.0	100.0	0.0	7.248390513101323	25484830.0	42403241	42403241	100.0	79.81	21268833.0	62.78069755102374	52.0	97.11112218792023	100	27.27272727272727	26762621.0	0.522068528107323	61.46906092593605	52.0	97.06243411862407	100	18.181818181818183	26650172.0
MUSCULO_110	0.0005096155857124439	0.0274732067977697	0.793592	0.79	25594306.0	0.003735059	26546351.0	25594306.0	100.0	0.0	12.366731100268941	25594306.0	52140657	52140657	100.0	73.8	19896738.0	61.85752537104328	53.0	96.49205717210711	100	27.27272727272727	27119938.0	0.6217529941294687	60.34021833755111	53.0	96.52201895761144	100	18.181818181818183	26958565.0
MUSCULO_111	0.0006484512482016932	0.0309754217417059	0.795957	0.8	23965167.0	0.003786501	25253559.0	23965167.0	100.0	0.0	11.377133320205948	23965167.0	49218726	49218726	100.0	73.04	18745599.0	64.21069583157706	54.0	95.16373212450719	100	27.27272727272727	25880755.0	0.7485221228928055	62.31045649455069	54.0	95.29962548596782	100	27.27272727272727	25665794.0
MUSCULO_112	0.0026282155583902305	0.0300109619142927	0.82647	0.83	31921623.0	0.003717081	24778573.0	31921623.0	100.0	0.0	8.268768163824252	31921623.0	56700196	56700196	100.0	78.56	26419073.0	66.12739661750646	52.0	95.54784662371357	100	27.27272727272727	33948038.0	0.7598223590294089	63.9866894285419	52.0	95.77847999730473	100	18.181818181818183	33629243.0
MUSCULO_113	0.00012997833910978736	0.0609109061004189	0.783085	0.75	33182200.0	0.004252371	14033111.0	33182200.0	100.0	0.0	4.0126634159278165	33182200.0	47215311	47215311	100.0	84.07	29183011.0	60.02003468291189	49.0	95.91846083232464	100	18.181818181818183	34922407.0	0.6979318439414915	58.681531295420996	49.0	95.87909696767092	100	18.181818181818183	34711404.0
MUSCULO_114	0.00045217699070663244	0.0414551224509775	0.830665	0.72	31992884.0	0.004862558	22367283.0	31992884.0	100.0	0.0	7.253434857576453	31992884.0	54360167	54360167	100.0	76.96	25898034.0	67.61613150853623	49.0	93.7464436538529	98	18.181818181818183	33819402.0	0.65622905355753	64.87762055576215	48.0	93.63109333476281	98	18.181818181818183	33653206.0
MUSCULO_115	0.00048411645905539036	0.0347831931270651	0.814099	0.78	41582190.0	0.004231559	24350392.0	41582190.0	100.0	0.0	5.6837434488178715	41582190.0	65932582	65932582	100.0	82.43	35273109.0	65.53732048685313	49.0	95.5804815104094	100	18.181818181818183	43166045.0	0.7140552767864651	63.31066775109222	49.0	95.78187692707277	100	18.181818181818183	42790613.0
MUSCULO_116	0.0039783793409583195	0.029208696492723	0.871552	0.79	63027437.0	0.004298342	69108914.0	63027437.0	100.0	0.0	11.906500338892092	63027437.0	132136351	132136351	100.0	72.07	47820805.0	73.37529053800539	52.0	95.79872106968823	100	36.36363636363637	67050565.0	0.7494357459672152	71.5735366312939	52.0	96.13248550168949	100	18.181818181818183	66357042.0
MUSCULO_117	0.0004902474219113701	0.0389437487939169	0.815991	0.81	23008511.0	0.004202401	15461936.0	23008511.0	100.0	0.0	7.200939687057542	23008511.0	38470447	38470447	100.0	79.9	19042388.0	65.07073523380483	50.0	95.78268105580011	100	18.181818181818183	23949647.0	0.5655058692593028	63.249284529931586	50.0	95.7543414098457	100	18.181818181818183	23832523.0
MUSCULO_118	0.00014323863744690663	0.0212552470839232	0.820594	0.82	33489571.0	0.003685392	27356294.0	33489571.0	100.0	0.0	8.612104944551245	33489571.0	60845865	60845865	100.0	78.12	27150353.0	63.90455093972499	53.0	97.29569886586144	100	27.27272727272727	34886566.0	0.5172601787691977	62.60997671575203	53.0	97.21442069088725	100	18.181818181818183	34754701.0
MUSCULO_119	0.009809941765791865	0.0331070771825433	0.836777	0.79	29937121.0	0.00418588	37392430.0	29937121.0	100.0	0.0	16.706222351842047	29937121.0	67329551	67329551	100.0	69.98	21899660.0	68.61725881106766	51.0	95.86584173431199	100	18.181818181818183	31360632.0	0.4598235252741647	66.90866427109823	51.0	95.66469663020078	100	18.181818181818183	31296375.0
MUSCULO_120	6.869447834839874e-05	0.0315352163476576	0.803111	0.84	29536986.0	0.003466239	21205614.0	29536986.0	100.0	0.0	7.533503926229981	29536986.0	50742600	50742600	100.0	81.37	24889883.0	62.816264977815294	52.0	97.02375692769904	100	18.181818181818183	30637337.0	0.4401919625061621	61.45072790568422	52.0	96.80979813635051	100	18.181818181818183	30587082.0
MUSCULO_61	0.0048043419014424365	0.02450694916691	0.83778	0.76	43938082.0	0.004061254	48254949.0	43938082.0	100.0	0.0	11.071689474292484	43938082.0	92193031	92193031	100.0	72.32	33855782.0	68.08898615311897	54.0	97.00383634877866	100	36.36363636363637	47363264.0	0.8470246777947474	66.90801589300494	54.0	97.370983855844	100	27.27272727272727	46814897.0
MUSCULO_62	0.000197909398208411	0.0241772718382832	0.844912	0.78	56562039.0	0.003595035	32190829.0	56562039.0	100.0	0.0	5.528522407051132	56562039.0	88752868	88752868	100.0	84.01	48594003.0	67.4690491032808	50.0	97.38949419629776	100	18.181818181818183	58128499.0	0.5226033379055939	66.40240884588161	50.0	97.4076462895431	100	18.181818181818183	57844736.0
MUSCULO_63	0.008837229706639886	0.021138759945713	0.836801	0.72	47985848.0	0.00407285	43624935.0	47985848.0	100.0	0.0	9.464946831824248	47985848.0	91610783	91610783	100.0	76.56	38026210.0	64.37850915148996	53.0	97.65042828799152	100	27.27272727272727	50014127.0	0.650458920246309	63.48262949158285	53.0	97.75659890018146	100	18.181818181818183	49666193.0
MUSCULO_64	1.7914919539020457e-05	0.0214037569450992	0.823647	0.72	28339277.0	0.003933809	28037872.0	28339277.0	100.0	0.0	9.973677168969413	28339277.0	56377149	56377149	100.0	75.38	22251213.0	64.93580313121402	53.0	98.17901007346038	100	18.181818181818183	29589832.0	0.4822516707230873	64.33232101941994	53.0	98.00325758710956	100	18.181818181818183	29516939.0
MUSCULO_65	0.012628852703749256	0.023337429441561	0.786877	0.77	22847154.0	0.004020385	18962770.0	22847154.0	100.0	0.0	8.131958142357687	22847154.0	41809924	41809924	100.0	78.77	18536000.0	61.13190237125986	51.0	98.01510585968144	100	18.181818181818183	23612956.0	0.5230966914987547	60.39174139502715	51.0	97.90045762384341	100	18.181818181818183	23530461.0
MUSCULO_66	0.0002976147875434323	0.0391085554405352	0.779379	0.83	22558039.0	0.004133053	11582887.0	22558039.0	100.0	0.0	4.824169334931995	22558039.0	34140926	34140926	100.0	82.48	19355890.0	60.386887966437705	49.0	96.85307190176854	100	18.181818181818183	23655802.0	0.7179917890419145	59.260816708336385	49.0	96.97802126815152	100	18.181818181818183	23468142.0
MUSCULO_67	0.02051644509143727	0.0300562836073494	0.826788	0.71	25119456.0	0.004248081	20092854.0	25119456.0	100.0	0.0	7.849178740176539	25119456.0	45212310	45212310	100.0	77.06	20372216.0	65.0938704591187	51.0	97.46694446618962	100	18.181818181818183	26480967.0	0.47402301816235903	64.21003086710462	51.0	97.21031432602607	100	18.181818181818183	26438218.0
MUSCULO_68	0.023095037643820256	0.0309096580035653	0.801373	0.75	22456975.0	0.003868608	16420511.0	22456975.0	100.0	0.0	7.345771191355915	22456975.0	38877486	38877486	100.0	79.66	18676118.0	59.89534846965357	52.0	97.4942865899786	100	18.181818181818183	23511178.0	0.5007496773445651	59.10603051884789	52.0	97.3400810072354	100	18.181818181818183	23443338.0
MUSCULO_69	7.239009807700048e-05	0.0273681392820574	0.778526	0.74	23343020.0	0.004024395	16889737.0	23343020.0	100.0	0.0	7.050762926133808	23343020.0	40232757	40232757	100.0	79.75	19245085.0	60.75370527937913	51.0	98.12561732150381	100	18.181818181818183	24163260.0	0.40692391638010017	60.08597575899762	51.0	97.90429305907696	100	18.181818181818183	24130998.0
MUSCULO_70	0.00026660526508984173	0.0299514459308628	0.820859	0.8	25263052.0	0.004245247	21266529.0	25263052.0	100.0	0.0	8.854547740312611	25263052.0	46529581	46529581	100.0	75.7	20312371.0	65.81472821084303	52.0	96.14695566085275	100	18.181818181818183	26940888.0	0.6093643896985154	64.4067833209968	52.0	95.99431251199287	100	18.181818181818183	26833639.0
MUSCULO_71	0.00016370278575549024	0.0312989621381776	0.793268	0.75	25244564.0	0.003772563	16706734.0	25244564.0	100.0	0.0	6.623295217140609	25244564.0	41951298	41951298	100.0	81.2	21214636.0	60.85631252449609	51.0	97.77882165867129	100	18.181818181818183	26191579.0	0.4771739407860255	60.1381747308885	51.0	97.60956051322616	100	18.181818181818183	26126338.0
MUSCULO_72	8.675241468116897e-05	0.0253839807463904	0.783013	0.75	17521825.0	0.003962519	15222700.0	17521825.0	100.0	0.0	8.747987153164697	17521825.0	32744525	32744525	100.0	77.36	14025678.0	60.220900812321574	52.0	98.28629806758615	100	18.181818181818183	18150615.0	0.4033840345677766	59.6862533945247	52.0	98.05389785088579	100	18.181818181818183	18129888.0
MUSCULO_73	0.002115961774831425	0.0226289793181228	0.828929	0.78	35809576.0	0.003452595	37119722.0	35809576.0	100.0	0.0	12.717045295370156	35809576.0	72929298	72929298	100.0	75.09	28152181.0	67.14935545157766	54.0	96.86239420235934	100	36.36363636363637	37972964.0	0.8590897162781306	65.70842225714202	54.0	97.32949900250104	100	27.27272727272727	37490766.0
MUSCULO_74	0.0004977218338436538	0.0239143247150761	0.801388	0.78	36097189.0	0.004030318	19755246.0	36097189.0	100.0	0.0	5.469040816446954	36097189.0	55852435	55852435	100.0	81.79	30567920.0	62.742827201182685	50.0	94.64652393622279	100	36.36363636363637	39053196.0	1.9782292542580904	59.84622234084508	50.0	97.02067719270335	100	18.181818181818183	37374561.0
MUSCULO_75	5.534789751199628e-05	0.0252362106222778	0.809216	0.78	29919875.0	0.00405135	16090890.0	29919875.0	100.0	0.0	5.3216064572462285	29919875.0	46010765	46010765	100.0	82.21	25487453.0	62.35285241995209	51.0	96.02080952443237	100	36.36363636363637	31881459.0	1.4048357894756769	60.311557758664804	51.0	97.42649670537699	100	18.181818181818183	31001726.0
MUSCULO_76	0.00010202395662113194	0.0312764363805519	0.766232	0.79	28464735.0	0.003995807	11743486.0	28464735.0	100.0	0.0	3.878167142606457	28464735.0	40208221	40208221	100.0	83.63	24674430.0	61.906449241634625	49.0	92.9109687103954	100	36.36363636363637	31587232.0	2.88465665341496	57.94421056946907	49.0	96.70348060488114	100	18.181818181818183	29503119.0
MUSCULO_77	0.0002699120095746985	0.0222118449880762	0.823297	0.77	56269422.0	0.003910051	33984587.0	56269422.0	100.0	0.0	5.917686518976505	56269422.0	90254009	90254009	100.0	82.55	47870092.0	63.405435862995375	51.0	96.30710451303597	100	36.36363636363637	59209322.0	1.1530096516316681	61.562673406618416	51.0	97.2616651458504	100	18.181818181818183	57990788.0
MUSCULO_78	0.00021684753172763777	0.0228014103439227	0.846246	0.74	47702265.0	0.003827574	47721476.0	47702265.0	100.0	0.0	10.935665214219911	47702265.0	95423741	95423741	100.0	72.23	36887350.0	68.41203741247463	55.0	96.53973983467328	100	36.36363636363637	52054746.0	1.10300791664753	66.85420840049551	55.0	97.38402345030708	100	27.27272727272727	51070376.0
MUSCULO_79	0.019223109873603646	0.0236342805903566	0.819012	0.76	36246543.0	0.003551132	26605973.0	36246543.0	100.0	0.0	7.6847190641049545	36246543.0	62852516	62852516	100.0	78.83	29952841.0	65.76293386093268	53.0	96.866994714722	100	36.36363636363637	38704492.0	1.0374368519757478	64.326686026978	53.0	97.71547699946566	100	18.181818181818183	37997139.0
MUSCULO_80	0.00011401695280065542	0.0229936513959448	0.802762	0.78	27478819.0	0.003900908	24949043.0	27478819.0	100.0	0.0	9.406885354134033	27478819.0	52427862	52427862	100.0	76.55	21945922.0	63.49003565443383	53.0	96.32470730167648	100	36.36363636363637	29445676.0	1.3229808877219236	61.63268281489827	53.0	97.69263805482703	100	18.181818181818183	28670602.0
MUSCULO_81	0.00011122515121986185	0.0238784498551456	0.799186	0.82	25986067.0	0.003914529	24245740.0	25986067.0	100.0	0.0	9.909968291854247	25986067.0	50231807	50231807	100.0	76.12	20715221.0	65.66528814540445	53.0	92.83658503811981	100	36.36363636363637	29336714.0	3.1660391591096917	61.72031518602265	53.0	97.02438543299256	100	18.181818181818183	27214567.0
MUSCULO_82	8.427371339210878e-05	0.0371890577296704	0.821686	0.81	38398774.0	0.003559463	17169653.0	38398774.0	100.0	0.0	4.365673237379922	38398774.0	55568427	55568427	100.0	84.92	33738156.0	65.50763331931023	51.0	96.93930756853814	100	18.181818181818183	40044021.0	0.6886810685242842	64.53304110288725	51.0	97.09349883105821	100	18.181818181818183	39728240.0
MUSCULO_83	0.005026623741127781	0.0242487002154531	0.841248	0.81	47282436.0	0.003798526	49207415.0	47282436.0	100.0	0.0	10.752637617909535	47282436.0	96489851	96489851	100.0	72.03	36168524.0	69.93547431709621	54.0	95.26410746613738	100	36.36363636363637	52137428.0	1.7913285878857037	67.782135446133	54.0	97.2317028199335	100	27.27272727272727	50213489.0
MUSCULO_84	9.152570183156243e-05	0.0270658741609503	0.8076	0.75	35780827.0	0.004169149	16658589.0	35780827.0	100.0	0.0	4.0831392745617645	35780827.0	52439416	52439416	100.0	83.44	30662329.0	65.55397266141983	49.0	94.3637593129087	100	36.36363636363637	38920708.0	2.4667401278451413	62.62973484802448	49.0	97.5700749225497	100	18.181818181818183	36748082.0
MUSCULO_85	0.0002886569754602047	0.0267153367462496	0.819698	0.78	36057904.0	0.003760548	23992298.0	36057904.0	100.0	0.0	6.622315040829883	36057904.0	60050202	60050202	100.0	80.32	29971349.0	68.72988805689707	51.0	91.89254260026246	100	36.36363636363637	40997400.0	3.8375103216016955	64.34174796098672	51.0	97.217548477821	100	18.181818181818183	37314074.0
MUSCULO_86	0.00046640034223158276	0.0253752484359709	0.836005	0.78	31295939.0	0.004132269	37599932.0	31295939.0	100.0	0.0	13.200383602485932	31295939.0	68895871	68895871	100.0	69.2	23411329.0	68.0917852978717	56.0	94.05408865742575	100	36.36363636363637	35845593.0	2.5542808373046317	65.05174595689067	56.0	97.21252015851742	100	27.27272727272727	33831233.0
MUSCULO_87	0.00012387401616159512	0.0209333073075321	0.807892	0.78	33975640.0	0.00393825	31350767.0	33975640.0	100.0	0.0	9.5513962356559	33975640.0	65326407	65326407	100.0	76.29	27100692.0	64.48523067924486	52.0	97.10680321067494	100	36.36363636363637	36066809.0	0.9289787817097068	63.20895578735849	52.0	97.74759331503816	100	18.181818181818183	35521579.0
MUSCULO_88	0.00016245495259543656	0.026177612038118	0.830894	0.85	42469550.0	0.004187243	44763187.0	42469550.0	100.0	0.0	10.914320966433598	42469550.0	87232737	87232737	100.0	73.26	33565311.0	68.74462011242335	54.0	93.24134269268998	98	36.36363636363637	47988911.0	2.138336822005993	65.43449352752395	54.0	95.6629943555173	98	27.27272727272727	45814473.0
MUSCULO_89	4.6957831045958684e-05	0.0332241830971004	0.816723	0.74	25851052.0	0.004765935	9060701.0	25851052.0	100.0	0.0	2.6803319261436633	25851052.0	34911753	34911753	100.0	83.33	22188043.0	65.2434096809958	47.0	94.3529838747806	100	36.36363636363637	27580648.0	1.6622919252284891	62.27152134437198	47.0	96.17048429385733	100	18.181818181818183	26627098.0
MUSCULO_90	0.0029865657406420664	0.0246781082433552	0.871379	0.79	82250863.0	0.003916709	53615041.0	82250863.0	100.0	0.0	6.397090325970196	82250863.0	135865904	135865904	100.0	80.77	68911426.0	70.93058760352461	51.0	96.7095942683857	100	36.36363636363637	86860276.0	1.0259573787921876	69.37257724452209	51.0	97.51061422048218	100	18.181818181818183	85319737.0
MUSCULO_91	0.00023545236885323708	0.023835390841221	0.799281	0.78	37471584.0	0.003808713	27028415.0	37471584.0	100.0	0.0	7.283038795477662	37471584.0	64499999	64499999	100.0	79.8	31089586.0	63.27211027690068	52.0	95.08741238801713	100	36.36363636363637	40559663.0	1.8470368937743553	60.60726873013766	52.0	97.25010193940783	100	18.181818181818183	38959418.0
MUSCULO_92	0.0004216195464661536	0.0315712285227569	0.808032	0.8	42598129.0	0.004042598	15729558.0	42598129.0	100.0	0.0	3.4056002788291475	42598129.0	58327687	58327687	100.0	86.02	37678546.0	62.04781054710496	49.0	93.21025750797592	100	36.36363636363637	46632808.0	2.6934158774180093	58.07824729324022	49.0	96.65545080351411	100	18.181818181818183	43801533.0
MUSCULO_93	0.0002788922695376999	0.0237905899442046	0.832826	0.75	38665636.0	0.004012842	26387536.0	38665636.0	100.0	0.0	6.853103360306811	38665636.0	65053172	65053172	100.0	80.83	32286735.0	66.1541441400156	51.0	95.20490333825622	100	36.36363636363637	41618585.0	1.8927345434637026	63.67269720933816	50.0	97.40602508271739	100	18.181818181818183	39942323.0
MUSCULO_94	0.0007762976822611252	0.0285964331176653	0.824701	0.81	29430478.0	0.003829778	29190961.0	29430478.0	100.0	0.0	10.467070905202423	29430478.0	58621439	58621439	100.0	75.17	23355038.0	69.10335780631317	53.0	93.0255300280844	100	36.36363636363637	33416767.0	3.0862224067125013	65.51705419108684	53.0	97.08317527309366	100	18.181818181818183	31069378.0
MUSCULO_95	0.00019580135621056298	0.023796371164245	0.836409	0.76	42847365.0	0.004345912	33865952.0	42847365.0	100.0	0.0	7.646234488398528	42847365.0	76713317	76713317	100.0	78.15	34802543.0	67.40170551226547	51.0	96.78573846883656	100	36.36363636363637	45518759.0	1.1937251395357493	65.93457905841908	51.0	97.81408608786305	100	18.181818181818183	44533827.0
MUSCULO_96	0.0003031906668763824	0.032178786067765	0.753557	0.81	35462080.0	0.003820605	25415857.0	35462080.0	100.0	0.0	7.488339657459461	35462080.0	60877937	60877937	100.0	81.47	29931627.0	59.860447366172224	51.0	95.18207290516779	100	36.36363636363637	38460264.0	2.089739654236001	57.15257283376994	51.0	97.65593060878345	100	18.181818181818183	36738252.0
MUSCULO_97	0.011253676216347198	0.0229711176761979	0.836639	0.74	25786518.0	0.003932847	57120415.0	25786518.0	100.0	0.0	25.524512460348465	25786518.0	82906933	82906933	100.0	48.47	14772912.0	76.32975021594685	62.0	89.19898404397962	98	36.36363636363637	34179826.0	4.783808028321896	71.62240774111925	62.0	95.40877353234733	98	27.27272727272727	30478260.0
MUSCULO_98	0.0001798537331340118	0.0406137429646132	0.770178	0.81	45412472.0	0.003809648	19557607.0	45412472.0	100.0	0.0	4.230223362427837	45412472.0	64970079	64970079	100.0	84.93	40108319.0	60.05493432694464	50.0	96.12810063923742	100	18.181818181818183	47607038.0	0.745348676357743	58.755519545104654	50.0	96.23636613076727	100	18.181818181818183	47225717.0
MUSCULO_99	0.0003419188913682652	0.0297598562657031	0.839902	0.81	42140670.0	0.003887893	38746296.0	42140670.0	100.0	0.0	9.815301939907457	42140670.0	80886966	80886966	100.0	76.31	33924693.0	68.24608156001267	52.0	95.40759319979291	100	36.36363636363637	45140390.0	0.9604458149233372	66.17862814493616	52.0	96.00844484304012	100	18.181818181818183	44457191.0
