Sample	raw_total_sequences	filtered_sequences	sequences	is_sorted	1st_fragments	last_fragments	reads_mapped	reads_mapped_and_paired	reads_unmapped	reads_properly_paired	reads_paired	reads_duplicated	reads_MQ0	reads_QC_failed	non-primary_alignments	supplementary_alignments	total_length	total_first_fragment_length	total_last_fragment_length	bases_mapped	bases_mapped_(cigar)	bases_trimmed	bases_duplicated	mismatches	error_rate	average_length	average_first_fragment_length	average_last_fragment_length	maximum_length	maximum_first_fragment_length	maximum_last_fragment_length	average_quality	insert_size_average	insert_size_standard_deviation	inward_oriented_pairs	outward_oriented_pairs	pairs_with_other_orientation	pairs_on_different_chromosomes	percentage_of_properly_paired_reads_(%)	reads_mapped_percent	reads_mapped_and_paired_percent	reads_unmapped_percent	reads_properly_paired_percent	reads_paired_percent	reads_duplicated_percent	reads_MQ0_percent	reads_QC_failed_percent
GRASO_121	44437829.0	0.0	44437829.0	1.0	44437829.0	0.0	44437829.0	0.0	0.0	0.0	0.0	28987416.0	3472680.0	0.0	35021258.0	0.0	4338613257.0	4338613257.0	0.0	4338613257.0	4284267220.0	0.0	2825671639.0	18822765.0	0.004393462	97.0	98.0	0.0	100.0	100.0	0.0	38.9	0.0	0.0	0.0	0.0	0.0	0.0	0.0	100.0	0.0	0.0	0.0	0.0	65.23139553014617	7.814693197545722	0.0
GRASO_122	54153059.0	0.0	54153059.0	1.0	54153059.0	0.0	54153059.0	0.0	0.0	0.0	0.0	35344558.0	4379021.0	0.0	48162729.0	0.0	5315386703.0	5315386703.0	0.0	5315386703.0	5252586101.0	0.0	3465938599.0	22482578.0	0.004280287	98.0	98.0	0.0	100.0	100.0	0.0	38.8	0.0	0.0	0.0	0.0	0.0	0.0	0.0	100.0	0.0	0.0	0.0	0.0	65.26788819076684	8.086377908956168	0.0
GRASO_123	54908457.0	0.0	54908457.0	1.0	54908457.0	0.0	54908457.0	0.0	0.0	0.0	0.0	42630896.0	12478363.0	0.0	137326418.0	0.0	5338081370.0	5338081370.0	0.0	5338081370.0	5277060903.0	0.0	4138174300.0	19319813.0	0.003661093	97.0	97.0	0.0	100.0	100.0	0.0	38.9	0.0	0.0	0.0	0.0	0.0	0.0	0.0	100.0	0.0	0.0	0.0	0.0	77.6399453366537	22.72575789190361	0.0
GRASO_124	27867867.0	0.0	27867867.0	1.0	27867867.0	0.0	27867867.0	0.0	0.0	0.0	0.0	20625682.0	3366717.0	0.0	35216836.0	0.0	2683652412.0	2683652412.0	0.0	2683652412.0	2648158345.0	0.0	1981799967.0	14006997.0	0.005289335	96.0	96.0	0.0	100.0	100.0	0.0	38.7	0.0	0.0	0.0	0.0	0.0	0.0	0.0	100.0	0.0	0.0	0.0	0.0	74.01241724025739	12.080999955970796	0.0
GRASO_125	52425973.0	0.0	52425973.0	1.0	52425973.0	0.0	52425973.0	0.0	0.0	0.0	0.0	32007851.0	4243252.0	0.0	46261948.0	0.0	5151919108.0	5151919108.0	0.0	5151919108.0	5092660052.0	0.0	3142282970.0	21842047.0	0.004288927	98.0	98.0	0.0	100.0	100.0	0.0	38.8	0.0	0.0	0.0	0.0	0.0	0.0	0.0	100.0	0.0	0.0	0.0	0.0	61.053422890215124	8.093797324467397	0.0
GRASO_126	48102633.0	0.0	48102633.0	1.0	48102633.0	0.0	48102633.0	0.0	0.0	0.0	0.0	32970979.0	6257810.0	0.0	69195594.0	0.0	4707518967.0	4707518967.0	0.0	4707518967.0	4652369721.0	0.0	3224261947.0	19959813.0	0.004290246	97.0	98.0	0.0	100.0	100.0	0.0	38.8	0.0	0.0	0.0	0.0	0.0	0.0	0.0	100.0	0.0	0.0	0.0	0.0	68.54298183635811	13.009287869959218	0.0
GRASO_127	59314073.0	0.0	59314073.0	1.0	59314073.0	0.0	59314073.0	0.0	0.0	0.0	0.0	40783492.0	4414775.0	0.0	47275153.0	0.0	5816544512.0	5816544512.0	0.0	5816544512.0	5747523112.0	0.0	3995969856.0	24566048.0	0.004274197	98.0	98.0	0.0	100.0	100.0	0.0	38.8	0.0	0.0	0.0	0.0	0.0	0.0	0.0	100.0	0.0	0.0	0.0	0.0	68.75854234457984	7.443048127886952	0.0
GRASO_128	51175288.0	0.0	51175288.0	1.0	51175288.0	0.0	51175288.0	0.0	0.0	0.0	0.0	35014884.0	5461757.0	0.0	60801556.0	0.0	5002251032.0	5002251032.0	0.0	5002251032.0	4942764932.0	0.0	3418345764.0	20358402.0	0.004118829	97.0	98.0	0.0	100.0	100.0	0.0	38.9	0.0	0.0	0.0	0.0	0.0	0.0	0.0	100.0	0.0	0.0	0.0	0.0	68.4214693623219	10.67264535961185	0.0
GRASO_129	28972204.0	0.0	28972204.0	1.0	28972204.0	0.0	28972204.0	0.0	0.0	0.0	0.0	25799773.0	12581858.0	0.0	98551955.0	0.0	2691017687.0	2691017687.0	0.0	2691017687.0	2650411604.0	0.0	2400978854.0	12715277.0	0.004797473	92.0	93.0	0.0	100.0	100.0	0.0	38.7	0.0	0.0	0.0	0.0	0.0	0.0	0.0	100.0	0.0	0.0	0.0	0.0	89.0500874562391	43.42734159955521	0.0
GRASO_130	46347730.0	0.0	46347730.0	1.0	46347730.0	0.0	46347730.0	0.0	0.0	0.0	0.0	31147713.0	3822946.0	0.0	39112951.0	0.0	4522446127.0	4522446127.0	0.0	4522446127.0	4467606922.0	0.0	3035045549.0	18039131.0	0.004037762	97.0	98.0	0.0	100.0	100.0	0.0	38.9	0.0	0.0	0.0	0.0	0.0	0.0	0.0	100.0	0.0	0.0	0.0	0.0	67.20439814420253	8.248399651935488	0.0
GRASO_131	44948708.0	0.0	44948708.0	1.0	44948708.0	0.0	44948708.0	0.0	0.0	0.0	0.0	30625674.0	5414331.0	0.0	58230265.0	0.0	4395730572.0	4395730572.0	0.0	4395730572.0	4343300645.0	0.0	2991292673.0	17165942.0	0.003952281	97.0	98.0	0.0	100.0	100.0	0.0	38.8	0.0	0.0	0.0	0.0	0.0	0.0	0.0	100.0	0.0	0.0	0.0	0.0	68.13471479536186	12.045576482420808	0.0
GRASO_132	33900338.0	0.0	33900338.0	1.0	33900338.0	0.0	33900338.0	0.0	0.0	0.0	0.0	22335498.0	3041426.0	0.0	33286341.0	0.0	3314356628.0	3314356628.0	0.0	3314356628.0	3274991246.0	0.0	2181118922.0	12823336.0	0.003915533	97.0	98.0	0.0	100.0	100.0	0.0	38.9	0.0	0.0	0.0	0.0	0.0	0.0	0.0	100.0	0.0	0.0	0.0	0.0	65.8857678646154	8.971668660058787	0.0
GRASO_133	41057783.0	0.0	41057783.0	1.0	41057783.0	0.0	41057783.0	0.0	0.0	0.0	0.0	28761965.0	3797305.0	0.0	41298519.0	0.0	4018398772.0	4018398772.0	0.0	4018398772.0	3972319066.0	0.0	2812288873.0	15007790.0	0.003778093	97.0	98.0	0.0	100.0	100.0	0.0	38.9	0.0	0.0	0.0	0.0	0.0	0.0	0.0	100.0	0.0	0.0	0.0	0.0	70.05240638541053	9.248684957003158	0.0
GRASO_134	28706952.0	0.0	28706952.0	1.0	28706952.0	0.0	28706952.0	0.0	0.0	0.0	0.0	20565580.0	1305007.0	0.0	16459972.0	0.0	2776365579.0	2776365579.0	0.0	2776365579.0	2740593123.0	0.0	1984208513.0	11689735.0	0.004265403	96.0	97.0	0.0	100.0	100.0	0.0	38.8	0.0	0.0	0.0	0.0	0.0	0.0	0.0	100.0	0.0	0.0	0.0	0.0	71.63971988388039	4.545961549662255	0.0
GRASO_135	29219435.0	0.0	29219435.0	1.0	29219435.0	0.0	29219435.0	0.0	0.0	0.0	0.0	19003416.0	2327832.0	0.0	23687111.0	0.0	2844170125.0	2844170125.0	0.0	2844170125.0	2808734989.0	0.0	1846036273.0	13345257.0	0.004751341	97.0	97.0	0.0	100.0	100.0	0.0	38.8	0.0	0.0	0.0	0.0	0.0	0.0	0.0	100.0	0.0	0.0	0.0	0.0	65.03690437546106	7.966724887048637	0.0
GRASO_136	37430018.0	0.0	37430018.0	1.0	37430018.0	0.0	37430018.0	0.0	0.0	0.0	0.0	25839198.0	5124964.0	0.0	54254364.0	0.0	3632363121.0	3632363121.0	0.0	3632363121.0	3587904490.0	0.0	2502577073.0	13570695.0	0.003782346	97.0	97.0	0.0	100.0	100.0	0.0	38.9	0.0	0.0	0.0	0.0	0.0	0.0	0.0	100.0	0.0	0.0	0.0	0.0	69.03335713063242	13.692122723531686	0.0
GRASO_137	24688887.0	0.0	24688887.0	1.0	24688887.0	0.0	24688887.0	0.0	0.0	0.0	0.0	17241539.0	2176611.0	0.0	23013967.0	0.0	2356695392.0	2356695392.0	0.0	2356695392.0	2320469658.0	0.0	1635107999.0	14321185.0	0.006171675	95.0	95.0	0.0	100.0	100.0	0.0	38.8	0.0	0.0	0.0	0.0	0.0	0.0	0.0	100.0	0.0	0.0	0.0	0.0	69.83522181457593	8.81615684012001	0.0
GRASO_138	42802382.0	0.0	42802382.0	1.0	42802382.0	0.0	42802382.0	0.0	0.0	0.0	0.0	27711576.0	2721789.0	0.0	31996694.0	0.0	4162779064.0	4162779064.0	0.0	4162779064.0	4108963528.0	0.0	2688862532.0	17070879.0	0.004154547	97.0	97.0	0.0	100.0	100.0	0.0	38.9	0.0	0.0	0.0	0.0	0.0	0.0	0.0	100.0	0.0	0.0	0.0	0.0	64.74306967308502	6.35896619024614	0.0
GRASO_139	29050215.0	0.0	29050215.0	1.0	29050215.0	0.0	29050215.0	0.0	0.0	0.0	0.0	17440561.0	1708309.0	0.0	20525620.0	0.0	2820056619.0	2820056619.0	0.0	2820056619.0	2781320187.0	0.0	1688931623.0	13903710.0	0.004998961	97.0	97.0	0.0	100.0	100.0	0.0	38.8	0.0	0.0	0.0	0.0	0.0	0.0	0.0	100.0	0.0	0.0	0.0	0.0	60.03591023336661	5.88053823353803	0.0
GRASO_140	51575875.0	0.0	51575875.0	1.0	51575875.0	0.0	51575875.0	0.0	0.0	0.0	0.0	34733247.0	4330901.0	0.0	47581432.0	0.0	5023151315.0	5023151315.0	0.0	5023151315.0	4959488112.0	0.0	3377189418.0	20528100.0	0.004139157	97.0	97.0	0.0	100.0	100.0	0.0	38.8	0.0	0.0	0.0	0.0	0.0	0.0	0.0	100.0	0.0	0.0	0.0	0.0	67.34398010697831	8.397144982998348	0.0
GRASO_141	40787648.0	0.0	40787648.0	1.0	40787648.0	0.0	40787648.0	0.0	0.0	0.0	0.0	25721385.0	3691915.0	0.0	43942075.0	0.0	3957324470.0	3957324470.0	0.0	3957324470.0	3906812088.0	0.0	2490271164.0	17503175.0	0.004480168	97.0	97.0	0.0	100.0	100.0	0.0	38.8	0.0	0.0	0.0	0.0	0.0	0.0	0.0	100.0	0.0	0.0	0.0	0.0	63.061701915246495	9.051551587382534	0.0
GRASO_142	46179142.0	0.0	46179142.0	1.0	46179142.0	0.0	46179142.0	0.0	0.0	0.0	0.0	29973563.0	3400555.0	0.0	36212069.0	0.0	4494640827.0	4494640827.0	0.0	4494640827.0	4436321646.0	0.0	2911783433.0	18830699.0	0.004244665	97.0	97.0	0.0	100.0	100.0	0.0	38.8	0.0	0.0	0.0	0.0	0.0	0.0	0.0	100.0	0.0	0.0	0.0	0.0	64.90714574125262	7.363833221500737	0.0
GRASO_143	30694608.0	0.0	30694608.0	1.0	30694608.0	0.0	30694608.0	0.0	0.0	0.0	0.0	26847121.0	11564700.0	0.0	98559551.0	0.0	2905660095.0	2905660095.0	0.0	2905660095.0	2859925807.0	0.0	2541554848.0	13922220.0	0.004868036	94.0	95.0	0.0	100.0	100.0	0.0	38.7	0.0	0.0	0.0	0.0	0.0	0.0	0.0	100.0	0.0	0.0	0.0	0.0	87.46526751538902	37.67664991844822	0.0
GRASO_144	28629107.0	0.0	28629107.0	1.0	28629107.0	0.0	28629107.0	0.0	0.0	0.0	0.0	25574519.0	9152122.0	0.0	79131190.0	0.0	2452067029.0	2452067029.0	0.0	2452067029.0	2385523103.0	0.0	2164058562.0	17206040.0	0.00721269	85.0	86.0	0.0	100.0	100.0	0.0	38.6	0.0	0.0	0.0	0.0	0.0	0.0	0.0	100.0	0.0	0.0	0.0	0.0	89.33048103805683	31.96789197790906	0.0
GRASO_145	176229317.0	0.0	176229317.0	1.0	176229317.0	0.0	176229317.0	0.0	0.0	0.0	0.0	138687784.0	14998306.0	0.0	150938948.0	0.0	17301014514.0	17301014514.0	0.0	17301014514.0	17111657437.0	0.0	13609633377.0	74592022.0	0.004359135	98.0	98.0	0.0	100.0	100.0	0.0	38.8	0.0	0.0	0.0	0.0	0.0	0.0	0.0	100.0	0.0	0.0	0.0	0.0	78.6973395578671	8.510675893954692	0.0
GRASO_146	46308592.0	0.0	46308592.0	1.0	46308592.0	0.0	46308592.0	0.0	0.0	0.0	0.0	36585183.0	6067579.0	0.0	51804282.0	0.0	4493760812.0	4493760812.0	0.0	4493760812.0	4436717200.0	0.0	3541621943.0	24099765.0	0.005431891	97.0	97.0	0.0	100.0	100.0	0.0	38.9	0.0	0.0	0.0	0.0	0.0	0.0	0.0	100.0	0.0	0.0	0.0	0.0	79.0030130909616	13.102490786159079	0.0
GRASO_147	30695703.0	0.0	30695703.0	1.0	30695703.0	0.0	30695703.0	0.0	0.0	0.0	0.0	21669275.0	2241390.0	0.0	23324658.0	0.0	2988388325.0	2988388325.0	0.0	2988388325.0	2950426202.0	0.0	2103693686.0	14879221.0	0.005043075	97.0	97.0	0.0	100.0	100.0	0.0	38.8	0.0	0.0	0.0	0.0	0.0	0.0	0.0	100.0	0.0	0.0	0.0	0.0	70.59383849263853	7.3019666628908935	0.0
GRASO_148	39726375.0	0.0	39726375.0	1.0	39726375.0	0.0	39726375.0	0.0	0.0	0.0	0.0	28777578.0	2955800.0	0.0	31925712.0	0.0	3873465497.0	3873465497.0	0.0	3873465497.0	3825881094.0	0.0	2797711861.0	18381523.0	0.00480452	97.0	98.0	0.0	100.0	100.0	0.0	38.8	0.0	0.0	0.0	0.0	0.0	0.0	0.0	100.0	0.0	0.0	0.0	0.0	72.43947629251348	7.440396965492068	0.0
GRASO_149	27225280.0	0.0	27225280.0	1.0	27225280.0	0.0	27225280.0	0.0	0.0	0.0	0.0	18178509.0	1666836.0	0.0	19050034.0	0.0	2671418099.0	2671418099.0	0.0	2671418099.0	2640538565.0	0.0	1781999589.0	12181951.0	0.004613434	98.0	98.0	0.0	100.0	100.0	0.0	38.9	0.0	0.0	0.0	0.0	0.0	0.0	0.0	100.0	0.0	0.0	0.0	0.0	66.77069620587925	6.122383314331386	0.0
GRASO_150	59900145.0	0.0	59900145.0	1.0	59900145.0	0.0	59900145.0	0.0	0.0	0.0	0.0	44089832.0	4545676.0	0.0	48352472.0	0.0	5860944525.0	5860944525.0	0.0	5860944525.0	5793224802.0	0.0	4308345753.0	27152880.0	0.004687006	97.0	98.0	0.0	100.0	100.0	0.0	38.8	0.0	0.0	0.0	0.0	0.0	0.0	0.0	100.0	0.0	0.0	0.0	0.0	73.60555137220453	7.588756254262824	0.0
GRASO_151	42007698.0	0.0	42007698.0	1.0	42007698.0	0.0	42007698.0	0.0	0.0	0.0	0.0	31956123.0	3024379.0	0.0	32134381.0	0.0	4109531807.0	4109531807.0	0.0	4109531807.0	4062519794.0	0.0	3123580990.0	19518395.0	0.004804505	97.0	98.0	0.0	100.0	100.0	0.0	38.9	0.0	0.0	0.0	0.0	0.0	0.0	0.0	100.0	0.0	0.0	0.0	0.0	76.07206422022935	7.199582800276273	0.0
GRASO_152	54163820.0	0.0	54163820.0	1.0	54163820.0	0.0	54163820.0	0.0	0.0	0.0	0.0	36984199.0	2849105.0	0.0	31848741.0	0.0	5277933653.0	5277933653.0	0.0	5277933653.0	5216991561.0	0.0	3597401408.0	23126503.0	0.004432919	97.0	97.0	0.0	100.0	100.0	0.0	38.9	0.0	0.0	0.0	0.0	0.0	0.0	0.0	100.0	0.0	0.0	0.0	0.0	68.28210971825843	5.260162595621948	0.0
GRASO_153	45686260.0	0.0	45686260.0	1.0	45686260.0	0.0	45686260.0	0.0	0.0	0.0	0.0	29317605.0	6258154.0	0.0	60226776.0	0.0	4461504459.0	4461504459.0	0.0	4461504459.0	4409384190.0	0.0	2858521569.0	19599489.0	0.004444949	97.0	98.0	0.0	100.0	100.0	0.0	38.8	0.0	0.0	0.0	0.0	0.0	0.0	0.0	100.0	0.0	0.0	0.0	0.0	64.17160214033716	13.698109672361012	0.0
GRASO_154	10821698.0	0.0	10821698.0	1.0	10821698.0	0.0	10821698.0	0.0	0.0	0.0	0.0	5895665.0	1458628.0	0.0	14015859.0	0.0	1045802308.0	1045802308.0	0.0	1045802308.0	1032699949.0	0.0	562969380.0	4463950.0	0.004322601	96.0	97.0	0.0	100.0	100.0	0.0	38.9	0.0	0.0	0.0	0.0	0.0	0.0	0.0	100.0	0.0	0.0	0.0	0.0	54.48003631223123	13.478735037699261	0.0
GRASO_155	67548679.0	0.0	67548679.0	1.0	67548679.0	0.0	67548679.0	0.0	0.0	0.0	0.0	47261914.0	7396951.0	0.0	76623910.0	0.0	6620896195.0	6620896195.0	0.0	6620896195.0	6547693268.0	0.0	4628389140.0	27926652.0	0.004265113	98.0	98.0	0.0	100.0	100.0	0.0	38.8	0.0	0.0	0.0	0.0	0.0	0.0	0.0	100.0	0.0	0.0	0.0	0.0	69.96719210452657	10.95054871465362	0.0
GRASO_156	22645507.0	0.0	22645507.0	1.0	22645507.0	0.0	22645507.0	0.0	0.0	0.0	0.0	17881920.0	3120084.0	0.0	30657861.0	0.0	2184673394.0	2184673394.0	0.0	2184673394.0	2156199843.0	0.0	1721672613.0	9764185.0	0.004528423	96.0	96.0	0.0	100.0	100.0	0.0	38.8	0.0	0.0	0.0	0.0	0.0	0.0	0.0	100.0	0.0	0.0	0.0	0.0	78.96453808695915	13.777938378681476	0.0
GRASO_157	33888676.0	0.0	33888676.0	1.0	33888676.0	0.0	33888676.0	0.0	0.0	0.0	0.0	21259600.0	2768546.0	0.0	26442171.0	0.0	3286950596.0	3286950596.0	0.0	3286950596.0	3238097591.0	0.0	2047388159.0	16088678.0	0.004968558	96.0	97.0	0.0	100.0	100.0	0.0	38.8	0.0	0.0	0.0	0.0	0.0	0.0	0.0	100.0	0.0	0.0	0.0	0.0	62.73363999230893	8.169531320727904	0.0
GRASO_158	29833344.0	0.0	29833344.0	1.0	29833344.0	0.0	29833344.0	0.0	0.0	0.0	0.0	21612723.0	2069009.0	0.0	23373955.0	0.0	2938443702.0	2938443702.0	0.0	2938443702.0	2904763593.0	0.0	2128686599.0	13347453.0	0.004595022	98.0	98.0	0.0	100.0	100.0	0.0	38.8	0.0	0.0	0.0	0.0	0.0	0.0	0.0	100.0	0.0	0.0	0.0	0.0	72.44485566217452	6.9352232186911404	0.0
GRASO_159	67955476.0	0.0	67955476.0	1.0	67955476.0	0.0	67955476.0	0.0	0.0	0.0	0.0	47235056.0	5673420.0	0.0	61113698.0	0.0	6683837922.0	6683837922.0	0.0	6683837922.0	6611641419.0	0.0	4643184755.0	27546140.0	0.004166309	98.0	98.0	0.0	100.0	100.0	0.0	38.9	0.0	0.0	0.0	0.0	0.0	0.0	0.0	100.0	0.0	0.0	0.0	0.0	69.508829575412	8.348731160385073	0.0
GRASO_160	48141970.0	0.0	48141970.0	1.0	48141970.0	0.0	48141970.0	0.0	0.0	0.0	0.0	33757160.0	2972789.0	0.0	32109055.0	0.0	4713252869.0	4713252869.0	0.0	4713252869.0	4660116646.0	0.0	3301397525.0	19831867.0	0.004255659	97.0	98.0	0.0	100.0	100.0	0.0	38.9	0.0	0.0	0.0	0.0	0.0	0.0	0.0	100.0	0.0	0.0	0.0	0.0	70.12002209298872	6.175046430380808	0.0
GRASO_161	32482438.0	0.0	32482438.0	1.0	32482438.0	0.0	32482438.0	0.0	0.0	0.0	0.0	22383274.0	2214005.0	0.0	24979911.0	0.0	3113518480.0	3113518480.0	0.0	3113518480.0	3070256207.0	0.0	2133704156.0	17334852.0	0.005646061	95.0	96.0	0.0	100.0	100.0	0.0	38.7	0.0	0.0	0.0	0.0	0.0	0.0	0.0	100.0	0.0	0.0	0.0	0.0	68.9088485291652	6.816006236970266	0.0
GRASO_162	50082505.0	0.0	50082505.0	1.0	50082505.0	0.0	50082505.0	0.0	0.0	0.0	0.0	35881495.0	3149231.0	0.0	35522996.0	0.0	4908853154.0	4908853154.0	0.0	4908853154.0	4849648222.0	0.0	3513060292.0	22673039.0	0.004675193	98.0	98.0	0.0	100.0	100.0	0.0	38.8	0.0	0.0	0.0	0.0	0.0	0.0	0.0	100.0	0.0	0.0	0.0	0.0	71.644768966728	6.288086029243146	0.0
GRASO_163	33649430.0	0.0	33649430.0	1.0	33649430.0	0.0	33649430.0	0.0	0.0	0.0	0.0	24489691.0	2208274.0	0.0	25218657.0	0.0	3284400962.0	3284400962.0	0.0	3284400962.0	3242788795.0	0.0	2384728297.0	15542852.0	0.004793051	97.0	98.0	0.0	100.0	100.0	0.0	38.8	0.0	0.0	0.0	0.0	0.0	0.0	0.0	100.0	0.0	0.0	0.0	0.0	72.77891780039067	6.562589618902906	0.0
GRASO_164	27937732.0	0.0	27937732.0	1.0	27937732.0	0.0	27937732.0	0.0	0.0	0.0	0.0	19103624.0	2086793.0	0.0	22117566.0	0.0	2730520165.0	2730520165.0	0.0	2730520165.0	2697327893.0	0.0	1863406153.0	12783787.0	0.004739427	97.0	98.0	0.0	100.0	100.0	0.0	38.8	0.0	0.0	0.0	0.0	0.0	0.0	0.0	100.0	0.0	0.0	0.0	0.0	68.37929435360036	7.469443117286686	0.0
GRASO_165	44510990.0	0.0	44510990.0	1.0	44510990.0	0.0	44510990.0	0.0	0.0	0.0	0.0	32446914.0	3193176.0	0.0	34394791.0	0.0	4335714158.0	4335714158.0	0.0	4335714158.0	4279221810.0	0.0	3152910301.0	19373847.0	0.004527423	97.0	97.0	0.0	100.0	100.0	0.0	38.8	0.0	0.0	0.0	0.0	0.0	0.0	0.0	100.0	0.0	0.0	0.0	0.0	72.89641052692829	7.173904691852506	0.0
GRASO_166	34563295.0	0.0	34563295.0	1.0	34563295.0	0.0	34563295.0	0.0	0.0	0.0	0.0	23489008.0	2144461.0	0.0	24047354.0	0.0	3369295209.0	3369295209.0	0.0	3369295209.0	3326719172.0	0.0	2281916944.0	16142237.0	0.004852299	97.0	97.0	0.0	100.0	100.0	0.0	38.9	0.0	0.0	0.0	0.0	0.0	0.0	0.0	100.0	0.0	0.0	0.0	0.0	67.95940028287234	6.204446074947426	0.0
GRASO_167	28048362.0	0.0	28048362.0	1.0	28048362.0	0.0	28048362.0	0.0	0.0	0.0	0.0	20313179.0	2343290.0	0.0	25046411.0	0.0	2715328404.0	2715328404.0	0.0	2715328404.0	2678960889.0	0.0	1962274081.0	13563730.0	0.005063056	96.0	97.0	0.0	100.0	100.0	0.0	38.8	0.0	0.0	0.0	0.0	0.0	0.0	0.0	100.0	0.0	0.0	0.0	0.0	72.42197957941359	8.354462909456174	0.0
GRASO_168	37513837.0	0.0	37513837.0	1.0	37513837.0	0.0	37513837.0	0.0	0.0	0.0	0.0	25764608.0	5195231.0	0.0	50454353.0	0.0	3669027352.0	3669027352.0	0.0	3669027352.0	3628099453.0	0.0	2517568444.0	15205462.0	0.004191027	97.0	98.0	0.0	100.0	100.0	0.0	38.8	0.0	0.0	0.0	0.0	0.0	0.0	0.0	100.0	0.0	0.0	0.0	0.0	68.68027922603598	13.848839296284195	0.0
GRASO_169	33173168.0	0.0	33173168.0	1.0	33173168.0	0.0	33173168.0	0.0	0.0	0.0	0.0	28073513.0	9924609.0	0.0	88699579.0	0.0	3174050301.0	3174050301.0	0.0	3174050301.0	3129074834.0	0.0	2693330757.0	15524386.0	0.004961334	95.0	96.0	0.0	100.0	100.0	0.0	38.7	0.0	0.0	0.0	0.0	0.0	0.0	0.0	100.0	0.0	0.0	0.0	0.0	84.6271691627402	29.917579774111413	0.0
GRASO_170	37705178.0	0.0	37705178.0	1.0	37705178.0	0.0	37705178.0	0.0	0.0	0.0	0.0	24103656.0	2936150.0	0.0	31161216.0	0.0	3709080322.0	3709080322.0	0.0	3709080322.0	3668210093.0	0.0	2369619942.0	14956529.0	0.004077337	98.0	98.0	0.0	100.0	100.0	0.0	38.9	0.0	0.0	0.0	0.0	0.0	0.0	0.0	100.0	0.0	0.0	0.0	0.0	63.92664689184069	7.787126744236561	0.0
GRASO_171	40288308.0	0.0	40288308.0	1.0	40288308.0	0.0	40288308.0	0.0	0.0	0.0	0.0	25346702.0	2185895.0	0.0	23720851.0	0.0	3956342622.0	3956342622.0	0.0	3956342622.0	3910628016.0	0.0	2486847975.0	16649587.0	0.004257523	98.0	98.0	0.0	100.0	100.0	0.0	38.8	0.0	0.0	0.0	0.0	0.0	0.0	0.0	100.0	0.0	0.0	0.0	0.0	62.91329484474751	5.425631178157196	0.0
GRASO_172	24041412.0	0.0	24041412.0	1.0	24041412.0	0.0	24041412.0	0.0	0.0	0.0	0.0	16662439.0	1275533.0	0.0	15629282.0	0.0	2319660244.0	2319660244.0	0.0	2319660244.0	2287681393.0	0.0	1598773337.0	10006497.0	0.004374078	96.0	96.0	0.0	100.0	100.0	0.0	38.8	0.0	0.0	0.0	0.0	0.0	0.0	0.0	100.0	0.0	0.0	0.0	0.0	69.3072395248665	5.305566079063909	0.0
GRASO_173	20253789.0	0.0	20253789.0	1.0	20253789.0	0.0	20253789.0	0.0	0.0	0.0	0.0	12365878.0	1562851.0	0.0	16659349.0	0.0	1978816696.0	1978816696.0	0.0	1978816696.0	1954567519.0	0.0	1204715244.0	8892391.0	0.004549544	97.0	98.0	0.0	100.0	100.0	0.0	38.8	0.0	0.0	0.0	0.0	0.0	0.0	0.0	100.0	0.0	0.0	0.0	0.0	61.054640195965305	7.716338903303475	0.0
GRASO_174	22372261.0	0.0	22372261.0	1.0	22372261.0	0.0	22372261.0	0.0	0.0	0.0	0.0	12892222.0	1027450.0	0.0	10370848.0	0.0	2202655969.0	2202655969.0	0.0	2202655969.0	2178230986.0	0.0	1268888633.0	8736499.0	0.004010823	98.0	98.0	0.0	100.0	100.0	0.0	38.9	0.0	0.0	0.0	0.0	0.0	0.0	0.0	100.0	0.0	0.0	0.0	0.0	57.62592345941253	4.592517492979364	0.0
GRASO_175	27619111.0	0.0	27619111.0	1.0	27619111.0	0.0	27619111.0	0.0	0.0	0.0	0.0	18992248.0	2830351.0	0.0	28564575.0	0.0	2691307258.0	2691307258.0	0.0	2691307258.0	2659028458.0	0.0	1847392688.0	12148531.0	0.004568785	97.0	97.0	0.0	100.0	100.0	0.0	38.8	0.0	0.0	0.0	0.0	0.0	0.0	0.0	100.0	0.0	0.0	0.0	0.0	68.76487805852983	10.247799069274894	0.0
GRASO_176	25787012.0	0.0	25787012.0	1.0	25787012.0	0.0	25787012.0	0.0	0.0	0.0	0.0	16857111.0	2726586.0	0.0	29155515.0	0.0	2533564691.0	2533564691.0	0.0	2533564691.0	2504767727.0	0.0	1655699793.0	10194709.0	0.004070121	98.0	98.0	0.0	100.0	100.0	0.0	38.8	0.0	0.0	0.0	0.0	0.0	0.0	0.0	100.0	0.0	0.0	0.0	0.0	65.37054777808301	10.573485598098763	0.0
GRASO_177	21316210.0	0.0	21316210.0	1.0	21316210.0	0.0	21316210.0	0.0	0.0	0.0	0.0	11749735.0	1457592.0	0.0	16162214.0	0.0	2100424071.0	2100424071.0	0.0	2100424071.0	2076722224.0	0.0	1156671012.0	8473018.0	0.004079996	98.0	99.0	0.0	100.0	100.0	0.0	38.9	0.0	0.0	0.0	0.0	0.0	0.0	0.0	100.0	0.0	0.0	0.0	0.0	55.121126128894396	6.83795102412671	0.0
GRASO_178	36128468.0	0.0	36128468.0	1.0	36128468.0	0.0	36128468.0	0.0	0.0	0.0	0.0	20633767.0	1828442.0	0.0	20362772.0	0.0	3554845722.0	3554845722.0	0.0	3554845722.0	3514113722.0	0.0	2028489953.0	15144946.0	0.004309748	98.0	98.0	0.0	100.0	100.0	0.0	38.8	0.0	0.0	0.0	0.0	0.0	0.0	0.0	100.0	0.0	0.0	0.0	0.0	57.1122113453579	5.060945291120564	0.0
GRASO_179	49234343.0	0.0	49234343.0	1.0	49234343.0	0.0	49234343.0	0.0	0.0	0.0	0.0	26644403.0	2937137.0	0.0	32124759.0	0.0	4826608424.0	4826608424.0	0.0	4826608424.0	4767000334.0	0.0	2608407771.0	23143708.0	0.004854983	98.0	98.0	0.0	100.0	100.0	0.0	38.8	0.0	0.0	0.0	0.0	0.0	0.0	0.0	100.0	0.0	0.0	0.0	0.0	54.11751508494792	5.96562647337449	0.0
GRASO_180	37104681.0	0.0	37104681.0	1.0	37104681.0	0.0	37104681.0	0.0	0.0	0.0	0.0	22520815.0	3004287.0	0.0	32880734.0	0.0	3639310034.0	3639310034.0	0.0	3639310034.0	3597039056.0	0.0	2206687639.0	15694405.0	0.004363146	98.0	98.0	0.0	100.0	100.0	0.0	38.8	0.0	0.0	0.0	0.0	0.0	0.0	0.0	100.0	0.0	0.0	0.0	0.0	60.69534730671853	8.096787033420393	0.0
HIGADO_01	25870911.0	0.0	25870911.0	1.0	25870911.0	0.0	25870911.0	0.0	0.0	0.0	0.0	20843016.0	2560230.0	0.0	23811486.0	0.0	2534915328.0	2534915328.0	0.0	2534915328.0	2506556204.0	0.0	2041253194.0	10367327.0	0.004136084	97.0	98.0	0.0	100.0	100.0	0.0	38.9	0.0	0.0	0.0	0.0	0.0	0.0	0.0	100.0	0.0	0.0	0.0	0.0	80.56545051699185	9.896172577765043	0.0
HIGADO_02	39091276.0	0.0	39091276.0	1.0	39091276.0	0.0	39091276.0	0.0	0.0	0.0	0.0	32648113.0	3893908.0	0.0	37094341.0	0.0	3840122680.0	3840122680.0	0.0	3840122680.0	3798727784.0	0.0	3206582227.0	17475881.0	0.004600456	98.0	98.0	0.0	100.0	100.0	0.0	38.9	0.0	0.0	0.0	0.0	0.0	0.0	0.0	100.0	0.0	0.0	0.0	0.0	83.51764470415343	9.961066504966478	0.0
HIGADO_03	33530351.0	0.0	33530351.0	1.0	33530351.0	0.0	33530351.0	0.0	0.0	0.0	0.0	28244307.0	3870255.0	0.0	32698418.0	0.0	3300526531.0	3300526531.0	0.0	3300526531.0	3265176052.0	0.0	2779828739.0	13446689.0	0.004118212	98.0	98.0	0.0	100.0	100.0	0.0	38.9	0.0	0.0	0.0	0.0	0.0	0.0	0.0	100.0	0.0	0.0	0.0	0.0	84.23504722631743	11.54254245653438	0.0
HIGADO_04	30745422.0	0.0	30745422.0	1.0	30745422.0	0.0	30745422.0	0.0	0.0	0.0	0.0	24932025.0	4176898.0	0.0	37916594.0	0.0	3019715870.0	3019715870.0	0.0	3019715870.0	2986120558.0	0.0	2447974975.0	12778756.0	0.004279384	98.0	98.0	0.0	100.0	100.0	0.0	38.8	0.0	0.0	0.0	0.0	0.0	0.0	0.0	100.0	0.0	0.0	0.0	0.0	81.09182889081829	13.585430702496131	0.0
HIGADO_05	31123031.0	0.0	31123031.0	1.0	31123031.0	0.0	31123031.0	0.0	0.0	0.0	0.0	25474868.0	2060111.0	0.0	19971141.0	0.0	3070240821.0	3070240821.0	0.0	3070240821.0	3037458440.0	0.0	2512868618.0	13519526.0	0.004450934	98.0	99.0	0.0	100.0	100.0	0.0	38.9	0.0	0.0	0.0	0.0	0.0	0.0	0.0	100.0	0.0	0.0	0.0	0.0	81.85214351391417	6.619249262708378	0.0
HIGADO_06	34276517.0	0.0	34276517.0	1.0	34276517.0	0.0	34276517.0	0.0	0.0	0.0	0.0	28630729.0	3915029.0	0.0	33987455.0	0.0	3363142847.0	3363142847.0	0.0	3363142847.0	3326416367.0	0.0	2808095130.0	15040078.0	0.004521406	98.0	98.0	0.0	100.0	100.0	0.0	38.8	0.0	0.0	0.0	0.0	0.0	0.0	0.0	100.0	0.0	0.0	0.0	0.0	83.52869983843458	11.421898555212012	0.0
HIGADO_07	48615229.0	0.0	48615229.0	1.0	48615229.0	0.0	48615229.0	0.0	0.0	0.0	0.0	41596521.0	5454824.0	0.0	52055794.0	0.0	4775202805.0	4775202805.0	0.0	4775202805.0	4723619830.0	0.0	4084825594.0	21557964.0	0.004563865	98.0	98.0	0.0	100.0	100.0	0.0	38.8	0.0	0.0	0.0	0.0	0.0	0.0	0.0	100.0	0.0	0.0	0.0	0.0	85.56273796427043	11.220401738722655	0.0
HIGADO_08	37842197.0	0.0	37842197.0	1.0	37842197.0	0.0	37842197.0	0.0	0.0	0.0	0.0	32350160.0	5908790.0	0.0	48379058.0	0.0	3720698366.0	3720698366.0	0.0	3720698366.0	3680498880.0	0.0	3180184317.0	17280920.0	0.004695266	98.0	98.0	0.0	100.0	100.0	0.0	38.9	0.0	0.0	0.0	0.0	0.0	0.0	0.0	100.0	0.0	0.0	0.0	0.0	85.4870027762923	15.614288990673558	0.0
HIGADO_09	29621716.0	0.0	29621716.0	1.0	29621716.0	0.0	29621716.0	0.0	0.0	0.0	0.0	23964176.0	3868309.0	0.0	34189344.0	0.0	2903690437.0	2903690437.0	0.0	2903690437.0	2870952132.0	0.0	2348098570.0	12703368.0	0.004424793	98.0	98.0	0.0	100.0	100.0	0.0	38.9	0.0	0.0	0.0	0.0	0.0	0.0	0.0	100.0	0.0	0.0	0.0	0.0	80.90070136382376	13.059030746226858	0.0
HIGADO_10	36441380.0	0.0	36441380.0	1.0	36441380.0	0.0	36441380.0	0.0	0.0	0.0	0.0	30074292.0	5122253.0	0.0	46452128.0	0.0	3567633018.0	3567633018.0	0.0	3567633018.0	3527264003.0	0.0	2943046920.0	15325879.0	0.004344977	97.0	98.0	0.0	100.0	100.0	0.0	38.8	0.0	0.0	0.0	0.0	0.0	0.0	0.0	100.0	0.0	0.0	0.0	0.0	82.52786255624787	14.056144416045715	0.0
HIGADO_11	42877044.0	0.0	42877044.0	1.0	42877044.0	0.0	42877044.0	0.0	0.0	0.0	0.0	35928887.0	5849227.0	0.0	50913656.0	0.0	4216035712.0	4216035712.0	0.0	4216035712.0	4169492623.0	0.0	3532287275.0	18659878.0	0.004475335	98.0	98.0	0.0	100.0	100.0	0.0	38.8	0.0	0.0	0.0	0.0	0.0	0.0	0.0	100.0	0.0	0.0	0.0	0.0	83.79515854684385	13.64186159848146	0.0
HIGADO_12	40425618.0	0.0	40425618.0	1.0	40425618.0	0.0	40425618.0	0.0	0.0	0.0	0.0	33925340.0	5884083.0	0.0	51559409.0	0.0	3977047169.0	3977047169.0	0.0	3977047169.0	3934569031.0	0.0	3336854592.0	17706157.0	0.004500152	98.0	98.0	0.0	100.0	100.0	0.0	38.9	0.0	0.0	0.0	0.0	0.0	0.0	0.0	100.0	0.0	0.0	0.0	0.0	83.92039918845519	14.555332215329397	0.0
HIGADO_13	55708132.0	0.0	55708132.0	1.0	55708132.0	0.0	55708132.0	0.0	0.0	0.0	0.0	48426825.0	6203852.0	0.0	59691228.0	0.0	5474792633.0	5474792633.0	0.0	5474792633.0	5416535944.0	0.0	4758165217.0	23491253.0	0.004336951	98.0	98.0	0.0	100.0	100.0	0.0	38.8	0.0	0.0	0.0	0.0	0.0	0.0	0.0	100.0	0.0	0.0	0.0	0.0	86.92954378725175	11.136348998383216	0.0
HIGADO_14	53011303.0	0.0	53011303.0	1.0	53011303.0	0.0	53011303.0	0.0	0.0	0.0	0.0	45652553.0	5637874.0	0.0	57600914.0	0.0	5211610560.0	5211610560.0	0.0	5211610560.0	5157295153.0	0.0	4487144211.0	21348575.0	0.004139491	98.0	98.0	0.0	100.0	100.0	0.0	38.9	0.0	0.0	0.0	0.0	0.0	0.0	0.0	100.0	0.0	0.0	0.0	0.0	86.11852645840455	10.635229999911529	0.0
HIGADO_15	51823612.0	0.0	51823612.0	1.0	51823612.0	0.0	51823612.0	0.0	0.0	0.0	0.0	44756134.0	6269872.0	0.0	62847203.0	0.0	5088268662.0	5088268662.0	0.0	5088268662.0	5034345979.0	0.0	4393143244.0	22304732.0	0.004430512	98.0	98.0	0.0	100.0	100.0	0.0	38.8	0.0	0.0	0.0	0.0	0.0	0.0	0.0	100.0	0.0	0.0	0.0	0.0	86.36243648937476	12.098485146114477	0.0
HIGADO_16	31733544.0	0.0	31733544.0	1.0	31733544.0	0.0	31733544.0	0.0	0.0	0.0	0.0	26978721.0	5013038.0	0.0	45791940.0	0.0	3118015056.0	3118015056.0	0.0	3118015056.0	3085194293.0	0.0	2649935820.0	13870643.0	0.004495874	98.0	98.0	0.0	100.0	100.0	0.0	38.8	0.0	0.0	0.0	0.0	0.0	0.0	0.0	100.0	0.0	0.0	0.0	0.0	85.0164135464983	15.797283782737914	0.0
HIGADO_17	46676136.0	0.0	46676136.0	1.0	46676136.0	0.0	46676136.0	0.0	0.0	0.0	0.0	39543331.0	5077628.0	0.0	45885181.0	0.0	4575333619.0	4575333619.0	0.0	4575333619.0	4526189814.0	0.0	3874277415.0	19923526.0	0.004401832	98.0	98.0	0.0	100.0	100.0	0.0	38.9	0.0	0.0	0.0	0.0	0.0	0.0	0.0	100.0	0.0	0.0	0.0	0.0	84.71851868800793	10.878424040927467	0.0
HIGADO_18	58323176.0	0.0	58323176.0	1.0	58323176.0	0.0	58323176.0	0.0	0.0	0.0	0.0	50821258.0	9189206.0	0.0	83537712.0	0.0	5737681091.0	5737681091.0	0.0	5737681091.0	5677184470.0	0.0	4998893012.0	25193056.0	0.004437597	98.0	98.0	0.0	100.0	100.0	0.0	38.9	0.0	0.0	0.0	0.0	0.0	0.0	0.0	100.0	0.0	0.0	0.0	0.0	87.13732942115497	15.755668038379802	0.0
HIGADO_19	44064168.0	0.0	44064168.0	1.0	44064168.0	0.0	44064168.0	0.0	0.0	0.0	0.0	37182346.0	4488719.0	0.0	41397785.0	0.0	4337386906.0	4337386906.0	0.0	4337386906.0	4290916019.0	0.0	3659323310.0	17711818.0	0.004127747	98.0	98.0	0.0	100.0	100.0	0.0	38.9	0.0	0.0	0.0	0.0	0.0	0.0	0.0	100.0	0.0	0.0	0.0	0.0	84.38227178146198	10.186778064208541	0.0
HIGADO_20	29910051.0	0.0	29910051.0	1.0	29910051.0	0.0	29910051.0	0.0	0.0	0.0	0.0	24587759.0	3236095.0	0.0	30753702.0	0.0	2944685874.0	2944685874.0	0.0	2944685874.0	2913368214.0	0.0	2420226698.0	12428961.0	0.004266182	98.0	98.0	0.0	100.0	100.0	0.0	38.8	0.0	0.0	0.0	0.0	0.0	0.0	0.0	100.0	0.0	0.0	0.0	0.0	82.20567393883749	10.819423209943707	0.0
HIGADO_21	70759548.0	0.0	70759548.0	1.0	70759548.0	0.0	70759548.0	0.0	0.0	0.0	0.0	61145023.0	7613648.0	0.0	75141282.0	0.0	6932898385.0	6932898385.0	0.0	6932898385.0	6858225964.0	0.0	5988869600.0	31405992.0	0.004579317	97.0	98.0	0.0	100.0	100.0	0.0	38.8	0.0	0.0	0.0	0.0	0.0	0.0	0.0	100.0	0.0	0.0	0.0	0.0	86.41239907298447	10.759887838740859	0.0
HIGADO_22	19929310.0	0.0	19929310.0	1.0	19929310.0	0.0	19929310.0	0.0	0.0	0.0	0.0	16256171.0	2197492.0	0.0	20880689.0	0.0	1950845244.0	1950845244.0	0.0	1950845244.0	1927809233.0	0.0	1590580895.0	8154316.0	0.004229835	97.0	98.0	0.0	100.0	100.0	0.0	38.8	0.0	0.0	0.0	0.0	0.0	0.0	0.0	100.0	0.0	0.0	0.0	0.0	81.56916120026233	11.026432927181123	0.0
HIGADO_23	44011946.0	0.0	44011946.0	1.0	44011946.0	0.0	44011946.0	0.0	0.0	0.0	0.0	37026957.0	4623754.0	0.0	44284567.0	0.0	4330630127.0	4330630127.0	0.0	4330630127.0	4284716053.0	0.0	3642736362.0	18803088.0	0.004388409	98.0	98.0	0.0	100.0	100.0	0.0	38.8	0.0	0.0	0.0	0.0	0.0	0.0	0.0	100.0	0.0	0.0	0.0	0.0	84.12933388584999	10.505679526190457	0.0
HIGADO_24	46371239.0	0.0	46371239.0	1.0	46371239.0	0.0	46371239.0	0.0	0.0	0.0	0.0	39870886.0	5709072.0	0.0	56628174.0	0.0	4554839259.0	4554839259.0	0.0	4554839259.0	4507721166.0	0.0	3915546619.0	18564200.0	0.004118312	98.0	98.0	0.0	100.0	100.0	0.0	38.8	0.0	0.0	0.0	0.0	0.0	0.0	0.0	100.0	0.0	0.0	0.0	0.0	85.9819294455341	12.311665858227338	0.0
HIGADO_25	19008141.0	0.0	19008141.0	1.0	19008141.0	0.0	19008141.0	0.0	0.0	0.0	0.0	15130524.0	1288821.0	0.0	12559741.0	0.0	1873256834.0	1873256834.0	0.0	1873256834.0	1852634680.0	0.0	1491105318.0	8356289.0	0.004510489	98.0	99.0	0.0	100.0	100.0	0.0	38.9	0.0	0.0	0.0	0.0	0.0	0.0	0.0	100.0	0.0	0.0	0.0	0.0	79.60023023819109	6.780363213846109	0.0
HIGADO_26	26730652.0	0.0	26730652.0	1.0	26730652.0	0.0	26730652.0	0.0	0.0	0.0	0.0	21561658.0	1919902.0	0.0	18347321.0	0.0	2636088909.0	2636088909.0	0.0	2636088909.0	2608100414.0	0.0	2126267129.0	11072861.0	0.004245566	98.0	99.0	0.0	100.0	100.0	0.0	38.9	0.0	0.0	0.0	0.0	0.0	0.0	0.0	100.0	0.0	0.0	0.0	0.0	80.66267145298214	7.182398693454989	0.0
HIGADO_27	39601720.0	0.0	39601720.0	1.0	39601720.0	0.0	39601720.0	0.0	0.0	0.0	0.0	33269691.0	2112850.0	0.0	22512437.0	0.0	3903196212.0	3903196212.0	0.0	3903196212.0	3862132876.0	0.0	3279330756.0	17103986.0	0.004428637	98.0	99.0	0.0	100.0	100.0	0.0	38.9	0.0	0.0	0.0	0.0	0.0	0.0	0.0	100.0	0.0	0.0	0.0	0.0	84.01072226155833	5.335248064983037	0.0
HIGADO_28	24594074.0	0.0	24594074.0	1.0	24594074.0	0.0	24594074.0	0.0	0.0	0.0	0.0	20006294.0	1501487.0	0.0	14646469.0	0.0	2426755648.0	2426755648.0	0.0	2426755648.0	2400730526.0	0.0	1974177419.0	9896536.0	0.004122302	98.0	99.0	0.0	100.0	100.0	0.0	38.9	0.0	0.0	0.0	0.0	0.0	0.0	0.0	100.0	0.0	0.0	0.0	0.0	81.34599416103245	6.105076369209916	0.0
HIGADO_29	26066710.0	0.0	26066710.0	1.0	26066710.0	0.0	26066710.0	0.0	0.0	0.0	0.0	21145061.0	2471248.0	0.0	24371748.0	0.0	2566813758.0	2566813758.0	0.0	2566813758.0	2538964099.0	0.0	2081908732.0	11198574.0	0.004410686	98.0	98.0	0.0	100.0	100.0	0.0	38.8	0.0	0.0	0.0	0.0	0.0	0.0	0.0	100.0	0.0	0.0	0.0	0.0	81.11902499394822	9.480475288212437	0.0
HIGADO_30	33088415.0	0.0	33088415.0	1.0	33088415.0	0.0	33088415.0	0.0	0.0	0.0	0.0	27367572.0	2750348.0	0.0	27310097.0	0.0	3259608535.0	3259608535.0	0.0	3259608535.0	3225004097.0	0.0	2695995073.0	13338953.0	0.004136104	98.0	99.0	0.0	100.0	100.0	0.0	38.9	0.0	0.0	0.0	0.0	0.0	0.0	0.0	100.0	0.0	0.0	0.0	0.0	82.71043505710382	8.312117700409646	0.0
HIGADO_31	25096730.0	0.0	25096730.0	1.0	25096730.0	0.0	25096730.0	0.0	0.0	0.0	0.0	20321476.0	2363176.0	0.0	22362014.0	0.0	2473180707.0	2473180707.0	0.0	2473180707.0	2446269261.0	0.0	2002389205.0	11251314.0	0.004599377	98.0	99.0	0.0	100.0	100.0	0.0	38.8	0.0	0.0	0.0	0.0	0.0	0.0	0.0	100.0	0.0	0.0	0.0	0.0	80.97260479751745	9.416270565926318	0.0
HIGADO_32	25601096.0	0.0	25601096.0	1.0	25601096.0	0.0	25601096.0	0.0	0.0	0.0	0.0	20688488.0	1824885.0	0.0	17411904.0	0.0	2525454824.0	2525454824.0	0.0	2525454824.0	2498294654.0	0.0	2040784120.0	11187993.0	0.004478252	98.0	99.0	0.0	100.0	100.0	0.0	38.9	0.0	0.0	0.0	0.0	0.0	0.0	0.0	100.0	0.0	0.0	0.0	0.0	80.81094653135162	7.128151857248612	0.0
HIGADO_33	30592244.0	0.0	30592244.0	1.0	30592244.0	0.0	30592244.0	0.0	0.0	0.0	0.0	25470051.0	3134569.0	0.0	29906387.0	0.0	3004810650.0	3004810650.0	0.0	3004810650.0	2971476548.0	0.0	2500874798.0	12226906.0	0.004114758	98.0	98.0	0.0	100.0	100.0	0.0	38.9	0.0	0.0	0.0	0.0	0.0	0.0	0.0	100.0	0.0	0.0	0.0	0.0	83.25656333023494	10.246286607808175	0.0
HIGADO_34	55814841.0	0.0	55814841.0	1.0	55814841.0	0.0	55814841.0	0.0	0.0	0.0	0.0	47494268.0	5484828.0	0.0	53607864.0	0.0	5475421961.0	5475421961.0	0.0	5475421961.0	5414947450.0	0.0	4657899810.0	25442682.0	0.004698602	98.0	98.0	0.0	100.0	100.0	0.0	38.8	0.0	0.0	0.0	0.0	0.0	0.0	0.0	100.0	0.0	0.0	0.0	0.0	85.09254375552194	9.82682724116333	0.0
HIGADO_35	27670244.0	0.0	27670244.0	1.0	27670244.0	0.0	27670244.0	0.0	0.0	0.0	0.0	22851418.0	3331545.0	0.0	32280218.0	0.0	2698886798.0	2698886798.0	0.0	2698886798.0	2667903475.0	0.0	2227982666.0	11751700.0	0.004404845	97.0	98.0	0.0	100.0	100.0	0.0	38.8	0.0	0.0	0.0	0.0	0.0	0.0	0.0	100.0	0.0	0.0	0.0	0.0	82.58480843175796	12.040172106902997	0.0
HIGADO_36	35949781.0	0.0	35949781.0	1.0	35949781.0	0.0	35949781.0	0.0	0.0	0.0	0.0	30220835.0	3523260.0	0.0	34444467.0	0.0	3530571285.0	3530571285.0	0.0	3530571285.0	3492811392.0	0.0	2967344012.0	14652471.0	0.004195036	98.0	98.0	0.0	100.0	100.0	0.0	38.9	0.0	0.0	0.0	0.0	0.0	0.0	0.0	100.0	0.0	0.0	0.0	0.0	84.06403087685013	9.800504765244607	0.0
HIGADO_37	27097043.0	0.0	27097043.0	1.0	27097043.0	0.0	27097043.0	0.0	0.0	0.0	0.0	21563678.0	2030034.0	0.0	20094646.0	0.0	2659387164.0	2659387164.0	0.0	2659387164.0	2629428363.0	0.0	2115649128.0	11617876.0	0.004418403	98.0	98.0	0.0	100.0	100.0	0.0	38.8	0.0	0.0	0.0	0.0	0.0	0.0	0.0	100.0	0.0	0.0	0.0	0.0	79.57945079099589	7.491717823232594	0.0
HIGADO_38	26543542.0	0.0	26543542.0	1.0	26543542.0	0.0	26543542.0	0.0	0.0	0.0	0.0	21723666.0	2073065.0	0.0	20620961.0	0.0	2604063876.0	2604063876.0	0.0	2604063876.0	2575669929.0	0.0	2130554059.0	10909677.0	0.004235666	98.0	98.0	0.0	100.0	100.0	0.0	38.8	0.0	0.0	0.0	0.0	0.0	0.0	0.0	100.0	0.0	0.0	0.0	0.0	81.84162460307671	7.810054136708658	0.0
HIGADO_39	32500999.0	0.0	32500999.0	1.0	32500999.0	0.0	32500999.0	0.0	0.0	0.0	0.0	27070345.0	2827050.0	0.0	28437623.0	0.0	3198952896.0	3198952896.0	0.0	3198952896.0	3164359667.0	0.0	2664169892.0	14819112.0	0.004683131	98.0	98.0	0.0	100.0	100.0	0.0	38.8	0.0	0.0	0.0	0.0	0.0	0.0	0.0	100.0	0.0	0.0	0.0	0.0	83.29080899944029	8.698348010779606	0.0
HIGADO_40	28483515.0	0.0	28483515.0	1.0	28483515.0	0.0	28483515.0	0.0	0.0	0.0	0.0	23569575.0	2665037.0	0.0	26267235.0	0.0	2802732485.0	2802732485.0	0.0	2802732485.0	2772149516.0	0.0	2319053732.0	13059787.0	0.004711069	98.0	98.0	0.0	100.0	100.0	0.0	38.8	0.0	0.0	0.0	0.0	0.0	0.0	0.0	100.0	0.0	0.0	0.0	0.0	82.74812641627973	9.35641896725176	0.0
HIGADO_41	45115175.0	0.0	45115175.0	1.0	45115175.0	0.0	45115175.0	0.0	0.0	0.0	0.0	38022040.0	5703412.0	0.0	52337633.0	0.0	4439674700.0	4439674700.0	0.0	4439674700.0	4391814974.0	0.0	3741071403.0	18333167.0	0.004174394	98.0	98.0	0.0	100.0	100.0	0.0	38.9	0.0	0.0	0.0	0.0	0.0	0.0	0.0	100.0	0.0	0.0	0.0	0.0	84.27771808487942	12.64189266693524	0.0
HIGADO_42	43254007.0	0.0	43254007.0	1.0	43254007.0	0.0	43254007.0	0.0	0.0	0.0	0.0	36193417.0	4320933.0	0.0	42757740.0	0.0	4245048997.0	4245048997.0	0.0	4245048997.0	4197947887.0	0.0	3551429292.0	19695883.0	0.004691788	98.0	98.0	0.0	100.0	100.0	0.0	38.9	0.0	0.0	0.0	0.0	0.0	0.0	0.0	100.0	0.0	0.0	0.0	0.0	83.67644875074811	9.989671014757082	0.0
HIGADO_43	40650769.0	0.0	40650769.0	1.0	40650769.0	0.0	40650769.0	0.0	0.0	0.0	0.0	34720748.0	3973746.0	0.0	38235230.0	0.0	3988534009.0	3988534009.0	0.0	3988534009.0	3944226361.0	0.0	3406497367.0	19098408.0	0.004842118	98.0	98.0	0.0	100.0	100.0	0.0	38.8	0.0	0.0	0.0	0.0	0.0	0.0	0.0	100.0	0.0	0.0	0.0	0.0	85.41227842454838	9.775327989490187	0.0
HIGADO_44	28690380.0	0.0	28690380.0	1.0	28690380.0	0.0	28690380.0	0.0	0.0	0.0	0.0	24165980.0	3093115.0	0.0	28750094.0	0.0	2815080715.0	2815080715.0	0.0	2815080715.0	2783150789.0	0.0	2370597451.0	12453524.0	0.004474613	98.0	98.0	0.0	100.0	100.0	0.0	38.8	0.0	0.0	0.0	0.0	0.0	0.0	0.0	100.0	0.0	0.0	0.0	0.0	84.23025418276092	10.78101788822595	0.0
HIGADO_45	37914414.0	0.0	37914414.0	1.0	37914414.0	0.0	37914414.0	0.0	0.0	0.0	0.0	32403202.0	6039147.0	0.0	52485994.0	0.0	3717642211.0	3717642211.0	0.0	3717642211.0	3676224266.0	0.0	3176417925.0	16564411.0	0.004505822	98.0	98.0	0.0	100.0	100.0	0.0	38.8	0.0	0.0	0.0	0.0	0.0	0.0	0.0	100.0	0.0	0.0	0.0	0.0	85.46407179074428	15.928366979376236	0.0
HIGADO_46	27291904.0	0.0	27291904.0	1.0	27291904.0	0.0	27291904.0	0.0	0.0	0.0	0.0	22825283.0	2860745.0	0.0	27981155.0	0.0	2687838175.0	2687838175.0	0.0	2687838175.0	2659719721.0	0.0	2247514440.0	11272018.0	0.004238047	98.0	98.0	0.0	100.0	100.0	0.0	38.9	0.0	0.0	0.0	0.0	0.0	0.0	0.0	100.0	0.0	0.0	0.0	0.0	83.63389743713007	10.482027930334212	0.0
HIGADO_47	24079217.0	0.0	24079217.0	1.0	24079217.0	0.0	24079217.0	0.0	0.0	0.0	0.0	19935194.0	3597821.0	0.0	32512544.0	0.0	2362939707.0	2362939707.0	0.0	2362939707.0	2337512259.0	0.0	1955349041.0	9925404.0	0.00424614	98.0	98.0	0.0	100.0	100.0	0.0	38.8	0.0	0.0	0.0	0.0	0.0	0.0	0.0	100.0	0.0	0.0	0.0	0.0	82.79004254997162	14.941602959930133	0.0
HIGADO_48	31597728.0	0.0	31597728.0	1.0	31597728.0	0.0	31597728.0	0.0	0.0	0.0	0.0	26394130.0	6697251.0	0.0	54188170.0	0.0	3104310389.0	3104310389.0	0.0	3104310389.0	3071404670.0	0.0	2592338100.0	12940446.0	0.004213201	98.0	98.0	0.0	100.0	100.0	0.0	38.8	0.0	0.0	0.0	0.0	0.0	0.0	0.0	100.0	0.0	0.0	0.0	0.0	83.53173367401605	21.195356197762067	0.0
HIGADO_49	51666102.0	0.0	51666102.0	1.0	51666102.0	0.0	51666102.0	0.0	0.0	0.0	0.0	44165607.0	6294035.0	0.0	60006835.0	0.0	5081681101.0	5081681101.0	0.0	5081681101.0	5028162397.0	0.0	4343190192.0	20643617.0	0.004105598	98.0	98.0	0.0	100.0	100.0	0.0	38.8	0.0	0.0	0.0	0.0	0.0	0.0	0.0	100.0	0.0	0.0	0.0	0.0	85.48275424377863	12.182136364767754	0.0
HIGADO_50	30939343.0	0.0	30939343.0	1.0	30939343.0	0.0	30939343.0	0.0	0.0	0.0	0.0	25547722.0	3787821.0	0.0	35830891.0	0.0	3041644543.0	3041644543.0	0.0	3041644543.0	3009229768.0	0.0	2510693722.0	11522703.0	0.00382912	98.0	98.0	0.0	100.0	100.0	0.0	38.9	0.0	0.0	0.0	0.0	0.0	0.0	0.0	100.0	0.0	0.0	0.0	0.0	82.57357630380191	12.242732497584063	0.0
HIGADO_51	29047636.0	0.0	29047636.0	1.0	29047636.0	0.0	29047636.0	0.0	0.0	0.0	0.0	22765053.0	3318780.0	0.0	31546871.0	0.0	2854580352.0	2854580352.0	0.0	2854580352.0	2823290717.0	0.0	2236464934.0	11830975.0	0.004190492	98.0	98.0	0.0	100.0	100.0	0.0	38.9	0.0	0.0	0.0	0.0	0.0	0.0	0.0	100.0	0.0	0.0	0.0	0.0	78.37144819633515	11.42530152884042	0.0
HIGADO_52	39148395.0	0.0	39148395.0	1.0	39148395.0	0.0	39148395.0	0.0	0.0	0.0	0.0	32708371.0	5551640.0	0.0	52815543.0	0.0	3846636708.0	3846636708.0	0.0	3846636708.0	3804098097.0	0.0	3212702400.0	16119718.0	0.004237461	98.0	98.0	0.0	100.0	100.0	0.0	38.8	0.0	0.0	0.0	0.0	0.0	0.0	0.0	100.0	0.0	0.0	0.0	0.0	83.54971129723198	14.181015594636767	0.0
HIGADO_53	26868406.0	0.0	26868406.0	1.0	26868406.0	0.0	26868406.0	0.0	0.0	0.0	0.0	21695479.0	3402803.0	0.0	32737975.0	0.0	2642510699.0	2642510699.0	0.0	2642510699.0	2613678933.0	0.0	2133142756.0	10763541.0	0.004118158	98.0	98.0	0.0	100.0	100.0	0.0	38.8	0.0	0.0	0.0	0.0	0.0	0.0	0.0	100.0	0.0	0.0	0.0	0.0	80.74717569773212	12.664699945355895	0.0
HIGADO_54	30697364.0	0.0	30697364.0	1.0	30697364.0	0.0	30697364.0	0.0	0.0	0.0	0.0	25420550.0	2667870.0	0.0	25169697.0	0.0	3009460984.0	3009460984.0	0.0	3009460984.0	2976150622.0	0.0	2491243453.0	12243994.0	0.004114037	98.0	98.0	0.0	100.0	100.0	0.0	38.8	0.0	0.0	0.0	0.0	0.0	0.0	0.0	100.0	0.0	0.0	0.0	0.0	82.81020481107107	8.690876519560442	0.0
HIGADO_55	26906000.0	0.0	26906000.0	1.0	26906000.0	0.0	26906000.0	0.0	0.0	0.0	0.0	22238704.0	3816057.0	0.0	34967593.0	0.0	2648457233.0	2648457233.0	0.0	2648457233.0	2619662528.0	0.0	2188775680.0	12369947.0	0.004721962	98.0	98.0	0.0	100.0	100.0	0.0	38.8	0.0	0.0	0.0	0.0	0.0	0.0	0.0	100.0	0.0	0.0	0.0	0.0	82.65332639559949	14.182922024827176	0.0
HIGADO_56	25038856.0	0.0	25038856.0	1.0	25038856.0	0.0	25038856.0	0.0	0.0	0.0	0.0	20569065.0	4200652.0	0.0	36297298.0	0.0	2459198490.0	2459198490.0	0.0	2459198490.0	2432003151.0	0.0	2019433426.0	10785468.0	0.004434809	98.0	98.0	0.0	100.0	100.0	0.0	38.8	0.0	0.0	0.0	0.0	0.0	0.0	0.0	100.0	0.0	0.0	0.0	0.0	82.14858138886217	16.776533240975546	0.0
HIGADO_57	35420255.0	0.0	35420255.0	1.0	35420255.0	0.0	35420255.0	0.0	0.0	0.0	0.0	30429734.0	6892658.0	0.0	63716987.0	0.0	3478732687.0	3478732687.0	0.0	3478732687.0	3439955867.0	0.0	2987850954.0	16366096.0	0.004757647	98.0	98.0	0.0	100.0	100.0	0.0	38.7	0.0	0.0	0.0	0.0	0.0	0.0	0.0	100.0	0.0	0.0	0.0	0.0	85.91054468693125	19.45965098218519	0.0
HIGADO_58	28741732.0	0.0	28741732.0	1.0	28741732.0	0.0	28741732.0	0.0	0.0	0.0	0.0	23586395.0	3648832.0	0.0	33192195.0	0.0	2820515126.0	2820515126.0	0.0	2820515126.0	2789375045.0	0.0	2313075860.0	12048228.0	0.004319329	98.0	98.0	0.0	100.0	100.0	0.0	38.8	0.0	0.0	0.0	0.0	0.0	0.0	0.0	100.0	0.0	0.0	0.0	0.0	82.06323474173372	12.695240495597135	0.0
HIGADO_59	29218932.0	0.0	29218932.0	1.0	29218932.0	0.0	29218932.0	0.0	0.0	0.0	0.0	24135681.0	3006695.0	0.0	28052037.0	0.0	2868680414.0	2868680414.0	0.0	2868680414.0	2837332061.0	0.0	2368763883.0	12592885.0	0.004438284	98.0	98.0	0.0	100.0	100.0	0.0	38.8	0.0	0.0	0.0	0.0	0.0	0.0	0.0	100.0	0.0	0.0	0.0	0.0	82.60288569068848	10.290228951557847	0.0
HIGADO_60	29000696.0	0.0	29000696.0	1.0	29000696.0	0.0	29000696.0	0.0	0.0	0.0	0.0	23784151.0	5066105.0	0.0	45819407.0	0.0	2847595385.0	2847595385.0	0.0	2847595385.0	2815664366.0	0.0	2334055502.0	12969715.0	0.004606272	98.0	98.0	0.0	100.0	100.0	0.0	38.7	0.0	0.0	0.0	0.0	0.0	0.0	0.0	100.0	0.0	0.0	0.0	0.0	82.01234549681152	17.46890833240692	0.0
MUSCULO_100	73943808.0	0.0	73943808.0	1.0	73943808.0	0.0	73943808.0	0.0	0.0	0.0	0.0	63823622.0	6862486.0	0.0	70131169.0	0.0	7173274887.0	7173274887.0	0.0	7173274887.0	7087939830.0	0.0	6187296415.0	31490359.0	0.004442809	97.0	97.0	0.0	100.0	100.0	0.0	38.8	0.0	0.0	0.0	0.0	0.0	0.0	0.0	100.0	0.0	0.0	0.0	0.0	86.31368024757394	9.280677024369641	0.0
MUSCULO_101	39941691.0	0.0	39941691.0	1.0	39941691.0	0.0	39941691.0	0.0	0.0	0.0	0.0	33367963.0	2717822.0	0.0	27108142.0	0.0	3914866840.0	3914866840.0	0.0	3914866840.0	3871230772.0	0.0	3269034726.0	14996238.0	0.003873765	98.0	98.0	0.0	100.0	100.0	0.0	38.8	0.0	0.0	0.0	0.0	0.0	0.0	0.0	100.0	0.0	0.0	0.0	0.0	83.54168830758817	6.804474051937361	0.0
MUSCULO_102	20067481.0	0.0	20067481.0	1.0	20067481.0	0.0	20067481.0	0.0	0.0	0.0	0.0	15918914.0	1601972.0	0.0	16043794.0	0.0	1963589122.0	1963589122.0	0.0	1963589122.0	1940935344.0	0.0	1556518203.0	8245653.0	0.004248288	97.0	98.0	0.0	100.0	100.0	0.0	38.8	0.0	0.0	0.0	0.0	0.0	0.0	0.0	100.0	0.0	0.0	0.0	0.0	79.32691701564337	7.98292521119118	0.0
MUSCULO_103	22802088.0	0.0	22802088.0	1.0	22802088.0	0.0	22802088.0	0.0	0.0	0.0	0.0	18465095.0	2839295.0	0.0	27272227.0	0.0	2216328155.0	2216328155.0	0.0	2216328155.0	2189485204.0	0.0	1792774053.0	8825297.0	0.004030763	97.0	97.0	0.0	100.0	100.0	0.0	38.8	0.0	0.0	0.0	0.0	0.0	0.0	0.0	100.0	0.0	0.0	0.0	0.0	80.97984272317518	12.451907912994635	0.0
MUSCULO_104	33631629.0	0.0	33631629.0	1.0	33631629.0	0.0	33631629.0	0.0	0.0	0.0	0.0	27404656.0	2478709.0	0.0	25627014.0	0.0	3281826896.0	3281826896.0	0.0	3281826896.0	3244245371.0	0.0	2672145671.0	12030350.0	0.003708212	97.0	98.0	0.0	100.0	100.0	0.0	38.9	0.0	0.0	0.0	0.0	0.0	0.0	0.0	100.0	0.0	0.0	0.0	0.0	81.4847713739944	7.3701722863320125	0.0
MUSCULO_105	31451099.0	0.0	31451099.0	1.0	31451099.0	0.0	31451099.0	0.0	0.0	0.0	0.0	25879949.0	3311076.0	0.0	32682449.0	0.0	3044527496.0	3044527496.0	0.0	3044527496.0	3007856034.0	0.0	2502054321.0	11768041.0	0.003912435	96.0	97.0	0.0	100.0	100.0	0.0	38.8	0.0	0.0	0.0	0.0	0.0	0.0	0.0	100.0	0.0	0.0	0.0	0.0	82.28631056739862	10.527695709456767	0.0
MUSCULO_106	24814990.0	0.0	24814990.0	1.0	24814990.0	0.0	24814990.0	0.0	0.0	0.0	0.0	20462099.0	3987152.0	0.0	30219670.0	0.0	2385933939.0	2385933939.0	0.0	2385933939.0	2356842552.0	0.0	1963246335.0	9558996.0	0.004055848	96.0	96.0	0.0	100.0	100.0	0.0	38.9	0.0	0.0	0.0	0.0	0.0	0.0	0.0	100.0	0.0	0.0	0.0	0.0	82.45862279211073	16.06751403083378	0.0
MUSCULO_107	33435677.0	0.0	33435677.0	1.0	33435677.0	0.0	33435677.0	0.0	0.0	0.0	0.0	27219921.0	2942886.0	0.0	27721632.0	0.0	3240768753.0	3240768753.0	0.0	3240768753.0	3202808294.0	0.0	2634909546.0	12141959.0	0.003791035	96.0	97.0	0.0	100.0	100.0	0.0	38.8	0.0	0.0	0.0	0.0	0.0	0.0	0.0	100.0	0.0	0.0	0.0	0.0	81.40980964734167	8.80163425433258	0.0
MUSCULO_108	51269431.0	0.0	51269431.0	1.0	51269431.0	0.0	51269431.0	0.0	0.0	0.0	0.0	43289504.0	3936374.0	0.0	39145776.0	0.0	4978209717.0	4978209717.0	0.0	4978209717.0	4920036737.0	0.0	4199635718.0	21283350.0	0.004325852	97.0	97.0	0.0	100.0	100.0	0.0	38.8	0.0	0.0	0.0	0.0	0.0	0.0	0.0	100.0	0.0	0.0	0.0	0.0	84.43531195031207	7.677818776650749	0.0
MUSCULO_109	25484830.0	0.0	25484830.0	1.0	25484830.0	0.0	25484830.0	0.0	0.0	0.0	0.0	20576799.0	1847240.0	0.0	16918411.0	0.0	2490784935.0	2490784935.0	0.0	2490784935.0	2462304989.0	0.0	2009459638.0	9153323.0	0.00371738	97.0	98.0	0.0	100.0	100.0	0.0	38.9	0.0	0.0	0.0	0.0	0.0	0.0	0.0	100.0	0.0	0.0	0.0	0.0	80.74136260669582	7.248390513101323	0.0
MUSCULO_110	25594306.0	0.0	25594306.0	1.0	25594306.0	0.0	25594306.0	0.0	0.0	0.0	0.0	20311426.0	3165179.0	0.0	26546351.0	0.0	2493933658.0	2493933658.0	0.0	2493933658.0	2465130942.0	0.0	1976659725.0	9207409.0	0.003735059	97.0	97.0	0.0	100.0	100.0	0.0	38.8	0.0	0.0	0.0	0.0	0.0	0.0	0.0	100.0	0.0	0.0	0.0	0.0	79.35915902544886	12.366731100268941	0.0
MUSCULO_111	23965167.0	0.0	23965167.0	1.0	23965167.0	0.0	23965167.0	0.0	0.0	0.0	0.0	19075247.0	2726549.0	0.0	25253559.0	0.0	2319283780.0	2319283780.0	0.0	2319283780.0	2291736111.0	0.0	1842611794.0	8677662.0	0.003786501	96.0	97.0	0.0	100.0	100.0	0.0	38.8	0.0	0.0	0.0	0.0	0.0	0.0	0.0	100.0	0.0	0.0	0.0	0.0	79.59571907009871	11.377133320205948	0.0
MUSCULO_112	31921623.0	0.0	31921623.0	1.0	31921623.0	0.0	31921623.0	0.0	0.0	0.0	0.0	26382264.0	2639525.0	0.0	24778573.0	0.0	3087576108.0	3087576108.0	0.0	3087576108.0	3050815406.0	0.0	2547932761.0	11340127.0	0.003717081	96.0	97.0	0.0	100.0	100.0	0.0	38.8	0.0	0.0	0.0	0.0	0.0	0.0	0.0	100.0	0.0	0.0	0.0	0.0	82.64700074930401	8.268768163824252	0.0
MUSCULO_113	33182200.0	0.0	33182200.0	1.0	33182200.0	0.0	33182200.0	0.0	0.0	0.0	0.0	25984476.0	1331490.0	0.0	14033111.0	0.0	3232868839.0	3232868839.0	0.0	3232868839.0	3194057367.0	0.0	2529477670.0	13582317.0	0.004252371	97.0	97.0	0.0	100.0	100.0	0.0	38.8	0.0	0.0	0.0	0.0	0.0	0.0	0.0	100.0	0.0	0.0	0.0	0.0	78.30847864216356	4.0126634159278165	0.0
MUSCULO_114	31992884.0	0.0	31992884.0	1.0	31992884.0	0.0	31992884.0	0.0	0.0	0.0	0.0	26575372.0	2320583.0	0.0	22367283.0	0.0	3035927021.0	3035927021.0	0.0	3035927021.0	2996740986.0	0.0	2515587431.0	14571825.0	0.004862558	94.0	95.0	0.0	100.0	100.0	0.0	38.8	0.0	0.0	0.0	0.0	0.0	0.0	0.0	100.0	0.0	0.0	0.0	0.0	83.06650941503116	7.253434857576453	0.0
MUSCULO_115	41582190.0	0.0	41582190.0	1.0	41582190.0	0.0	41582190.0	0.0	0.0	0.0	0.0	33852040.0	2363425.0	0.0	24350392.0	0.0	4010415049.0	4010415049.0	0.0	4010415049.0	3963306029.0	0.0	3259962118.0	16770963.0	0.004231559	96.0	96.0	0.0	100.0	100.0	0.0	38.9	0.0	0.0	0.0	0.0	0.0	0.0	0.0	100.0	0.0	0.0	0.0	0.0	81.4099497885994	5.6837434488178715	0.0
MUSCULO_116	63027437.0	0.0	63027437.0	1.0	63027437.0	0.0	63027437.0	0.0	0.0	0.0	0.0	54931697.0	7504362.0	0.0	69108914.0	0.0	6105648935.0	6105648935.0	0.0	6105648935.0	6034050590.0	0.0	5316855955.0	25936415.0	0.004298342	96.0	97.0	0.0	100.0	100.0	0.0	38.9	0.0	0.0	0.0	0.0	0.0	0.0	0.0	100.0	0.0	0.0	0.0	0.0	87.15521305427666	11.906500338892092	0.0
MUSCULO_117	23008511.0	0.0	23008511.0	1.0	23008511.0	0.0	23008511.0	0.0	0.0	0.0	0.0	18774729.0	1656829.0	0.0	15461936.0	0.0	2222652683.0	2222652683.0	0.0	2222652683.0	2196219831.0	0.0	1810614428.0	9229396.0	0.004202401	96.0	97.0	0.0	100.0	100.0	0.0	38.9	0.0	0.0	0.0	0.0	0.0	0.0	0.0	100.0	0.0	0.0	0.0	0.0	81.59906132126498	7.200939687057542	0.0
MUSCULO_118	33489571.0	0.0	33489571.0	1.0	33489571.0	0.0	33489571.0	0.0	0.0	0.0	0.0	27481339.0	2884157.0	0.0	27356294.0	0.0	3270002916.0	3270002916.0	0.0	3270002916.0	3232804339.0	0.0	2680893063.0	11914150.0	0.003685392	97.0	98.0	0.0	100.0	100.0	0.0	38.9	0.0	0.0	0.0	0.0	0.0	0.0	0.0	100.0	0.0	0.0	0.0	0.0	82.0593939528219	8.612104944551245	0.0
MUSCULO_119	29937121.0	0.0	29937121.0	1.0	29937121.0	0.0	29937121.0	0.0	0.0	0.0	0.0	25050708.0	5001362.0	0.0	37392430.0	0.0	2890277109.0	2890277109.0	0.0	2890277109.0	2855203498.0	0.0	2413915418.0	11951538.0	0.00418588	96.0	97.0	0.0	100.0	100.0	0.0	38.9	0.0	0.0	0.0	0.0	0.0	0.0	0.0	100.0	0.0	0.0	0.0	0.0	83.67774576586706	16.706222351842047	0.0
MUSCULO_120	29536986.0	0.0	29536986.0	1.0	29536986.0	0.0	29536986.0	0.0	0.0	0.0	0.0	23721469.0	2225170.0	0.0	21205614.0	0.0	2873143709.0	2873143709.0	0.0	2873143709.0	2840560100.0	0.0	2304354463.0	9846059.0	0.003466239	97.0	97.0	0.0	100.0	100.0	0.0	38.9	0.0	0.0	0.0	0.0	0.0	0.0	0.0	100.0	0.0	0.0	0.0	0.0	80.3110682992503	7.533503926229981	0.0
MUSCULO_61	43938082.0	0.0	43938082.0	1.0	43938082.0	0.0	43938082.0	0.0	0.0	0.0	0.0	36810450.0	4864688.0	0.0	48254949.0	0.0	4302202904.0	4302202904.0	0.0	4302202904.0	4252762064.0	0.0	3602917984.0	17271547.0	0.004061254	97.0	98.0	0.0	100.0	100.0	0.0	38.8	0.0	0.0	0.0	0.0	0.0	0.0	0.0	100.0	0.0	0.0	0.0	0.0	83.77800833454678	11.071689474292484	0.0
MUSCULO_62	56562039.0	0.0	56562039.0	1.0	56562039.0	0.0	56562039.0	0.0	0.0	0.0	0.0	47789949.0	3127045.0	0.0	32190829.0	0.0	5539017216.0	5539017216.0	0.0	5539017216.0	5478646984.0	0.0	4677686131.0	19695926.0	0.003595035	97.0	98.0	0.0	100.0	100.0	0.0	38.9	0.0	0.0	0.0	0.0	0.0	0.0	0.0	100.0	0.0	0.0	0.0	0.0	84.49120619573138	5.528522407051132	0.0
MUSCULO_63	47985848.0	0.0	47985848.0	1.0	47985848.0	0.0	47985848.0	0.0	0.0	0.0	0.0	40154590.0	4541835.0	0.0	43624935.0	0.0	4711892139.0	4711892139.0	0.0	4711892139.0	4660607321.0	0.0	3941689441.0	18981956.0	0.00407285	98.0	98.0	0.0	100.0	100.0	0.0	38.8	0.0	0.0	0.0	0.0	0.0	0.0	0.0	100.0	0.0	0.0	0.0	0.0	83.68006750656986	9.464946831824248	0.0
MUSCULO_64	28339277.0	0.0	28339277.0	1.0	28339277.0	0.0	28339277.0	0.0	0.0	0.0	0.0	23341567.0	2826468.0	0.0	28037872.0	0.0	2787942766.0	2787942766.0	0.0	2787942766.0	2757738661.0	0.0	2295719559.0	10848417.0	0.003933809	98.0	98.0	0.0	100.0	100.0	0.0	38.8	0.0	0.0	0.0	0.0	0.0	0.0	0.0	100.0	0.0	0.0	0.0	0.0	82.3647229955796	9.973677168969413	0.0
MUSCULO_65	22847154.0	0.0	22847154.0	1.0	22847154.0	0.0	22847154.0	0.0	0.0	0.0	0.0	17977895.0	1857921.0	0.0	18962770.0	0.0	2246862623.0	2246862623.0	0.0	2246862623.0	2222542481.0	0.0	1767601621.0	8935476.0	0.004020385	98.0	98.0	0.0	100.0	100.0	0.0	38.8	0.0	0.0	0.0	0.0	0.0	0.0	0.0	100.0	0.0	0.0	0.0	0.0	78.68767812393614	8.131958142357687	0.0
MUSCULO_66	22558039.0	0.0	22558039.0	1.0	22558039.0	0.0	22558039.0	0.0	0.0	0.0	0.0	17581261.0	1088238.0	0.0	11582887.0	0.0	2207347052.0	2207347052.0	0.0	2207347052.0	2181681640.0	0.0	1719172210.0	9017006.0	0.004133053	97.0	98.0	0.0	100.0	100.0	0.0	38.9	0.0	0.0	0.0	0.0	0.0	0.0	0.0	100.0	0.0	0.0	0.0	0.0	77.93789610878854	4.824169334931995	0.0
MUSCULO_67	25119456.0	0.0	25119456.0	1.0	25119456.0	0.0	25119456.0	0.0	0.0	0.0	0.0	20768457.0	1971671.0	0.0	20092854.0	0.0	2462640071.0	2462640071.0	0.0	2462640071.0	2434531728.0	0.0	2035390993.0	10342088.0	0.004248081	98.0	98.0	0.0	100.0	100.0	0.0	38.8	0.0	0.0	0.0	0.0	0.0	0.0	0.0	100.0	0.0	0.0	0.0	0.0	82.67876899881908	7.849178740176539	0.0
MUSCULO_68	22456975.0	0.0	22456975.0	1.0	22456975.0	0.0	22456975.0	0.0	0.0	0.0	0.0	17996404.0	1649638.0	0.0	16420511.0	0.0	2203884033.0	2203884033.0	0.0	2203884033.0	2178728331.0	0.0	1765465089.0	8428647.0	0.003868608	98.0	98.0	0.0	100.0	100.0	0.0	38.8	0.0	0.0	0.0	0.0	0.0	0.0	0.0	100.0	0.0	0.0	0.0	0.0	80.13725802339808	7.345771191355915	0.0
MUSCULO_69	23343020.0	0.0	23343020.0	1.0	23343020.0	0.0	23343020.0	0.0	0.0	0.0	0.0	18173154.0	1645861.0	0.0	16889737.0	0.0	2293639674.0	2293639674.0	0.0	2293639674.0	2268279698.0	0.0	1785017171.0	9128454.0	0.004024395	98.0	98.0	0.0	100.0	100.0	0.0	38.9	0.0	0.0	0.0	0.0	0.0	0.0	0.0	100.0	0.0	0.0	0.0	0.0	77.85262575279462	7.050762926133808	0.0
MUSCULO_70	25263052.0	0.0	25263052.0	1.0	25263052.0	0.0	25263052.0	0.0	0.0	0.0	0.0	20737404.0	2236929.0	0.0	21266529.0	0.0	2461211984.0	2461211984.0	0.0	2461211984.0	2432096838.0	0.0	2019016908.0	10324851.0	0.004245247	97.0	97.0	0.0	100.0	100.0	0.0	38.8	0.0	0.0	0.0	0.0	0.0	0.0	0.0	100.0	0.0	0.0	0.0	0.0	82.08590157673744	8.854547740312611	0.0
MUSCULO_71	25244564.0	0.0	25244564.0	1.0	25244564.0	0.0	25244564.0	0.0	0.0	0.0	0.0	20025716.0	1672022.0	0.0	16706734.0	0.0	2483014115.0	2483014115.0	0.0	2483014115.0	2455495207.0	0.0	1969198604.0	9263510.0	0.003772563	98.0	98.0	0.0	100.0	100.0	0.0	38.9	0.0	0.0	0.0	0.0	0.0	0.0	0.0	100.0	0.0	0.0	0.0	0.0	79.32684438519121	6.623295217140609	0.0
MUSCULO_72	17521825.0	0.0	17521825.0	1.0	17521825.0	0.0	17521825.0	0.0	0.0	0.0	0.0	13719814.0	1532807.0	0.0	15222700.0	0.0	1724541350.0	1724541350.0	0.0	1724541350.0	1705462828.0	0.0	1349989585.0	6757928.0	0.003962519	98.0	98.0	0.0	100.0	100.0	0.0	38.9	0.0	0.0	0.0	0.0	0.0	0.0	0.0	100.0	0.0	0.0	0.0	0.0	78.3012842554928	8.747987153164697	0.0
MUSCULO_73	35809576.0	0.0	35809576.0	1.0	35809576.0	0.0	35809576.0	0.0	0.0	0.0	0.0	29683599.0	4553920.0	0.0	37119722.0	0.0	3502674390.0	3502674390.0	0.0	3502674390.0	3463170572.0	0.0	2901127573.0	11956924.0	0.003452595	97.0	98.0	0.0	100.0	100.0	0.0	38.9	0.0	0.0	0.0	0.0	0.0	0.0	0.0	100.0	0.0	0.0	0.0	0.0	82.89290831033576	12.717045295370156	0.0
MUSCULO_74	36097189.0	0.0	36097189.0	1.0	36097189.0	0.0	36097189.0	0.0	0.0	0.0	0.0	28927860.0	1974170.0	0.0	19755246.0	0.0	3523859901.0	3523859901.0	0.0	3523859901.0	3482506949.0	0.0	2821741697.0	14035612.0	0.004030318	97.0	98.0	0.0	100.0	100.0	0.0	38.8	0.0	0.0	0.0	0.0	0.0	0.0	0.0	100.0	0.0	0.0	0.0	0.0	80.13881634938387	5.469040816446954	0.0
MUSCULO_75	29919875.0	0.0	29919875.0	1.0	29919875.0	0.0	29919875.0	0.0	0.0	0.0	0.0	24211632.0	1592218.0	0.0	16090890.0	0.0	2932644271.0	2932644271.0	0.0	2932644271.0	2899677402.0	0.0	2372060491.0	11747607.0	0.00405135	98.0	98.0	0.0	100.0	100.0	0.0	38.8	0.0	0.0	0.0	0.0	0.0	0.0	0.0	100.0	0.0	0.0	0.0	0.0	80.92156802125677	5.3216064572462285	0.0
MUSCULO_76	28464735.0	0.0	28464735.0	1.0	28464735.0	0.0	28464735.0	0.0	0.0	0.0	0.0	21810596.0	1103910.0	0.0	11743486.0	0.0	2776555610.0	2776555610.0	0.0	2776555610.0	2744258851.0	0.0	2125000999.0	10965528.0	0.003995807	97.0	98.0	0.0	100.0	100.0	0.0	38.9	0.0	0.0	0.0	0.0	0.0	0.0	0.0	100.0	0.0	0.0	0.0	0.0	76.6232181680244	3.878167142606457	0.0
MUSCULO_77	56269422.0	0.0	56269422.0	1.0	56269422.0	0.0	56269422.0	0.0	0.0	0.0	0.0	46326464.0	3329848.0	0.0	33984587.0	0.0	5500706324.0	5500706324.0	0.0	5500706324.0	5438248767.0	0.0	4525826986.0	21263831.0	0.003910051	97.0	98.0	0.0	100.0	100.0	0.0	38.8	0.0	0.0	0.0	0.0	0.0	0.0	0.0	100.0	0.0	0.0	0.0	0.0	82.3297314125601	5.917686518976505	0.0
MUSCULO_78	47702265.0	0.0	47702265.0	1.0	47702265.0	0.0	47702265.0	0.0	0.0	0.0	0.0	40367843.0	5216560.0	0.0	47721476.0	0.0	4667655247.0	4667655247.0	0.0	4667655247.0	4614442589.0	0.0	3947793011.0	17662122.0	0.003827574	97.0	98.0	0.0	100.0	100.0	0.0	38.8	0.0	0.0	0.0	0.0	0.0	0.0	0.0	100.0	0.0	0.0	0.0	0.0	84.6245833400154	10.935665214219911	0.0
MUSCULO_79	36246543.0	0.0	36246543.0	1.0	36246543.0	0.0	36246543.0	0.0	0.0	0.0	0.0	29686361.0	2785445.0	0.0	26605973.0	0.0	3555942396.0	3555942396.0	0.0	3555942396.0	3516684681.0	0.0	2910841918.0	12488211.0	0.003551132	98.0	98.0	0.0	100.0	100.0	0.0	38.9	0.0	0.0	0.0	0.0	0.0	0.0	0.0	100.0	0.0	0.0	0.0	0.0	81.9012202074002	7.6847190641049545	0.0
MUSCULO_80	27478819.0	0.0	27478819.0	1.0	27478819.0	0.0	27478819.0	0.0	0.0	0.0	0.0	22058961.0	2584901.0	0.0	24949043.0	0.0	2695025202.0	2695025202.0	0.0	2695025202.0	2664229381.0	0.0	2162406716.0	10392915.0	0.003900908	98.0	98.0	0.0	100.0	100.0	0.0	38.8	0.0	0.0	0.0	0.0	0.0	0.0	0.0	100.0	0.0	0.0	0.0	0.0	80.27623385124375	9.406885354134033	0.0
MUSCULO_81	25986067.0	0.0	25986067.0	1.0	25986067.0	0.0	25986067.0	0.0	0.0	0.0	0.0	20767711.0	2575211.0	0.0	24245740.0	0.0	2537330913.0	2537330913.0	0.0	2537330913.0	2507469460.0	0.0	2025736486.0	9815564.0	0.003914529	97.0	98.0	0.0	100.0	100.0	0.0	38.8	0.0	0.0	0.0	0.0	0.0	0.0	0.0	100.0	0.0	0.0	0.0	0.0	79.91863870742732	9.909968291854247	0.0
MUSCULO_82	38398774.0	0.0	38398774.0	1.0	38398774.0	0.0	38398774.0	0.0	0.0	0.0	0.0	31551753.0	1676365.0	0.0	17169653.0	0.0	3768095903.0	3768095903.0	0.0	3768095903.0	3725118370.0	0.0	3095065749.0	13259421.0	0.003559463	98.0	98.0	0.0	100.0	100.0	0.0	38.9	0.0	0.0	0.0	0.0	0.0	0.0	0.0	100.0	0.0	0.0	0.0	0.0	82.16864684273514	4.365673237379922	0.0
MUSCULO_83	47282436.0	0.0	47282436.0	1.0	47282436.0	0.0	47282436.0	0.0	0.0	0.0	0.0	39776260.0	5084109.0	0.0	49207415.0	0.0	4624871931.0	4624871931.0	0.0	4624871931.0	4571705313.0	0.0	3888442260.0	17365740.0	0.003798526	97.0	98.0	0.0	100.0	100.0	0.0	38.8	0.0	0.0	0.0	0.0	0.0	0.0	0.0	100.0	0.0	0.0	0.0	0.0	84.12481116666662	10.752637617909535	0.0
MUSCULO_84	35780827.0	0.0	35780827.0	1.0	35780827.0	0.0	35780827.0	0.0	0.0	0.0	0.0	28896594.0	1460981.0	0.0	16658589.0	0.0	3511475004.0	3511475004.0	0.0	3511475004.0	3471764362.0	0.0	2834719178.0	14474305.0	0.004169149	98.0	98.0	0.0	100.0	100.0	0.0	38.9	0.0	0.0	0.0	0.0	0.0	0.0	0.0	100.0	0.0	0.0	0.0	0.0	80.75999473125648	4.0831392745617645	0.0
MUSCULO_85	36057904.0	0.0	36057904.0	1.0	36057904.0	0.0	36057904.0	0.0	0.0	0.0	0.0	29556579.0	2387868.0	0.0	23992298.0	0.0	3525449515.0	3525449515.0	0.0	3525449515.0	3484189824.0	0.0	2887853277.0	13102464.0	0.003760548	97.0	98.0	0.0	100.0	100.0	0.0	38.9	0.0	0.0	0.0	0.0	0.0	0.0	0.0	100.0	0.0	0.0	0.0	0.0	81.96976452097715	6.622315040829883	0.0
MUSCULO_86	31295939.0	0.0	31295939.0	1.0	31295939.0	0.0	31295939.0	0.0	0.0	0.0	0.0	26163559.0	4131184.0	0.0	37599932.0	0.0	3059793306.0	3059793306.0	0.0	3059793306.0	3024000938.0	0.0	2556785625.0	12495985.0	0.004132269	97.0	98.0	0.0	100.0	100.0	0.0	38.7	0.0	0.0	0.0	0.0	0.0	0.0	0.0	100.0	0.0	0.0	0.0	0.0	83.60049206384254	13.200383602485932	0.0
MUSCULO_87	33975640.0	0.0	33975640.0	1.0	33975640.0	0.0	33975640.0	0.0	0.0	0.0	0.0	27448639.0	3245148.0	0.0	31350767.0	0.0	3335254817.0	3335254817.0	0.0	3335254817.0	3297780058.0	0.0	2693333613.0	12987483.0	0.00393825	98.0	98.0	0.0	100.0	100.0	0.0	38.9	0.0	0.0	0.0	0.0	0.0	0.0	0.0	100.0	0.0	0.0	0.0	0.0	80.78917424366398	9.5513962356559	0.0
MUSCULO_88	42469550.0	0.0	42469550.0	1.0	42469550.0	0.0	42469550.0	0.0	0.0	0.0	0.0	35287684.0	4635263.0	0.0	44763187.0	0.0	4091855752.0	4091855752.0	0.0	4091855752.0	4041786789.0	0.0	3395898025.0	16923945.0	0.004187243	96.0	96.0	0.0	100.0	100.0	0.0	38.7	0.0	0.0	0.0	0.0	0.0	0.0	0.0	100.0	0.0	0.0	0.0	0.0	83.08937579983777	10.914320966433598	0.0
MUSCULO_89	25851052.0	0.0	25851052.0	1.0	25851052.0	0.0	25851052.0	0.0	0.0	0.0	0.0	21113155.0	692894.0	0.0	9060701.0	0.0	2504957739.0	2504957739.0	0.0	2504957739.0	2474829780.0	0.0	2043671961.0	11794878.0	0.004765935	96.0	97.0	0.0	100.0	100.0	0.0	38.9	0.0	0.0	0.0	0.0	0.0	0.0	0.0	100.0	0.0	0.0	0.0	0.0	81.6723242056068	2.6803319261436633	0.0
MUSCULO_90	82250863.0	0.0	82250863.0	1.0	82250863.0	0.0	82250863.0	0.0	0.0	0.0	0.0	71671692.0	5261662.0	0.0	53615041.0	0.0	8059717133.0	8059717133.0	0.0	8059717133.0	7968921846.0	0.0	7020896950.0	31211946.0	0.003916709	97.0	98.0	0.0	100.0	100.0	0.0	38.9	0.0	0.0	0.0	0.0	0.0	0.0	0.0	100.0	0.0	0.0	0.0	0.0	87.1379209723307	6.397090325970196	0.0
MUSCULO_91	37471584.0	0.0	37471584.0	1.0	37471584.0	0.0	37471584.0	0.0	0.0	0.0	0.0	29950317.0	2729070.0	0.0	27028415.0	0.0	3665786052.0	3665786052.0	0.0	3665786052.0	3624476189.0	0.0	2927543984.0	13804590.0	0.003808713	97.0	98.0	0.0	100.0	100.0	0.0	38.9	0.0	0.0	0.0	0.0	0.0	0.0	0.0	100.0	0.0	0.0	0.0	0.0	79.92807830061307	7.283038795477662	0.0
MUSCULO_92	42598129.0	0.0	42598129.0	1.0	42598129.0	0.0	42598129.0	0.0	0.0	0.0	0.0	34420670.0	1450722.0	0.0	15729558.0	0.0	4145448191.0	4145448191.0	0.0	4145448191.0	4095643956.0	0.0	3346395880.0	16557041.0	0.004042598	97.0	97.0	0.0	100.0	100.0	0.0	38.7	0.0	0.0	0.0	0.0	0.0	0.0	0.0	100.0	0.0	0.0	0.0	0.0	80.80324372931966	3.4056002788291475	0.0
MUSCULO_93	38665636.0	0.0	38665636.0	1.0	38665636.0	0.0	38665636.0	0.0	0.0	0.0	0.0	32201764.0	2649796.0	0.0	26387536.0	0.0	3784458856.0	3784458856.0	0.0	3784458856.0	3740325651.0	0.0	3150547005.0	15009337.0	0.004012842	97.0	98.0	0.0	100.0	100.0	0.0	38.8	0.0	0.0	0.0	0.0	0.0	0.0	0.0	100.0	0.0	0.0	0.0	0.0	83.2826440511673	6.853103360306811	0.0
MUSCULO_94	29430478.0	0.0	29430478.0	1.0	29430478.0	0.0	29430478.0	0.0	0.0	0.0	0.0	24271347.0	3080509.0	0.0	29190961.0	0.0	2875605889.0	2875605889.0	0.0	2875605889.0	2842251273.0	0.0	2370069967.0	10885191.0	0.003829778	97.0	98.0	0.0	100.0	100.0	0.0	38.9	0.0	0.0	0.0	0.0	0.0	0.0	0.0	100.0	0.0	0.0	0.0	0.0	82.47010802882644	10.467070905202423	0.0
MUSCULO_95	42847365.0	0.0	42847365.0	1.0	42847365.0	0.0	42847365.0	0.0	0.0	0.0	0.0	35837943.0	3276210.0	0.0	33865952.0	0.0	4210397713.0	4210397713.0	0.0	4210397713.0	4163729159.0	0.0	3521076690.0	18095198.0	0.004345912	98.0	98.0	0.0	100.0	100.0	0.0	38.8	0.0	0.0	0.0	0.0	0.0	0.0	0.0	100.0	0.0	0.0	0.0	0.0	83.6409496826701	7.646234488398528	0.0
MUSCULO_96	35462080.0	0.0	35462080.0	1.0	35462080.0	0.0	35462080.0	0.0	0.0	0.0	0.0	26722693.0	2655521.0	0.0	25415857.0	0.0	3481396975.0	3481396975.0	0.0	3481396975.0	3441281571.0	0.0	2622190696.0	13147776.0	0.003820605	98.0	98.0	0.0	100.0	100.0	0.0	38.9	0.0	0.0	0.0	0.0	0.0	0.0	0.0	100.0	0.0	0.0	0.0	0.0	75.35568415614651	7.488339657459461	0.0
MUSCULO_97	25786518.0	0.0	25786518.0	1.0	25786518.0	0.0	25786518.0	0.0	0.0	0.0	0.0	21574002.0	6581883.0	0.0	57120415.0	0.0	2490365847.0	2490365847.0	0.0	2490365847.0	2458754196.0	0.0	2081488397.0	9669905.0	0.003932847	96.0	97.0	0.0	100.0	100.0	0.0	38.7	0.0	0.0	0.0	0.0	0.0	0.0	0.0	100.0	0.0	0.0	0.0	0.0	83.66388203323923	25.524512460348465	0.0
MUSCULO_98	45412472.0	0.0	45412472.0	1.0	45412472.0	0.0	45412472.0	0.0	0.0	0.0	0.0	34975691.0	1921049.0	0.0	19557607.0	0.0	4426854065.0	4426854065.0	0.0	4426854065.0	4375387308.0	0.0	3405091486.0	16668683.0	0.003809648	97.0	97.0	0.0	100.0	100.0	0.0	38.8	0.0	0.0	0.0	0.0	0.0	0.0	0.0	100.0	0.0	0.0	0.0	0.0	77.01780911640309	4.230223362427837	0.0
MUSCULO_99	42140670.0	0.0	42140670.0	1.0	42140670.0	0.0	42140670.0	0.0	0.0	0.0	0.0	35394025.0	4136234.0	0.0	38746296.0	0.0	4080795492.0	4080795492.0	0.0	4080795492.0	4032769132.0	0.0	3423883569.0	15678973.0	0.003887893	96.0	97.0	0.0	100.0	100.0	0.0	38.9	0.0	0.0	0.0	0.0	0.0	0.0	0.0	100.0	0.0	0.0	0.0	0.0	83.99018098193503	9.815301939907457	0.0
