Sample	bam_file	reads_aligned	total_alignments	non_unique_alignments	reads_aligned_genes	ambiguous_alignments	not_aligned	5_3_bias	reads_aligned_exonic	reads_aligned_intronic	reads_aligned_intergenic	reads_aligned_overlapping_exon
GRASO_121	GRASO_121.markdup.sorted.bam	44437829.0	79459087.0	43701917.0	17367903.0	56316.0	0.0	0.8	17367903.0	12292831.0	6040120.0	3993740.0
GRASO_122	GRASO_122.markdup.sorted.bam	54153059.0	102315788.0	58123653.0	20705451.0	79524.0	0.0	0.8	20705451.0	15513453.0	7893707.0	4840489.0
GRASO_123	GRASO_123.markdup.sorted.bam	54908457.0	192234875.0	162248103.0	16011022.0	91333.0	0.0	0.83	16011022.0	9038553.0	4845864.0	4051854.0
GRASO_124	GRASO_124.markdup.sorted.bam	27867867.0	63084703.0	41611271.0	10999531.0	31988.0	0.0	0.81	10999531.0	6742020.0	3699893.0	2568927.0
GRASO_125	GRASO_125.markdup.sorted.bam	52425973.0	98687921.0	56894301.0	18075585.0	44968.0	0.0	0.8	18075585.0	16748678.0	6924389.0	4440471.0
GRASO_126	GRASO_126.markdup.sorted.bam	48102633.0	117298227.0	84745788.0	16239166.0	45984.0	0.0	0.78	16239166.0	10777238.0	5490051.0	3922412.0
GRASO_127	GRASO_127.markdup.sorted.bam	59314073.0	106589226.0	58910992.0	24962201.0	96635.0	0.0	0.77	24962201.0	14577541.0	8041857.0	5760659.0
GRASO_128	GRASO_128.markdup.sorted.bam	51175288.0	111976844.0	74562475.0	17790489.0	53289.0	0.0	0.77	17790489.0	13347068.0	6223523.0	4364290.0
GRASO_129	GRASO_129.markdup.sorted.bam	28972204.0	127524159.0	117130815.0	5188838.0	19324.0	0.0	1.16	5188838.0	2737163.0	2448019.0	1612159.0
GRASO_130	GRASO_130.markdup.sorted.bam	46347730.0	85460681.0	48376501.0	19880728.0	85690.0	0.0	0.84	19880728.0	11591634.0	5526128.0	4954429.0
GRASO_131	GRASO_131.markdup.sorted.bam	44948708.0	103178973.0	70193013.0	17760456.0	77362.0	0.0	0.87	17760456.0	10084517.0	5063625.0	4429003.0
GRASO_132	GRASO_132.markdup.sorted.bam	33900338.0	67186679.0	40822277.0	14468671.0	60555.0	0.0	0.83	14468671.0	8022880.0	3812296.0	3741003.0
GRASO_133	GRASO_133.markdup.sorted.bam	41057783.0	82356302.0	50900359.0	18185383.0	66665.0	0.0	0.83	18185383.0	8970482.0	4233413.0	4637151.0
GRASO_134	GRASO_134.markdup.sorted.bam	28706952.0	45166924.0	21326973.0	13129648.0	42066.0	0.0	0.86	13129648.0	7173566.0	3494671.0	3239661.0
GRASO_135	GRASO_135.markdup.sorted.bam	29219435.0	52906546.0	28767447.0	11503231.0	33915.0	0.0	0.73	11503231.0	8385635.0	4216318.0	2610869.0
GRASO_136	GRASO_136.markdup.sorted.bam	37430018.0	91684382.0	65987579.0	13646710.0	45394.0	0.0	0.88	13646710.0	8022711.0	3981988.0	3519007.0
GRASO_137	GRASO_137.markdup.sorted.bam	24688887.0	47702854.0	27895181.0	7402168.0	19244.0	0.0	0.78	7402168.0	8494851.0	3891410.0	1788815.0
GRASO_138	GRASO_138.markdup.sorted.bam	42802382.0	74799076.0	40897767.0	15947256.0	58225.0	0.0	0.87	15947256.0	12101648.0	5794180.0	3757907.0
GRASO_139	GRASO_139.markdup.sorted.bam	29050215.0	49575835.0	25996857.0	9538661.0	34544.0	0.0	0.89	9538661.0	9772077.0	4233696.0	2414345.0
GRASO_140	GRASO_140.markdup.sorted.bam	51575875.0	99157307.0	59972152.0	19154297.0	63119.0	0.0	0.9	19154297.0	13830001.0	6137738.0	4888085.0
GRASO_141	GRASO_141.markdup.sorted.bam	40787648.0	84729723.0	55014221.0	13216527.0	49702.0	0.0	0.88	13216527.0	11382775.0	5066498.0	3624408.0
GRASO_142	GRASO_142.markdup.sorted.bam	46179142.0	82391211.0	46233201.0	17339419.0	64475.0	0.0	0.84	17339419.0	12674345.0	6079771.0	4487966.0
GRASO_143	GRASO_143.markdup.sorted.bam	30694608.0	129254159.0	117528013.0	5112501.0	21028.0	0.0	0.98	5112501.0	3276048.0	3316569.0	1588609.0
GRASO_144	GRASO_144.markdup.sorted.bam	28629107.0	107760297.0	94246231.0	8580196.0	8193.0	0.0	0.92	8580196.0	2084869.0	2840808.0	804336.0
GRASO_145	GRASO_145.markdup.sorted.bam	176229317.0	327168265.0	186592214.0	75172289.0	245544.0	0.0	0.74	75172289.0	41689061.0	23469157.0	17861799.0
GRASO_146	GRASO_146.markdup.sorted.bam	46308592.0	98112874.0	63003009.0	22133374.0	39998.0	0.0	0.75	22133374.0	7931438.0	5005055.0	3366193.0
GRASO_147	GRASO_147.markdup.sorted.bam	30695703.0	54020361.0	28915134.0	14295666.0	40316.0	0.0	0.7	14295666.0	6564466.0	4204779.0	3011113.0
GRASO_148	GRASO_148.markdup.sorted.bam	39726375.0	71652087.0	39477049.0	18793870.0	57132.0	0.0	0.76	18793870.0	8188422.0	5135614.0	4122717.0
GRASO_149	GRASO_149.markdup.sorted.bam	27225280.0	46275314.0	23963757.0	12404131.0	39033.0	0.0	0.71	12404131.0	6288801.0	3579592.0	2662451.0
GRASO_150	GRASO_150.markdup.sorted.bam	59900145.0	108252617.0	59504359.0	27593189.0	79369.0	0.0	0.73	27593189.0	13436180.0	7639520.0	5819249.0
GRASO_151	GRASO_151.markdup.sorted.bam	42007698.0	74142079.0	40580182.0	20979143.0	54894.0	0.0	0.73	20979143.0	7598588.0	4929272.0	4260700.0
GRASO_152	GRASO_152.markdup.sorted.bam	54163820.0	86012561.0	40399340.0	22888306.0	85598.0	0.0	0.73	22888306.0	14684093.0	7955224.0	5371832.0
GRASO_153	GRASO_153.markdup.sorted.bam	45686260.0	105913036.0	70986063.0	16092309.0	59417.0	0.0	0.8	16092309.0	12447896.0	6327351.0	3938971.0
GRASO_154	GRASO_154.markdup.sorted.bam	10821698.0	24837557.0	16479590.0	3505072.0	8061.0	0.0	0.81	3505072.0	3363377.0	1481457.0	920703.0
GRASO_155	GRASO_155.markdup.sorted.bam	67548679.0	144172589.0	91825421.0	26066959.0	74773.0	0.0	0.76	26066959.0	17407572.0	8797864.0	6847064.0
GRASO_156	GRASO_156.markdup.sorted.bam	22645507.0	53303368.0	36423062.0	10160084.0	31389.0	0.0	0.89	10160084.0	4198051.0	2490782.0	2476498.0
GRASO_157	GRASO_157.markdup.sorted.bam	33888676.0	60330847.0	32445171.0	12703954.0	36685.0	0.0	0.75	12703954.0	10166559.0	4978478.0	2958260.0
GRASO_158	GRASO_158.markdup.sorted.bam	29833344.0	53207299.0	29386265.0	13313941.0	34314.0	0.0	0.84	13313941.0	6826004.0	3646775.0	3090230.0
GRASO_159	GRASO_159.markdup.sorted.bam	67955476.0	129069174.0	74317046.0	28510182.0	106775.0	0.0	0.77	28510182.0	16936897.0	9198274.0	6490354.0
GRASO_160	GRASO_160.markdup.sorted.bam	48141970.0	80251025.0	40192734.0	22450013.0	72216.0	0.0	0.73	22450013.0	10875094.0	6660968.0	5299476.0
GRASO_161	GRASO_161.markdup.sorted.bam	32482438.0	57462349.0	30770692.0	12921808.0	32852.0	0.0	0.74	12921808.0	8751951.0	4985046.0	3300590.0
GRASO_162	GRASO_162.markdup.sorted.bam	50082505.0	85605501.0	44152938.0	22139252.0	64034.0	0.0	0.69	22139252.0	12037005.0	7212272.0	4973753.0
GRASO_163	GRASO_163.markdup.sorted.bam	33649430.0	58868087.0	31648551.0	15951241.0	44144.0	0.0	0.64	15951241.0	6634265.0	4589886.0	3465132.0
GRASO_164	GRASO_164.markdup.sorted.bam	27937732.0	50055298.0	27223387.0	12651392.0	32751.0	0.0	0.75	12651392.0	6269495.0	3878273.0	2794668.0
GRASO_165	GRASO_165.markdup.sorted.bam	44510990.0	78905781.0	42333383.0	21009353.0	64992.0	0.0	0.75	21009353.0	9602070.0	5895983.0	4540526.0
GRASO_166	GRASO_166.markdup.sorted.bam	34563295.0	58610649.0	30067107.0	15229170.0	52313.0	0.0	0.73	15229170.0	8428393.0	4833666.0	3253902.0
GRASO_167	GRASO_167.markdup.sorted.bam	28048362.0	53094773.0	30621289.0	10656845.0	33032.0	0.0	0.72	10656845.0	7548852.0	4234755.0	2239750.0
GRASO_168	GRASO_168.markdup.sorted.bam	37513837.0	87968190.0	59751777.0	15327083.0	54618.0	0.0	0.85	15327083.0	7875343.0	4959369.0	3852656.0
GRASO_169	GRASO_169.markdup.sorted.bam	33173168.0	121872747.0	105817468.0	8401476.0	35657.0	0.0	1.09	8401476.0	4453062.0	3165084.0	2537851.0
GRASO_170	GRASO_170.markdup.sorted.bam	37705178.0	68866394.0	37816103.0	15611722.0	62014.0	0.0	0.72	15611722.0	10004114.0	5372441.0	3577926.0
GRASO_171	GRASO_171.markdup.sorted.bam	40288308.0	64009159.0	29445100.0	17080629.0	63315.0	0.0	0.74	17080629.0	11456430.0	5963685.0	3941877.0
GRASO_172	GRASO_172.markdup.sorted.bam	24041412.0	39670694.0	19665497.0	10833596.0	34223.0	0.0	0.69	10833596.0	5547118.0	3590260.0	2456155.0
GRASO_173	GRASO_173.markdup.sorted.bam	20253789.0	36913138.0	20212334.0	8676861.0	26611.0	0.0	0.76	8676861.0	5022109.0	2975223.0	1794560.0
GRASO_174	GRASO_174.markdup.sorted.bam	22372261.0	32743109.0	13292035.0	10307191.0	40355.0	0.0	0.58	10307191.0	5862630.0	3240898.0	2327586.0
GRASO_175	GRASO_175.markdup.sorted.bam	27619111.0	56183686.0	34185939.0	11703475.0	35278.0	0.0	0.72	11703475.0	6480460.0	3778534.0	2616429.0
GRASO_176	GRASO_176.markdup.sorted.bam	25787012.0	54942527.0	35115934.0	10990906.0	44826.0	0.0	0.67	10990906.0	5612868.0	3177993.0	2576271.0
GRASO_177	GRASO_177.markdup.sorted.bam	21316210.0	37478424.0	19888411.0	8575446.0	33610.0	0.0	0.65	8575446.0	5951050.0	3029907.0	2060123.0
GRASO_178	GRASO_178.markdup.sorted.bam	36128468.0	56491240.0	25721092.0	13953679.0	47648.0	0.0	0.68	13953679.0	11302584.0	5466237.0	3296429.0
GRASO_179	GRASO_179.markdup.sorted.bam	49234343.0	81359102.0	39173573.0	13971488.0	33234.0	0.0	0.83	13971488.0	20558179.0	7622628.0	3833478.0
GRASO_180	GRASO_180.markdup.sorted.bam	37104681.0	69985415.0	39486061.0	14010701.0	46952.0	0.0	0.76	14010701.0	11103047.0	5338654.0	3334826.0
HIGADO_01	HIGADO_01.markdup.sorted.bam	25870911.0	49682397.0	29430747.0	13525388.0	36161.0	0.0	0.7	13525388.0	4554421.0	2135680.0	3701199.0
HIGADO_02	HIGADO_02.markdup.sorted.bam	39091276.0	76185617.0	46249965.0	20283324.0	66174.0	0.0	0.69	20283324.0	6637208.0	2948946.0	5513012.0
HIGADO_03	HIGADO_03.markdup.sorted.bam	33530351.0	66228769.0	40519779.0	17464406.0	54127.0	0.0	0.62	17464406.0	5743608.0	2446849.0	4852349.0
HIGADO_04	HIGADO_04.markdup.sorted.bam	30745422.0	68662016.0	46393956.0	14468754.0	48292.0	0.0	0.68	14468754.0	5257140.0	2493874.0	4067354.0
HIGADO_05	HIGADO_05.markdup.sorted.bam	31123031.0	51094172.0	25570840.0	17360510.0	55414.0	0.0	0.66	17360510.0	5727403.0	2380005.0	4730306.0
HIGADO_06	HIGADO_06.markdup.sorted.bam	34276517.0	68263972.0	42092802.0	17733571.0	52547.0	0.0	0.74	17733571.0	5870199.0	2514853.0	4963328.0
HIGADO_07	HIGADO_07.markdup.sorted.bam	48615229.0	100671023.0	64096405.0	25041703.0	71930.0	0.0	0.68	25041703.0	7980894.0	3480091.0	6860104.0
HIGADO_08	HIGADO_08.markdup.sorted.bam	37842197.0	86221255.0	59365155.0	18305587.0	59037.0	0.0	0.67	18305587.0	5727961.0	2763515.0	4786814.0
HIGADO_09	HIGADO_09.markdup.sorted.bam	29621716.0	63811060.0	42554467.0	13595294.0	35062.0	0.0	0.73	13595294.0	5062914.0	2563323.0	3853025.0
HIGADO_10	HIGADO_10.markdup.sorted.bam	36441380.0	82893508.0	57144615.0	16347968.0	48050.0	0.0	0.69	16347968.0	6206341.0	3146534.0	4729838.0
HIGADO_11	HIGADO_11.markdup.sorted.bam	42877044.0	93790700.0	62716419.0	20426749.0	57817.0	0.0	0.67	20426749.0	6709237.0	3880478.0	5453734.0
HIGADO_12	HIGADO_12.markdup.sorted.bam	40425618.0	91985027.0	63250945.0	18735771.0	57120.0	0.0	0.68	18735771.0	6661968.0	3279223.0	5416625.0
HIGADO_13	HIGADO_13.markdup.sorted.bam	55708132.0	115399360.0	73445557.0	28273378.0	74350.0	0.0	0.65	28273378.0	9095942.0	4510133.0	8036542.0
HIGADO_14	HIGADO_14.markdup.sorted.bam	53011303.0	110612217.0	71231557.0	26633404.0	76316.0	0.0	0.67	26633404.0	8889050.0	3781890.0	7972745.0
HIGADO_15	HIGADO_15.markdup.sorted.bam	51823612.0	114670815.0	76520308.0	26155845.0	83398.0	0.0	0.66	26155845.0	8082343.0	3828921.0	7251086.0
HIGADO_16	HIGADO_16.markdup.sorted.bam	31733544.0	77525484.0	55400123.0	15118629.0	46941.0	0.0	0.69	15118629.0	4796066.0	2163725.0	4236463.0
HIGADO_17	HIGADO_17.markdup.sorted.bam	46676136.0	92561317.0	57340776.0	23901442.0	70365.0	0.0	0.69	23901442.0	7758829.0	3489905.0	6518593.0
HIGADO_18	HIGADO_18.markdup.sorted.bam	58323176.0	141860888.0	101188061.0	27708094.0	83675.0	0.0	0.64	27708094.0	8501634.0	4379424.0	7178169.0
HIGADO_19	HIGADO_19.markdup.sorted.bam	44064168.0	85461953.0	51364721.0	22840306.0	60345.0	0.0	0.63	22840306.0	7532439.0	3664142.0	6482590.0
HIGADO_20	HIGADO_20.markdup.sorted.bam	29910051.0	60663753.0	38121865.0	15131245.0	37947.0	0.0	0.65	15131245.0	4894191.0	2478505.0	4176209.0
HIGADO_21	HIGADO_21.markdup.sorted.bam	70759548.0	145900830.0	92970239.0	35435165.0	101536.0	0.0	0.69	35435165.0	11925115.0	5468775.0	9849841.0
HIGADO_22	HIGADO_22.markdup.sorted.bam	19929310.0	40809999.0	25734099.0	9849265.0	25827.0	0.0	0.72	9849265.0	3650836.0	1549972.0	3136471.0
HIGADO_23	HIGADO_23.markdup.sorted.bam	44011946.0	88296513.0	55100115.0	22042892.0	63706.0	0.0	0.62	22042892.0	7454083.0	3635717.0	6149215.0
HIGADO_24	HIGADO_24.markdup.sorted.bam	46371239.0	102999413.0	68888932.0	23330000.0	77973.0	0.0	0.64	23330000.0	7477019.0	3225489.0	6620856.0
HIGADO_25	HIGADO_25.markdup.sorted.bam	19008141.0	31567882.0	16005098.0	10652767.0	31330.0	0.0	0.66	10652767.0	3465135.0	1413552.0	2948051.0
HIGADO_26	HIGADO_26.markdup.sorted.bam	26730652.0	45077973.0	23270788.0	15078126.0	44440.0	0.0	0.61	15078126.0	4496735.0	2187884.0	3716367.0
HIGADO_27	HIGADO_27.markdup.sorted.bam	39601720.0	62114157.0	29078401.0	22694934.0	75401.0	0.0	0.65	22694934.0	7135726.0	3129695.0	5988568.0
HIGADO_28	HIGADO_28.markdup.sorted.bam	24594074.0	39240543.0	18550098.0	14165100.0	40657.0	0.0	0.63	14165100.0	4637076.0	1847612.0	3973893.0
HIGADO_29	HIGADO_29.markdup.sorted.bam	26066710.0	50438458.0	30121725.0	13747204.0	38727.0	0.0	0.62	13747204.0	4467597.0	2063205.0	3709625.0
HIGADO_30	HIGADO_30.markdup.sorted.bam	33088415.0	60398512.0	33847586.0	17809684.0	41013.0	0.0	0.63	17809684.0	6024195.0	2676034.0	5012734.0
HIGADO_31	HIGADO_31.markdup.sorted.bam	25096730.0	47458744.0	27916131.0	13134718.0	41943.0	0.0	0.61	13134718.0	4326419.0	2039533.0	3537206.0
HIGADO_32	HIGADO_32.markdup.sorted.bam	25601096.0	43013000.0	22042305.0	14163419.0	46126.0	0.0	0.67	14163419.0	4732587.0	2028563.0	3984906.0
HIGADO_33	HIGADO_33.markdup.sorted.bam	30592244.0	60498631.0	36732624.0	16180535.0	38406.0	0.0	0.64	16180535.0	5322529.0	2224537.0	4591994.0
HIGADO_34	HIGADO_34.markdup.sorted.bam	55814841.0	109422705.0	66001053.0	29006375.0	100556.0	0.0	0.66	29006375.0	10060290.0	4254431.0	7895064.0
HIGADO_35	HIGADO_35.markdup.sorted.bam	27670244.0	59950462.0	39689249.0	13460811.0	39188.0	0.0	0.68	13460811.0	4384572.0	2376642.0	3670393.0
HIGADO_36	HIGADO_36.markdup.sorted.bam	35949781.0	70394248.0	42224134.0	18803221.0	52593.0	0.0	0.62	18803221.0	6382295.0	2932005.0	5323169.0
HIGADO_37	HIGADO_37.markdup.sorted.bam	27097043.0	47191689.0	25137767.0	14332477.0	43595.0	0.0	0.61	14332477.0	5392409.0	2285441.0	4035751.0
HIGADO_38	HIGADO_38.markdup.sorted.bam	26543542.0	47164503.0	25572891.0	14443428.0	41083.0	0.0	0.62	14443428.0	4890329.0	2216772.0	4151101.0
HIGADO_39	HIGADO_39.markdup.sorted.bam	32500999.0	60938622.0	35673499.0	17206327.0	53994.0	0.0	0.62	17206327.0	5179216.0	2825586.0	4375512.0
HIGADO_40	HIGADO_40.markdup.sorted.bam	28483515.0	54750750.0	32782723.0	14741265.0	41285.0	0.0	0.6	14741265.0	4666943.0	2518534.0	3843730.0
HIGADO_41	HIGADO_41.markdup.sorted.bam	45115175.0	97452808.0	64086436.0	22251456.0	61202.0	0.0	0.66	22251456.0	7614250.0	3439464.0	5997917.0
HIGADO_42	HIGADO_42.markdup.sorted.bam	43254007.0	86011747.0	53065261.0	21723293.0	78828.0	0.0	0.7	21723293.0	7863826.0	3280539.0	6157823.0
HIGADO_43	HIGADO_43.markdup.sorted.bam	40650769.0	78885999.0	47311959.0	21730551.0	73278.0	0.0	0.74	21730551.0	6775305.0	2994906.0	5758463.0
HIGADO_44	HIGADO_44.markdup.sorted.bam	28690380.0	57440474.0	35351308.0	15263584.0	49249.0	0.0	0.67	15263584.0	4636602.0	2139731.0	3957300.0
HIGADO_45	HIGADO_45.markdup.sorted.bam	37914414.0	90400408.0	63998963.0	17767951.0	51777.0	0.0	0.67	17767951.0	5880971.0	2700746.0	4827280.0
HIGADO_46	HIGADO_46.markdup.sorted.bam	27291904.0	55273059.0	34282766.0	14493481.0	45630.0	0.0	0.68	14493481.0	4610547.0	1840635.0	4179749.0
HIGADO_47	HIGADO_47.markdup.sorted.bam	24079217.0	56591761.0	39440148.0	11449459.0	30608.0	0.0	0.6	11449459.0	3812156.0	1859390.0	3220136.0
HIGADO_48	HIGADO_48.markdup.sorted.bam	31597728.0	85785898.0	65176428.0	12959345.0	31037.0	0.0	0.62	12959345.0	4936509.0	2682579.0	3682021.0
HIGADO_49	HIGADO_49.markdup.sorted.bam	51666102.0	111672937.0	73919569.0	25423919.0	81866.0	0.0	0.69	25423919.0	8464276.0	3783307.0	7634643.0
HIGADO_50	HIGADO_50.markdup.sorted.bam	30939343.0	66770234.0	43524767.0	15648970.0	43169.0	0.0	0.71	15648970.0	5207247.0	2346081.0	4453999.0
HIGADO_51	HIGADO_51.markdup.sorted.bam	29047636.0	60594507.0	38589560.0	13709587.0	36479.0	0.0	0.72	13709587.0	5853956.0	2404925.0	4056464.0
HIGADO_52	HIGADO_52.markdup.sorted.bam	39148395.0	91963938.0	64043631.0	18217703.0	58040.0	0.0	0.67	18217703.0	6617936.0	3026628.0	5249880.0
HIGADO_53	HIGADO_53.markdup.sorted.bam	26868406.0	59606381.0	39794067.0	12954356.0	35262.0	0.0	0.66	12954356.0	4638161.0	2184535.0	3707870.0
HIGADO_54	HIGADO_54.markdup.sorted.bam	30697364.0	55867061.0	31172535.0	16869087.0	52408.0	0.0	0.71	16869087.0	5681291.0	2091740.0	5031904.0
HIGADO_55	HIGADO_55.markdup.sorted.bam	26906000.0	61873593.0	42910370.0	12917300.0	38479.0	0.0	0.66	12917300.0	4153293.0	1854151.0	3534315.0
HIGADO_56	HIGADO_56.markdup.sorted.bam	25038856.0	61336154.0	43978736.0	11468028.0	33708.0	0.0	0.68	11468028.0	3946151.0	1909531.0	3306854.0
HIGADO_57	HIGADO_57.markdup.sorted.bam	35420255.0	99137242.0	76995099.0	14695741.0	47041.0	0.0	0.74	14695741.0	4825063.0	2574298.0	4171790.0
HIGADO_58	HIGADO_58.markdup.sorted.bam	28741732.0	61933927.0	40604810.0	14510012.0	45898.0	0.0	0.72	14510012.0	4750516.0	2022691.0	4032492.0
HIGADO_59	HIGADO_59.markdup.sorted.bam	29218932.0	57270969.0	34932425.0	15324940.0	43868.0	0.0	0.75	15324940.0	5034743.0	1934993.0	4463669.0
HIGADO_60	HIGADO_60.markdup.sorted.bam	29000696.0	74820103.0	55255121.0	12673651.0	38191.0	0.0	0.7	12673651.0	4574463.0	2278677.0	3580497.0
MUSCULO_100	MUSCULO_100.markdup.sorted.bam	73943808.0	144074977.0	85633624.0	36572825.0	28440.0	0.0	0.74	36572825.0	9921915.0	11918173.0	8427942.0
MUSCULO_101	MUSCULO_101.markdup.sorted.bam	39941691.0	67049833.0	33481350.0	20202182.0	15872.0	0.0	0.76	20202182.0	5403580.0	7946849.0	4657331.0
MUSCULO_102	MUSCULO_102.markdup.sorted.bam	20067481.0	36111275.0	19776056.0	10365568.0	8568.0	0.0	0.77	10365568.0	2736665.0	3224418.0	2384878.0
MUSCULO_103	MUSCULO_103.markdup.sorted.bam	22802088.0	50074315.0	33166423.0	10019594.0	9040.0	0.0	0.72	10019594.0	2821269.0	4057989.0	2361284.0
MUSCULO_104	MUSCULO_104.markdup.sorted.bam	33631629.0	59258643.0	31142119.0	16223142.0	16278.0	0.0	0.79	16223142.0	5012965.0	6864139.0	4008736.0
MUSCULO_105	MUSCULO_105.markdup.sorted.bam	31451099.0	64133548.0	39335191.0	15136053.0	13192.0	0.0	0.8	15136053.0	4690300.0	4958812.0	3991955.0
MUSCULO_106	MUSCULO_106.markdup.sorted.bam	24814990.0	55034660.0	36787569.0	11396164.0	10676.0	0.0	0.81	11396164.0	3307637.0	3532614.0	2691565.0
MUSCULO_107	MUSCULO_107.markdup.sorted.bam	33435677.0	61157309.0	33725000.0	16666374.0	16711.0	0.0	0.79	16666374.0	5162971.0	5586253.0	4126320.0
MUSCULO_108	MUSCULO_108.markdup.sorted.bam	51269431.0	90415207.0	49112268.0	25643583.0	20891.0	0.0	0.78	25643583.0	6865016.0	8773449.0	5721695.0
MUSCULO_109	MUSCULO_109.markdup.sorted.bam	25484830.0	42403241.0	21134408.0	13069570.0	12048.0	0.0	0.77	13069570.0	3466322.0	4720893.0	3089107.0
MUSCULO_110	MUSCULO_110.markdup.sorted.bam	25594306.0	52140657.0	32243919.0	12131365.0	11931.0	0.0	0.79	12131365.0	3908127.0	3845315.0	3031489.0
MUSCULO_111	MUSCULO_111.markdup.sorted.bam	23965167.0	49218726.0	30473127.0	11463492.0	12514.0	0.0	0.8	11463492.0	3579042.0	3690551.0	2842942.0
MUSCULO_112	MUSCULO_112.markdup.sorted.bam	31921623.0	56700196.0	30281123.0	16126313.0	15934.0	0.0	0.83	16126313.0	4957668.0	5319158.0	4256382.0
MUSCULO_113	MUSCULO_113.markdup.sorted.bam	33182200.0	47215311.0	18032300.0	16182458.0	19152.0	0.0	0.75	16182458.0	6693651.0	6287750.0	3899965.0
MUSCULO_114	MUSCULO_114.markdup.sorted.bam	31992884.0	54360167.0	28462133.0	16126302.0	14318.0	0.0	0.72	16126302.0	4633644.0	5123770.0	3470261.0
MUSCULO_115	MUSCULO_115.markdup.sorted.bam	41582190.0	65932582.0	30659473.0	20532834.0	19001.0	0.0	0.78	20532834.0	6987668.0	7733606.0	4674151.0
MUSCULO_116	MUSCULO_116.markdup.sorted.bam	63027437.0	132136351.0	84315546.0	31142729.0	25326.0	0.0	0.79	31142729.0	7738514.0	8914236.0	6705509.0
MUSCULO_117	MUSCULO_117.markdup.sorted.bam	23008511.0	38470447.0	19428059.0	12343548.0	10258.0	0.0	0.81	12343548.0	3493219.0	3195363.0	2814702.0
MUSCULO_118	MUSCULO_118.markdup.sorted.bam	33489571.0	60845865.0	33695512.0	16337412.0	15790.0	0.0	0.82	16337412.0	4615750.0	6181401.0	3965699.0
MUSCULO_119	MUSCULO_119.markdup.sorted.bam	29937121.0	67329551.0	45429891.0	13949376.0	11578.0	0.0	0.79	13949376.0	3973304.0	3965402.0	3142881.0
MUSCULO_120	MUSCULO_120.markdup.sorted.bam	29536986.0	50742600.0	25852717.0	15121430.0	16418.0	0.0	0.84	15121430.0	4898682.0	4853353.0	3931149.0
MUSCULO_61	MUSCULO_61.markdup.sorted.bam	43938082.0	92193031.0	58337249.0	20815886.0	20049.0	0.0	0.76	20815886.0	5810434.0	7209413.0	4925424.0
MUSCULO_62	MUSCULO_62.markdup.sorted.bam	56562039.0	88752868.0	40158865.0	28501449.0	25765.0	0.0	0.78	28501449.0	8550514.0	11516275.0	7041695.0
MUSCULO_63	MUSCULO_63.markdup.sorted.bam	47985848.0	91610783.0	53584573.0	23195048.0	21676.0	0.0	0.72	23195048.0	6477820.0	8331666.0	5566976.0
MUSCULO_64	MUSCULO_64.markdup.sorted.bam	28339277.0	56377149.0	34125936.0	13826045.0	11719.0	0.0	0.72	13826045.0	3439704.0	4973745.0	3138522.0
MUSCULO_65	MUSCULO_65.markdup.sorted.bam	22847154.0	41809924.0	23273924.0	10994190.0	9501.0	0.0	0.77	10994190.0	3011076.0	4521233.0	2421960.0
MUSCULO_66	MUSCULO_66.markdup.sorted.bam	22558039.0	34140926.0	14785036.0	11492421.0	12147.0	0.0	0.83	11492421.0	3615069.0	4236253.0	2641160.0
MUSCULO_67	MUSCULO_67.markdup.sorted.bam	25119456.0	45212310.0	24840094.0	12899977.0	9873.0	0.0	0.71	12899977.0	3013617.0	4448749.0	2681938.0
MUSCULO_68	MUSCULO_68.markdup.sorted.bam	22456975.0	38877486.0	20201368.0	11149018.0	9630.0	0.0	0.75	11149018.0	3309571.0	4207899.0	2656157.0
MUSCULO_69	MUSCULO_69.markdup.sorted.bam	23343020.0	40232757.0	20987672.0	11431812.0	9009.0	0.0	0.74	11431812.0	3465729.0	4338535.0	2446958.0
MUSCULO_70	MUSCULO_70.markdup.sorted.bam	25263052.0	46529581.0	26217210.0	12763879.0	10539.0	0.0	0.8	12763879.0	3222767.0	4315186.0	2838716.0
MUSCULO_71	MUSCULO_71.markdup.sorted.bam	25244564.0	41951298.0	20736662.0	13000727.0	12200.0	0.0	0.75	13000727.0	3744379.0	4457330.0	2996427.0
MUSCULO_72	MUSCULO_72.markdup.sorted.bam	17521825.0	32744525.0	18718847.0	8639334.0	6849.0	0.0	0.75	8639334.0	2283056.0	3096439.0	1839014.0
MUSCULO_73	MUSCULO_73.markdup.sorted.bam	35809576.0	72929298.0	44777117.0	16324853.0	16075.0	0.0	0.78	16324853.0	4917116.0	6894137.0	4083285.0
MUSCULO_74	MUSCULO_74.markdup.sorted.bam	36097189.0	55852435.0	25284515.0	18332438.0	15701.0	0.0	0.78	18332438.0	5501216.0	6718565.0	4293175.0
MUSCULO_75	MUSCULO_75.markdup.sorted.bam	29919875.0	46010765.0	20523312.0	16281210.0	13583.0	0.0	0.78	16281210.0	4403092.0	4789568.0	3673046.0
MUSCULO_76	MUSCULO_76.markdup.sorted.bam	28464735.0	40208221.0	15533791.0	15236116.0	16348.0	0.0	0.79	15236116.0	4848288.0	4573678.0	3429504.0
MUSCULO_77	MUSCULO_77.markdup.sorted.bam	56269422.0	90254009.0	42383917.0	27179491.0	25407.0	0.0	0.77	27179491.0	9042075.0	11623119.0	6776713.0
MUSCULO_78	MUSCULO_78.markdup.sorted.bam	47702265.0	95423741.0	58536391.0	22732978.0	21246.0	0.0	0.74	22732978.0	6510567.0	7622559.0	5641953.0
MUSCULO_79	MUSCULO_79.markdup.sorted.bam	36246543.0	62852516.0	32899675.0	17796368.0	16316.0	0.0	0.76	17796368.0	5568851.0	6571306.0	4506251.0
MUSCULO_80	MUSCULO_80.markdup.sorted.bam	27478819.0	52427862.0	30481940.0	12886616.0	11410.0	0.0	0.78	12886616.0	3836907.0	5210989.0	3023860.0
MUSCULO_81	MUSCULO_81.markdup.sorted.bam	25986067.0	50231807.0	29516586.0	13180868.0	12820.0	0.0	0.82	13180868.0	3630686.0	3890847.0	3185357.0
MUSCULO_82	MUSCULO_82.markdup.sorted.bam	38398774.0	55568427.0	21830271.0	18074597.0	15927.0	0.0	0.81	18074597.0	6179157.0	9468475.0	4542757.0
MUSCULO_83	MUSCULO_83.markdup.sorted.bam	47282436.0	96489851.0	60321327.0	22389826.0	22729.0	0.0	0.81	22389826.0	6380815.0	7375154.0	5428463.0
MUSCULO_84	MUSCULO_84.markdup.sorted.bam	35780827.0	52439416.0	21777087.0	19563864.0	17364.0	0.0	0.75	19563864.0	5732526.0	5348575.0	4533313.0
MUSCULO_85	MUSCULO_85.markdup.sorted.bam	36057904.0	60050202.0	30078853.0	18415029.0	16320.0	0.0	0.78	18415029.0	5056016.0	6483984.0	4325680.0
MUSCULO_86	MUSCULO_86.markdup.sorted.bam	31295939.0	68895871.0	45484542.0	13751685.0	12861.0	0.0	0.78	13751685.0	3984639.0	5662144.0	3483161.0
MUSCULO_87	MUSCULO_87.markdup.sorted.bam	33975640.0	65326407.0	38225715.0	16651548.0	14288.0	0.0	0.78	16651548.0	4748725.0	5686131.0	3801902.0
MUSCULO_88	MUSCULO_88.markdup.sorted.bam	42469550.0	87232737.0	53667426.0	19286613.0	17629.0	0.0	0.85	19286613.0	6522322.0	7738747.0	4989688.0
MUSCULO_89	MUSCULO_89.markdup.sorted.bam	25851052.0	34911753.0	12723710.0	14228249.0	10190.0	0.0	0.74	14228249.0	3612350.0	4337254.0	3029206.0
MUSCULO_90	MUSCULO_90.markdup.sorted.bam	82250863.0	135865904.0	66954478.0	41764968.0	35223.0	0.0	0.79	41764968.0	11428684.0	15682551.0	9830308.0
MUSCULO_91	MUSCULO_91.markdup.sorted.bam	37471584.0	64499999.0	33410413.0	19662329.0	18999.0	0.0	0.78	19662329.0	6171444.0	5236814.0	4726624.0
MUSCULO_92	MUSCULO_92.markdup.sorted.bam	42598129.0	58327687.0	20649141.0	20876496.0	19520.0	0.0	0.8	20876496.0	7673727.0	9108803.0	5313797.0
MUSCULO_93	MUSCULO_93.markdup.sorted.bam	38665636.0	65053172.0	32766437.0	18715799.0	15587.0	0.0	0.75	18715799.0	5145547.0	8409802.0	4421291.0
MUSCULO_94	MUSCULO_94.markdup.sorted.bam	29430478.0	58621439.0	35266401.0	14098858.0	11885.0	0.0	0.81	14098858.0	3977609.0	5266686.0	3271800.0
MUSCULO_95	MUSCULO_95.markdup.sorted.bam	42847365.0	76713317.0	41910774.0	21977501.0	17842.0	0.0	0.76	21977501.0	5739899.0	7067301.0	4790630.0
MUSCULO_96	MUSCULO_96.markdup.sorted.bam	35462080.0	60877937.0	30946310.0	15222233.0	17081.0	0.0	0.81	15222233.0	7333660.0	7358653.0	3757926.0
MUSCULO_97	MUSCULO_97.markdup.sorted.bam	25786518.0	82906933.0	68134021.0	8673334.0	11077.0	0.0	0.74	8673334.0	2929507.0	3158994.0	2485345.0
MUSCULO_98	MUSCULO_98.markdup.sorted.bam	45412472.0	64970079.0	24861760.0	19343317.0	20244.0	0.0	0.81	19343317.0	10039485.0	10705273.0	5333419.0
MUSCULO_99	MUSCULO_99.markdup.sorted.bam	42140670.0	80886966.0	46962273.0	21374214.0	19251.0	0.0	0.81	21374214.0	6161740.0	6369488.0	5272324.0
