Sample	5.0	10.0	15.0	20.0	25.0	30.0	35.0	40.0	45.0	50.0	55.0	60.0	65.0	70.0	75.0	80.0	85.0	90.0	95.0	100.0
GRASO_121	60975.0	90379.0	107840.0	119602.0	128386.0	135395.0	141193.0	146203.0	150695.0	154714.0	158201.0	161464.0	164565.0	167345.0	170067.0	172701.0	175203.0	177637.0	179875.0	182113.0
GRASO_122	65501.0	94195.0	111027.0	122109.0	130500.0	137104.0	142647.0	147346.0	151499.0	155283.0	158720.0	161949.0	165078.0	167896.0	170567.0	173266.0	175683.0	178161.0	180432.0	182626.0
GRASO_123	57842.0	85156.0	101269.0	111981.0	120111.0	126476.0	131766.0	136382.0	140329.0	143902.0	147166.0	150134.0	152941.0	155626.0	158090.0	160450.0	162692.0	164764.0	166794.0	168751.0
GRASO_124	36196.0	57802.0	72836.0	84021.0	92953.0	100296.0	106561.0	112062.0	116860.0	121108.0	124992.0	128418.0	131672.0	134787.0	137588.0	140239.0	142698.0	145150.0	147405.0	149578.0
GRASO_125	68138.0	97989.0	115018.0	126420.0	134968.0	141638.0	147465.0	152391.0	156875.0	160927.0	164550.0	168067.0	171334.0	174382.0	177296.0	180105.0	182838.0	185359.0	187791.0	190219.0
GRASO_126	61086.0	89661.0	106539.0	117825.0	126252.0	132965.0	138471.0	143253.0	147603.0	151384.0	154835.0	157988.0	160973.0	163855.0	166634.0	169248.0	171745.0	174158.0	176435.0	178608.0
GRASO_127	71709.0	101064.0	117323.0	128130.0	136339.0	142722.0	148179.0	152911.0	157252.0	161241.0	164962.0	168493.0	171553.0	174574.0	177459.0	180236.0	182923.0	185431.0	187900.0	190310.0
GRASO_128	60493.0	89511.0	106607.0	118172.0	126832.0	133609.0	139384.0	144234.0	148590.0	152634.0	156197.0	159520.0	162680.0	165638.0	168398.0	171035.0	173501.0	175928.0	178262.0	180463.0
GRASO_129	19092.0	31649.0	41197.0	48981.0	55530.0	61184.0	66264.0	70860.0	75052.0	78862.0	82430.0	85796.0	88944.0	91891.0	94670.0	97415.0	99934.0	102365.0	104718.0	106846.0
GRASO_130	67118.0	95406.0	111355.0	121946.0	129876.0	136333.0	141611.0	146190.0	150337.0	154067.0	157527.0	160674.0	163498.0	166207.0	168900.0	171473.0	173928.0	176240.0	178356.0	180464.0
GRASO_131	66685.0	94395.0	109962.0	120472.0	128376.0	134570.0	139775.0	144230.0	148136.0	151792.0	155122.0	158189.0	161089.0	163809.0	166301.0	168789.0	171046.0	173215.0	175363.0	177498.0
GRASO_132	59425.0	86351.0	102190.0	112890.0	120883.0	127170.0	132429.0	136815.0	140715.0	144224.0	147445.0	150458.0	153134.0	155745.0	158116.0	160347.0	162461.0	164485.0	166461.0	168328.0
GRASO_133	62813.0	89875.0	105375.0	115815.0	123481.0	129593.0	134588.0	138936.0	142888.0	146291.0	149379.0	152273.0	154939.0	157530.0	159949.0	162283.0	164436.0	166572.0	168530.0	170379.0
GRASO_134	44671.0	68366.0	83423.0	94128.0	102267.0	108767.0	114282.0	119014.0	123012.0	126462.0	129689.0	132611.0	135259.0	137760.0	140099.0	142305.0	144365.0	146246.0	148123.0	149817.0
GRASO_135	43755.0	68013.0	83709.0	94864.0	103483.0	110536.0	116376.0	121206.0	125504.0	129306.0	132678.0	135822.0	138728.0	141382.0	143829.0	146185.0	148372.0	150439.0	152439.0	154400.0
GRASO_136	59752.0	87569.0	104111.0	115415.0	123739.0	130495.0	135891.0	140437.0	144532.0	148155.0	151484.0	154519.0	157308.0	160061.0	162603.0	165037.0	167263.0	169414.0	171579.0	173565.0
GRASO_137	27004.0	44809.0	57880.0	68037.0	76493.0	83580.0	89524.0	94765.0	99331.0	103502.0	107302.0	110734.0	114000.0	116920.0	119672.0	122212.0	124541.0	126807.0	128991.0	131145.0
GRASO_138	56550.0	83937.0	100353.0	111710.0	120024.0	126700.0	132295.0	137022.0	141177.0	144941.0	148284.0	151425.0	154292.0	157047.0	159564.0	161994.0	164277.0	166533.0	168669.0	170679.0
GRASO_139	42477.0	66554.0	82970.0	94873.0	103934.0	111374.0	117498.0	122691.0	127307.0	131467.0	135225.0	138554.0	141644.0	144558.0	147335.0	149899.0	152284.0	154566.0	156824.0	158908.0
GRASO_140	62194.0	90522.0	107249.0	118631.0	126929.0	133428.0	139016.0	143862.0	148046.0	151916.0	155487.0	158714.0	161682.0	164499.0	167217.0	169757.0	172200.0	174597.0	176931.0	179126.0
GRASO_141	55654.0	82932.0	99427.0	110858.0	119484.0	126275.0	132080.0	136873.0	141139.0	145052.0	148580.0	151771.0	154802.0	157661.0	160282.0	162770.0	165242.0	167589.0	169814.0	171876.0
GRASO_142	63570.0	92222.0	108754.0	119920.0	128192.0	134597.0	140169.0	144700.0	148797.0	152494.0	155853.0	159066.0	161990.0	164726.0	167217.0	169731.0	172102.0	174330.0	176495.0	178598.0
GRASO_143	24119.0	39663.0	51231.0	60395.0	68065.0	74541.0	80235.0	85305.0	89743.0	93887.0	97659.0	101112.0	104309.0	107280.0	110025.0	112699.0	115169.0	117500.0	119867.0	121958.0
GRASO_144	18986.0	32353.0	42692.0	51068.0	58139.0	64207.0	69636.0	74452.0	78677.0	82640.0	86328.0	89555.0	92603.0	95431.0	98075.0	100533.0	102916.0	105319.0	107448.0	109501.0
GRASO_145	100719.0	132966.0	150791.0	163312.0	173439.0	182013.0	189730.0	196689.0	203131.0	209050.0	214686.0	220029.0	225161.0	230076.0	234782.0	239360.0	243778.0	247985.0	252149.0	256093.0
GRASO_146	45138.0	69234.0	84804.0	95936.0	104338.0	111249.0	116890.0	121769.0	126083.0	129930.0	133445.0	136578.0	139602.0	142304.0	144839.0	147301.0	149642.0	151740.0	153892.0	155960.0
GRASO_147	47183.0	71809.0	87319.0	98210.0	106564.0	113257.0	118849.0	123577.0	127742.0	131617.0	135023.0	138179.0	140946.0	143595.0	146062.0	148362.0	150599.0	152740.0	154787.0	156691.0
GRASO_148	56672.0	83240.0	99072.0	109995.0	118150.0	124537.0	129967.0	134517.0	138752.0	142338.0	145686.0	148714.0	151491.0	154164.0	156620.0	158970.0	161196.0	163394.0	165419.0	167402.0
GRASO_149	46603.0	70957.0	86600.0	97417.0	105799.0	112331.0	117657.0	122141.0	126139.0	129710.0	132942.0	135895.0	138514.0	140957.0	143335.0	145451.0	147517.0	149431.0	151358.0	153177.0
GRASO_150	64035.0	92215.0	108630.0	119794.0	128003.0	134771.0	140460.0	145386.0	149731.0	153720.0	157300.0	160712.0	163817.0	166775.0	169534.0	172108.0	174705.0	177124.0	179498.0	181693.0
GRASO_151	53825.0	80058.0	95726.0	106729.0	115113.0	121584.0	127033.0	131651.0	135706.0	139323.0	142665.0	145774.0	148604.0	151240.0	153696.0	156061.0	158355.0	160460.0	162496.0	164427.0
GRASO_152	64376.0	93134.0	109963.0	121227.0	129702.0	136488.0	142023.0	146921.0	151415.0	155468.0	159199.0	162463.0	165477.0	168394.0	171169.0	173775.0	176274.0	178773.0	181030.0	183258.0
GRASO_153	60707.0	89200.0	105891.0	117300.0	125934.0	132679.0	138359.0	143200.0	147559.0	151506.0	155109.0	158402.0	161456.0	164284.0	166930.0	169450.0	171973.0	174301.0	176537.0	178751.0
GRASO_154	28361.0	47191.0	61031.0	71576.0	79963.0	86900.0	92690.0	97527.0	101722.0	105511.0	108911.0	111988.0	114788.0	117293.0	119697.0	121819.0	123884.0	125849.0	127630.0	129337.0
GRASO_155	73060.0	103617.0	120770.0	132316.0	140894.0	147864.0	153585.0	158779.0	163243.0	167477.0	171346.0	174919.0	178316.0	181632.0	184663.0	187584.0	190465.0	193238.0	195864.0	198394.0
GRASO_156	34034.0	53784.0	67346.0	77268.0	85043.0	91370.0	96720.0	101395.0	105421.0	108996.0	112156.0	115129.0	117708.0	120112.0	122428.0	124632.0	126659.0	128498.0	130334.0	132087.0
GRASO_157	48654.0	74062.0	90359.0	101906.0	110621.0	117665.0	123555.0	128570.0	133012.0	136936.0	140458.0	143634.0	146664.0	149447.0	152006.0	154486.0	156801.0	159090.0	161239.0	163193.0
GRASO_158	44209.0	67858.0	82994.0	93917.0	102305.0	109055.0	114592.0	119358.0	123512.0	127210.0	130553.0	133563.0	136369.0	138946.0	141337.0	143755.0	145941.0	148066.0	150001.0	151866.0
GRASO_159	74822.0	104596.0	121089.0	131963.0	140079.0	146655.0	152274.0	157272.0	161750.0	165651.0	169360.0	172862.0	176274.0	179319.0	182224.0	185068.0	187748.0	190342.0	192978.0	195430.0
GRASO_160	65461.0	93609.0	109554.0	120113.0	128011.0	134182.0	139347.0	143889.0	148068.0	151666.0	155073.0	158172.0	161087.0	163832.0	166501.0	168900.0	171286.0	173597.0	175738.0	177830.0
GRASO_161	43314.0	67385.0	83274.0	94696.0	103631.0	110907.0	116978.0	122350.0	127051.0	131174.0	134942.0	138398.0	141631.0	144657.0	147524.0	150225.0	152716.0	155155.0	157417.0	159581.0
GRASO_162	59162.0	86836.0	103274.0	114441.0	122808.0	129371.0	134971.0	139853.0	144172.0	148042.0	151504.0	154685.0	157754.0	160532.0	163128.0	165672.0	168049.0	170400.0	172531.0	174704.0
GRASO_163	49970.0	74745.0	90251.0	100942.0	108968.0	115413.0	120675.0	125170.0	129155.0	132704.0	135847.0	138639.0	141341.0	143785.0	146105.0	148315.0	150407.0	152334.0	154136.0	155957.0
GRASO_164	44446.0	68209.0	83645.0	94691.0	102966.0	109516.0	115181.0	119977.0	124030.0	127607.0	130909.0	133973.0	136786.0	139371.0	141769.0	144038.0	146145.0	148203.0	150141.0	151982.0
GRASO_165	58935.0	86152.0	102068.0	112815.0	120790.0	127225.0	132616.0	137264.0	141379.0	145126.0	148388.0	151469.0	154401.0	157063.0	159549.0	161950.0	164211.0	166370.0	168427.0	170350.0
GRASO_166	51801.0	77557.0	93346.0	104519.0	112826.0	119325.0	124682.0	129334.0	133395.0	137140.0	140347.0	143400.0	146242.0	148906.0	151323.0	153694.0	155894.0	157953.0	159894.0	161741.0
GRASO_167	35722.0	57232.0	72007.0	83116.0	91833.0	98924.0	104864.0	109915.0	114418.0	118343.0	121911.0	125082.0	128137.0	130960.0	133623.0	136080.0	138346.0	140473.0	142616.0	144539.0
GRASO_168	56655.0	83747.0	99947.0	111127.0	119347.0	125849.0	131275.0	135811.0	139839.0	143417.0	146703.0	149681.0	152426.0	155024.0	157412.0	159631.0	161792.0	163983.0	165978.0	167905.0
GRASO_169	27458.0	44019.0	56081.0	65570.0	73545.0	80426.0	86565.0	91929.0	96803.0	101281.0	105204.0	109015.0	112516.0	115834.0	118988.0	122064.0	124915.0	127555.0	130179.0	132619.0
GRASO_170	59086.0	86389.0	102463.0	113388.0	121566.0	127783.0	133105.0	137580.0	141453.0	144961.0	148130.0	151096.0	153891.0	156427.0	158831.0	161078.0	163287.0	165396.0	167385.0	169297.0
GRASO_171	60361.0	87821.0	103798.0	114681.0	122719.0	129098.0	134398.0	138922.0	142829.0	146354.0	149451.0	152414.0	155174.0	157861.0	160414.0	162640.0	164889.0	167004.0	169043.0	171043.0
GRASO_172	41182.0	63888.0	78697.0	89352.0	97528.0	104206.0	109600.0	114176.0	118227.0	121851.0	125061.0	127974.0	130654.0	133171.0	135459.0	137662.0	139694.0	141616.0	143535.0	145297.0
GRASO_173	40834.0	63791.0	79034.0	89860.0	98113.0	104758.0	110320.0	114915.0	118837.0	122473.0	125678.0	128496.0	131209.0	133549.0	135715.0	137762.0	139695.0	141607.0	143345.0	145041.0
GRASO_174	52207.0	77183.0	92436.0	102634.0	110155.0	116075.0	120976.0	125133.0	128592.0	131796.0	134568.0	137082.0	139397.0	141616.0	143694.0	145593.0	147379.0	149083.0	150688.0	152224.0
GRASO_175	43073.0	66346.0	81511.0	92402.0	100671.0	107299.0	112861.0	117692.0	121822.0	125428.0	128679.0	131716.0	134408.0	136981.0	139337.0	141644.0	143858.0	145847.0	147765.0	149618.0
GRASO_176	50914.0	75528.0	90623.0	101161.0	108970.0	115207.0	120365.0	124730.0	128461.0	131733.0	134732.0	137342.0	139806.0	142059.0	144218.0	146198.0	148039.0	149826.0	151548.0	153134.0
GRASO_177	48779.0	73539.0	88629.0	99364.0	106993.0	113177.0	118273.0	122590.0	126247.0	129560.0	132552.0	135166.0	137618.0	139867.0	141915.0	143869.0	145660.0	147398.0	149099.0	150703.0
GRASO_178	58932.0	86535.0	102819.0	114029.0	122286.0	128896.0	134336.0	138939.0	143048.0	146729.0	150093.0	153167.0	155952.0	158638.0	161029.0	163415.0	165683.0	167835.0	169846.0	171808.0
GRASO_179	59843.0	89286.0	107101.0	119326.0	128581.0	135950.0	142101.0	147346.0	152063.0	156369.0	160156.0	163782.0	167138.0	170386.0	173498.0	176407.0	179234.0	181818.0	184406.0	186974.0
GRASO_180	54999.0	82121.0	98576.0	109783.0	118191.0	124840.0	130380.0	135149.0	139307.0	142914.0	146184.0	149225.0	152128.0	154793.0	157231.0	159636.0	161853.0	163948.0	166166.0	168155.0
HIGADO_01	40820.0	61372.0	74316.0	83375.0	90511.0	95944.0	100579.0	104570.0	108100.0	111094.0	113868.0	116313.0	118511.0	120565.0	122407.0	124135.0	125821.0	127401.0	128846.0	130299.0
HIGADO_02	48531.0	70814.0	84234.0	93447.0	100473.0	106132.0	110708.0	114671.0	118108.0	121203.0	123986.0	126519.0	128840.0	130920.0	132862.0	134664.0	136370.0	138075.0	139623.0	141084.0
HIGADO_03	43203.0	64298.0	77633.0	87051.0	94193.0	99908.0	104674.0	108665.0	112201.0	115219.0	118012.0	120556.0	122836.0	124911.0	126822.0	128658.0	130379.0	131999.0	133573.0	135076.0
HIGADO_04	43091.0	64017.0	77366.0	86663.0	93901.0	99670.0	104552.0	108600.0	112171.0	115306.0	118076.0	120619.0	122974.0	125106.0	127143.0	129017.0	130734.0	132349.0	133876.0	135388.0
HIGADO_05	45730.0	67668.0	81091.0	90640.0	97825.0	103450.0	108209.0	112292.0	115784.0	118881.0	121618.0	124203.0	126460.0	128528.0	130547.0	132288.0	133993.0	135630.0	137167.0	138636.0
HIGADO_06	46009.0	67538.0	80844.0	90034.0	97117.0	102701.0	107171.0	111077.0	114363.0	117334.0	120025.0	122482.0	124730.0	126812.0	128766.0	130584.0	132346.0	134030.0	135529.0	137037.0
HIGADO_07	53685.0	76993.0	90824.0	100264.0	107362.0	112834.0	117481.0	121531.0	124989.0	128041.0	130852.0	133498.0	135845.0	138020.0	140100.0	141993.0	143812.0	145451.0	147110.0	148696.0
HIGADO_08	45049.0	66828.0	80547.0	90270.0	97450.0	103012.0	107715.0	111610.0	115064.0	118220.0	120965.0	123517.0	125850.0	127986.0	129978.0	131918.0	133664.0	135319.0	136841.0	138305.0
HIGADO_09	41993.0	62994.0	76268.0	85751.0	92832.0	98521.0	103277.0	107368.0	110883.0	114009.0	116745.0	119188.0	121422.0	123595.0	125566.0	127346.0	129093.0	130707.0	132252.0	133768.0
HIGADO_10	45228.0	67030.0	80741.0	90135.0	97488.0	103372.0	108052.0	112029.0	115570.0	118743.0	121636.0	124185.0	126486.0	128613.0	130588.0	132404.0	134177.0	135875.0	137514.0	139046.0
HIGADO_11	51614.0	74719.0	88127.0	97454.0	104431.0	110134.0	114819.0	118586.0	121978.0	125006.0	127735.0	130284.0	132662.0	134823.0	136902.0	138874.0	140600.0	142290.0	143905.0	145409.0
HIGADO_12	47552.0	69594.0	83110.0	92475.0	99628.0	105245.0	109894.0	113805.0	117258.0	120333.0	123056.0	125536.0	127830.0	130025.0	131949.0	133789.0	135527.0	137157.0	138782.0	140256.0
HIGADO_13	55970.0	79879.0	93849.0	102957.0	109950.0	115512.0	120113.0	124006.0	127512.0	130592.0	133361.0	135991.0	138396.0	140549.0	142616.0	144624.0	146490.0	148268.0	149916.0	151505.0
HIGADO_14	55897.0	79852.0	93708.0	103061.0	110074.0	115607.0	120307.0	124348.0	127815.0	130918.0	133751.0	136367.0	138780.0	141042.0	143036.0	144994.0	146913.0	148670.0	150392.0	152021.0
HIGADO_15	56409.0	80376.0	94351.0	103708.0	110664.0	116306.0	120963.0	124886.0	128312.0	131494.0	134253.0	136796.0	139141.0	141343.0	143391.0	145379.0	147190.0	148959.0	150642.0	152219.0
HIGADO_16	41875.0	62544.0	75659.0	84899.0	91929.0	97643.0	102348.0	106346.0	109786.0	112843.0	115581.0	118038.0	120315.0	122411.0	124328.0	126141.0	127838.0	129477.0	130988.0	132385.0
HIGADO_17	52723.0	76011.0	89732.0	99238.0	106021.0	111594.0	116199.0	120161.0	123658.0	126701.0	129392.0	131912.0	134251.0	136360.0	138374.0	140351.0	142166.0	143869.0	145486.0	147023.0
HIGADO_18	53245.0	76593.0	90275.0	99751.0	106914.0	112438.0	117042.0	121094.0	124544.0	127741.0	130553.0	133083.0	135535.0	137826.0	139921.0	141886.0	143780.0	145591.0	147297.0	148913.0
HIGADO_19	52099.0	75027.0	88549.0	97953.0	104846.0	110425.0	114951.0	118868.0	122249.0	125293.0	127975.0	130462.0	132695.0	134898.0	136904.0	138764.0	140587.0	142332.0	143954.0	145512.0
HIGADO_20	44077.0	65209.0	78320.0	87494.0	94572.0	100068.0	104743.0	108638.0	112057.0	115058.0	117730.0	120231.0	122478.0	124624.0	126563.0	128346.0	130027.0	131651.0	133083.0	134490.0
HIGADO_21	63209.0	87973.0	102039.0	111563.0	118639.0	124303.0	129085.0	133164.0	136817.0	140125.0	143032.0	145797.0	148421.0	150846.0	153195.0	155351.0	157394.0	159413.0	161282.0	163070.0
HIGADO_22	33033.0	51449.0	63898.0	73084.0	80177.0	85911.0	90710.0	94796.0	98320.0	101454.0	104201.0	106635.0	108891.0	111012.0	112989.0	114832.0	116541.0	118155.0	119643.0	121052.0
HIGADO_23	51163.0	73757.0	87165.0	96374.0	103223.0	108694.0	113269.0	117154.0	120507.0	123532.0	126187.0	128738.0	131145.0	133381.0	135431.0	137329.0	139023.0	140726.0	142388.0	143988.0
HIGADO_24	52128.0	75596.0	89282.0	98760.0	106005.0	111736.0	116506.0	120413.0	123896.0	127033.0	129729.0	132264.0	134646.0	136858.0	138783.0	140714.0	142482.0	144147.0	145743.0	147235.0
HIGADO_25	35033.0	53814.0	66390.0	75298.0	82266.0	87822.0	92492.0	96527.0	99998.0	103182.0	105850.0	108283.0	110621.0	112701.0	114572.0	116340.0	117985.0	119556.0	121002.0	122357.0
HIGADO_26	43697.0	65266.0	78819.0	88190.0	95398.0	101029.0	105884.0	109870.0	113317.0	116408.0	119219.0	121747.0	124006.0	126103.0	128039.0	129798.0	131487.0	133117.0	134701.0	136092.0
HIGADO_27	49103.0	71608.0	85281.0	94689.0	101903.0	107688.0	112328.0	116263.0	119767.0	122875.0	125728.0	128231.0	130579.0	132769.0	134829.0	136734.0	138516.0	140293.0	141976.0	143532.0
HIGADO_28	39781.0	59638.0	72314.0	81285.0	88276.0	93777.0	98415.0	102266.0	105636.0	108685.0	111460.0	113876.0	116086.0	118111.0	119971.0	121713.0	123325.0	124857.0	126274.0	127651.0
HIGADO_29	41084.0	61954.0	74902.0	84174.0	91385.0	97136.0	101889.0	105830.0	109313.0	112353.0	115059.0	117438.0	119705.0	121772.0	123597.0	125460.0	127065.0	128622.0	130127.0	131521.0
HIGADO_30	44553.0	65545.0	78524.0	87484.0	94404.0	99873.0	104386.0	108306.0	111699.0	114672.0	117322.0	119819.0	122192.0	124335.0	126305.0	128157.0	129843.0	131492.0	132969.0	134424.0
HIGADO_31	38962.0	58745.0	71286.0	80319.0	87208.0	92705.0	97283.0	101211.0	104615.0	107610.0	110201.0	112679.0	114992.0	117045.0	118961.0	120748.0	122404.0	124022.0	125509.0	126947.0
HIGADO_32	41499.0	61809.0	74648.0	83911.0	91082.0	96695.0	101421.0	105395.0	108960.0	112053.0	114720.0	117307.0	119614.0	121626.0	123552.0	125326.0	127043.0	128646.0	130185.0	131627.0
HIGADO_33	44080.0	65265.0	78311.0	87696.0	94654.0	100247.0	104854.0	108710.0	112192.0	115294.0	117949.0	120411.0	122589.0	124716.0	126693.0	128459.0	130208.0	131794.0	133353.0	134763.0
HIGADO_34	54495.0	78419.0	92582.0	102077.0	109218.0	114882.0	119641.0	123835.0	127460.0	130707.0	133634.0	136394.0	138924.0	141231.0	143416.0	145477.0	147426.0	149267.0	151028.0	152732.0
HIGADO_35	39072.0	58918.0	71720.0	80916.0	87965.0	93554.0	98248.0	102261.0	105709.0	108672.0	111511.0	114009.0	116323.0	118436.0	120352.0	122184.0	123898.0	125504.0	127008.0	128484.0
HIGADO_36	44286.0	65582.0	78867.0	88190.0	95137.0	100787.0	105347.0	109299.0	112862.0	115905.0	118669.0	121203.0	123541.0	125664.0	127602.0	129488.0	131164.0	132799.0	134411.0	135971.0
HIGADO_37	39187.0	58840.0	71283.0	80360.0	87469.0	93283.0	97991.0	101998.0	105520.0	108696.0	111399.0	113935.0	116221.0	118369.0	120326.0	122151.0	123861.0	125564.0	127094.0	128531.0
HIGADO_38	40285.0	60478.0	73375.0	82562.0	89635.0	95233.0	99887.0	103816.0	107208.0	110307.0	113018.0	115465.0	117740.0	119833.0	121708.0	123441.0	125142.0	126706.0	128223.0	129644.0
HIGADO_39	43780.0	64844.0	77985.0	87269.0	94304.0	99865.0	104602.0	108506.0	111978.0	114988.0	117604.0	120113.0	122404.0	124522.0	126426.0	128312.0	130132.0	131754.0	133312.0	134764.0
HIGADO_40	40331.0	60731.0	73700.0	82941.0	89984.0	95906.0	100715.0	104699.0	108364.0	111439.0	114166.0	116674.0	118914.0	120970.0	122905.0	124725.0	126424.0	127992.0	129471.0	130901.0
HIGADO_41	50428.0	73070.0	86873.0	96463.0	103657.0	109383.0	114101.0	118224.0	121777.0	124824.0	127502.0	130029.0	132371.0	134546.0	136559.0	138445.0	140263.0	141940.0	143581.0	145110.0
HIGADO_42	49222.0	71985.0	86001.0	95645.0	102986.0	108858.0	113626.0	117660.0	121289.0	124551.0	127484.0	130063.0	132534.0	134828.0	136935.0	138905.0	140804.0	142595.0	144270.0	145887.0
HIGADO_43	47791.0	70385.0	84195.0	93854.0	101131.0	106948.0	111788.0	115918.0	119423.0	122503.0	125282.0	127894.0	130220.0	132418.0	134408.0	136398.0	138254.0	139878.0	141518.0	143042.0
HIGADO_44	38463.0	58384.0	71389.0	80925.0	88118.0	93974.0	98952.0	103093.0	106609.0	109793.0	112591.0	115053.0	117426.0	119572.0	121613.0	123415.0	125176.0	126865.0	128450.0	129908.0
HIGADO_45	41455.0	62371.0	75592.0	85250.0	92469.0	98149.0	102890.0	107006.0	110504.0	113717.0	116562.0	119178.0	121524.0	123735.0	125746.0	127575.0	129361.0	131097.0	132751.0	134306.0
HIGADO_46	40838.0	61616.0	74707.0	84030.0	91140.0	96840.0	101427.0	105383.0	108707.0	111655.0	114266.0	116775.0	118996.0	121096.0	122962.0	124744.0	126421.0	127930.0	129375.0	130769.0
HIGADO_47	36311.0	55512.0	68185.0	77353.0	84416.0	90226.0	95038.0	99087.0	102541.0	105675.0	108487.0	111163.0	113463.0	115553.0	117598.0	119387.0	121072.0	122680.0	124210.0	125653.0
HIGADO_48	38005.0	57671.0	70281.0	79490.0	86670.0	92393.0	97251.0	101183.0	104671.0	107808.0	110609.0	113075.0	115351.0	117432.0	119413.0	121247.0	122970.0	124698.0	126289.0	127764.0
HIGADO_49	56562.0	80607.0	94620.0	103870.0	110773.0	116375.0	120942.0	124966.0	128400.0	131458.0	134290.0	136838.0	139219.0	141407.0	143473.0	145490.0	147359.0	149093.0	150911.0	152461.0
HIGADO_50	44030.0	64877.0	77901.0	86944.0	93954.0	99416.0	103883.0	107671.0	110907.0	114030.0	116571.0	119096.0	121358.0	123377.0	125286.0	127141.0	128815.0	130355.0	131809.0	133204.0
HIGADO_51	40074.0	60322.0	73340.0	82598.0	89735.0	95482.0	100245.0	104378.0	107878.0	110954.0	113734.0	116303.0	118576.0	120741.0	122757.0	124634.0	126437.0	128165.0	129792.0	131311.0
HIGADO_52	47413.0	69079.0	82490.0	91895.0	98926.0	104538.0	109231.0	113213.0	116701.0	119696.0	122466.0	124956.0	127315.0	129525.0	131542.0	133363.0	135122.0	136816.0	138402.0	139951.0
HIGADO_53	40699.0	60795.0	73276.0	82502.0	89459.0	95006.0	99617.0	103549.0	106904.0	109882.0	112606.0	115089.0	117319.0	119395.0	121350.0	123076.0	124763.0	126371.0	127933.0	129403.0
HIGADO_54	46163.0	67882.0	81256.0	90608.0	97566.0	103200.0	107785.0	111697.0	114936.0	117899.0	120610.0	122983.0	125114.0	127197.0	129046.0	130814.0	132447.0	134006.0	135461.0	136894.0
HIGADO_55	40352.0	60519.0	73702.0	83117.0	90376.0	96239.0	101085.0	105238.0	108828.0	112063.0	114846.0	117397.0	119713.0	121892.0	123935.0	125829.0	127615.0	129266.0	130783.0	132346.0
HIGADO_56	38512.0	58031.0	70686.0	79726.0	86822.0	92437.0	97045.0	101010.0	104444.0	107518.0	110211.0	112720.0	115070.0	117061.0	118993.0	120843.0	122475.0	123997.0	125487.0	126910.0
HIGADO_57	41787.0	62060.0	75099.0	84484.0	91599.0	97281.0	102006.0	105921.0	109468.0	112492.0	115298.0	117717.0	120012.0	122085.0	124028.0	125898.0	127606.0	129251.0	130895.0	132364.0
HIGADO_58	44376.0	65816.0	79167.0	88606.0	95744.0	101217.0	105832.0	109815.0	113277.0	116354.0	119059.0	121462.0	123735.0	125753.0	127667.0	129451.0	131147.0	132773.0	134281.0	135708.0
HIGADO_59	43884.0	64797.0	77843.0	87054.0	93983.0	99682.0	104295.0	108199.0	111578.0	114568.0	117230.0	119758.0	121938.0	123989.0	125900.0	127739.0	129407.0	130985.0	132431.0	133872.0
HIGADO_60	41107.0	61454.0	74382.0	83565.0	90720.0	96254.0	100911.0	104977.0	108413.0	111529.0	114264.0	116713.0	118949.0	121050.0	122969.0	124785.0	126514.0	128098.0	129652.0	131112.0
MUSCULO_100	61820.0	87020.0	101506.0	111419.0	118726.0	124716.0	129805.0	134111.0	137914.0	141425.0	144638.0	147530.0	150341.0	152865.0	155254.0	157631.0	159855.0	162001.0	164055.0	166002.0
MUSCULO_101	49200.0	71941.0	85455.0	94878.0	101995.0	107864.0	112579.0	116640.0	120213.0	123378.0	126260.0	128886.0	131282.0	133507.0	135640.0	137659.0	139623.0	141373.0	143142.0	144810.0
MUSCULO_102	35817.0	54519.0	67283.0	76398.0	83520.0	89417.0	94332.0	98487.0	102104.0	105152.0	108134.0	110737.0	113108.0	115319.0	117350.0	119278.0	121015.0	122684.0	124279.0	125858.0
MUSCULO_103	35207.0	53737.0	65978.0	75063.0	82115.0	88106.0	92914.0	97138.0	100883.0	104197.0	107034.0	109662.0	111991.0	114135.0	116197.0	118095.0	119854.0	121486.0	123063.0	124542.0
MUSCULO_104	45614.0	68005.0	82086.0	92024.0	99457.0	105531.0	110500.0	114674.0	118348.0	121615.0	124412.0	127089.0	129524.0	131738.0	133833.0	135893.0	137702.0	139426.0	141043.0	142634.0
MUSCULO_105	42793.0	63634.0	76869.0	86333.0	93442.0	99222.0	104045.0	108212.0	111874.0	115162.0	118077.0	120703.0	123108.0	125475.0	127626.0	129661.0	131602.0	133361.0	135005.0	136678.0
MUSCULO_106	35016.0	54098.0	66972.0	76315.0	83718.0	89777.0	94757.0	99082.0	102894.0	106181.0	109229.0	112027.0	114494.0	116791.0	118935.0	120975.0	122800.0	124594.0	126241.0	127852.0
MUSCULO_107	45104.0	67542.0	81627.0	91401.0	98836.0	104913.0	109916.0	114265.0	117946.0	121313.0	124344.0	127075.0	129605.0	131914.0	134064.0	136161.0	138074.0	139895.0	141597.0	143203.0
MUSCULO_108	53312.0	77001.0	91037.0	100691.0	107880.0	113862.0	118685.0	122934.0	126684.0	129983.0	133023.0	135752.0	138321.0	140802.0	142980.0	145149.0	147138.0	149071.0	150825.0	152610.0
MUSCULO_109	41756.0	62655.0	75848.0	85335.0	92642.0	98529.0	103410.0	107632.0	111142.0	114381.0	117139.0	119705.0	122180.0	124364.0	126343.0	128174.0	129929.0	131667.0	133307.0	134832.0
MUSCULO_110	40864.0	61445.0	74604.0	84150.0	91416.0	97354.0	102393.0	106634.0	110174.0	113414.0	116252.0	118952.0	121355.0	123575.0	125617.0	127543.0	129361.0	131037.0	132662.0	134179.0
MUSCULO_111	38569.0	58980.0	72197.0	81803.0	89275.0	95082.0	100128.0	104252.0	107823.0	111086.0	114004.0	116496.0	118849.0	121108.0	123230.0	125151.0	126915.0	128604.0	130205.0	131674.0
MUSCULO_112	42877.0	64258.0	77785.0	87339.0	94642.0	100548.0	105419.0	109540.0	113252.0	116454.0	119292.0	121943.0	124444.0	126670.0	128714.0	130643.0	132444.0	134179.0	135864.0	137453.0
MUSCULO_113	41354.0	63167.0	77380.0	87889.0	95919.0	102395.0	107827.0	112434.0	116517.0	120138.0	123308.0	126267.0	128957.0	131421.0	133682.0	135872.0	137956.0	140012.0	141864.0	143685.0
MUSCULO_114	37907.0	58298.0	71909.0	81860.0	89549.0	95740.0	100970.0	105405.0	109373.0	112872.0	115990.0	118907.0	121555.0	123939.0	126189.0	128269.0	130238.0	132046.0	133857.0	135526.0
MUSCULO_115	46306.0	69421.0	84004.0	94100.0	102008.0	108137.0	113407.0	117758.0	121722.0	125162.0	128272.0	131101.0	133688.0	136182.0	138510.0	140680.0	142790.0	144699.0	146537.0	148226.0
MUSCULO_116	53882.0	78045.0	92399.0	102350.0	109999.0	116006.0	121022.0	125321.0	129193.0	132493.0	135591.0	138527.0	141271.0	143743.0	146000.0	148194.0	150220.0	152263.0	154237.0	156036.0
MUSCULO_117	34566.0	53657.0	66263.0	75554.0	82834.0	88787.0	93679.0	97975.0	101752.0	105053.0	107950.0	110689.0	113135.0	115414.0	117544.0	119491.0	121382.0	123079.0	124697.0	126260.0
MUSCULO_118	47115.0	69269.0	82977.0	92438.0	99617.0	105450.0	110287.0	114537.0	118157.0	121324.0	124152.0	126788.0	129176.0	131368.0	133470.0	135372.0	137161.0	138948.0	140603.0	142153.0
MUSCULO_119	38059.0	58340.0	71641.0	81355.0	88898.0	94846.0	99809.0	104139.0	107990.0	111274.0	114306.0	117086.0	119613.0	121963.0	124090.0	126093.0	128045.0	129810.0	131446.0	133087.0
MUSCULO_120	44681.0	66830.0	80711.0	90625.0	98105.0	104173.0	109203.0	113419.0	117091.0	120366.0	123333.0	125964.0	128382.0	130644.0	132699.0	134663.0	136513.0	138316.0	139946.0	141509.0
MUSCULO_61	50372.0	73429.0	87184.0	96908.0	104297.0	110213.0	115187.0	119418.0	123124.0	126494.0	129481.0	132230.0	134721.0	137020.0	139213.0	141271.0	143213.0	145048.0	146737.0	148375.0
MUSCULO_62	58255.0	82977.0	97451.0	107282.0	114606.0	120409.0	125436.0	129588.0	133342.0	136617.0	139638.0	142439.0	145003.0	147445.0	149684.0	151857.0	153920.0	155900.0	157776.0	159563.0
MUSCULO_63	54721.0	78227.0	92070.0	101504.0	108729.0	114475.0	119332.0	123510.0	127098.0	130423.0	133383.0	136080.0	138644.0	141067.0	143145.0	145170.0	147134.0	149025.0	150828.0	152517.0
MUSCULO_64	41190.0	61615.0	74719.0	84048.0	91209.0	97040.0	101893.0	106008.0	109609.0	112767.0	115565.0	118173.0	120473.0	122635.0	124664.0	126545.0	128298.0	129982.0	131670.0	133172.0
MUSCULO_65	37673.0	57333.0	70254.0	79756.0	87030.0	92867.0	97788.0	101973.0	105626.0	108730.0	111631.0	114244.0	116628.0	118838.0	120944.0	122848.0	124625.0	126340.0	127943.0	129517.0
MUSCULO_66	37784.0	58371.0	72167.0	82204.0	89892.0	96054.0	101285.0	105842.0	109677.0	113151.0	116269.0	119149.0	121788.0	124153.0	126366.0	128425.0	130357.0	132221.0	133924.0	135563.0
MUSCULO_67	35833.0	54692.0	67209.0	76305.0	83558.0	89455.0	94274.0	98365.0	101906.0	105184.0	108117.0	110784.0	113180.0	115443.0	117525.0	119392.0	121213.0	122903.0	124504.0	126042.0
MUSCULO_68	35019.0	53873.0	66389.0	75450.0	82484.0	88275.0	93205.0	97260.0	100864.0	104001.0	106869.0	109521.0	111927.0	114130.0	116184.0	118140.0	119946.0	121707.0	123252.0	124753.0
MUSCULO_69	37037.0	56863.0	69833.0	79487.0	87001.0	92955.0	98061.0	102412.0	106154.0	109496.0	112488.0	115182.0	117681.0	119977.0	122014.0	123967.0	125892.0	127693.0	129385.0	130945.0
MUSCULO_70	37084.0	56526.0	69388.0	78713.0	86115.0	91861.0	96800.0	101006.0	104669.0	107865.0	110816.0	113479.0	115877.0	118157.0	120271.0	122192.0	124034.0	125784.0	127382.0	128903.0
MUSCULO_71	40557.0	61560.0	75074.0	84924.0	92304.0	98385.0	103492.0	107736.0	111560.0	114818.0	117705.0	120352.0	122782.0	125028.0	127182.0	129142.0	131004.0	132772.0	134399.0	135955.0
MUSCULO_72	31456.0	48991.0	61024.0	70051.0	77131.0	82836.0	87672.0	91847.0	95655.0	98829.0	101815.0	104532.0	106977.0	109171.0	111176.0	113141.0	114945.0	116620.0	118297.0	119775.0
MUSCULO_73	46008.0	68059.0	81812.0	91425.0	98720.0	104595.0	109374.0	113573.0	117245.0	120382.0	123303.0	125830.0	128278.0	130499.0	132665.0	134612.0	136487.0	138280.0	139966.0	141564.0
MUSCULO_74	49960.0	73406.0	87715.0	97722.0	105353.0	111516.0	116591.0	120837.0	124659.0	127915.0	130980.0	133727.0	136212.0	138529.0	140715.0	142857.0	144726.0	146564.0	148236.0	149956.0
MUSCULO_75	44300.0	65782.0	79220.0	88825.0	96324.0	102166.0	107037.0	111144.0	114715.0	117990.0	120845.0	123569.0	125957.0	128204.0	130269.0	132234.0	134078.0	135817.0	137491.0	139042.0
MUSCULO_76	46703.0	69731.0	84287.0	94428.0	102066.0	108303.0	113515.0	117782.0	121538.0	124878.0	127856.0	130653.0	133148.0	135602.0	137744.0	139767.0	141614.0	143384.0	145072.0	146730.0
MUSCULO_77	59371.0	84431.0	98784.0	108801.0	116336.0	122364.0	127405.0	131677.0	135556.0	138939.0	142135.0	145114.0	147728.0	150156.0	152484.0	154690.0	156776.0	158770.0	160758.0	162627.0
MUSCULO_78	53374.0	76916.0	90821.0	100583.0	107884.0	113753.0	118623.0	122772.0	126472.0	129708.0	132639.0	135327.0	137850.0	140290.0	142518.0	144557.0	146528.0	148376.0	150076.0	151797.0
MUSCULO_79	46762.0	68682.0	82312.0	91918.0	99105.0	105035.0	109832.0	114054.0	117825.0	121175.0	124213.0	126948.0	129441.0	131708.0	133808.0	135862.0	137736.0	139525.0	141223.0	142810.0
MUSCULO_80	40107.0	60867.0	74430.0	84186.0	91555.0	97564.0	102545.0	106849.0	110599.0	113940.0	116994.0	119624.0	122159.0	124471.0	126575.0	128550.0	130397.0	132181.0	133790.0	135352.0
MUSCULO_81	42274.0	63220.0	76657.0	86172.0	93478.0	99298.0	104118.0	108153.0	111714.0	114853.0	117694.0	120314.0	122669.0	124823.0	126840.0	128795.0	130587.0	132337.0	133979.0	135549.0
MUSCULO_82	44270.0	66207.0	79650.0	89334.0	96725.0	102803.0	107710.0	111998.0	115663.0	118967.0	122061.0	124767.0	127243.0	129555.0	131672.0	133700.0	135619.0	137441.0	139117.0	140736.0
MUSCULO_83	53117.0	76986.0	91355.0	101018.0	108744.0	114831.0	119746.0	124012.0	127719.0	131073.0	134029.0	136745.0	139225.0	141617.0	143835.0	145930.0	147911.0	149848.0	151707.0	153425.0
MUSCULO_84	49424.0	72518.0	86695.0	96490.0	104003.0	109918.0	114893.0	119191.0	122816.0	126000.0	128951.0	131572.0	134024.0	136371.0	138614.0	140624.0	142560.0	144420.0	146126.0	147725.0
MUSCULO_85	48037.0	70515.0	84454.0	94141.0	101568.0	107406.0	112302.0	116401.0	120126.0	123380.0	126278.0	128882.0	131419.0	133753.0	135900.0	137913.0	139809.0	141577.0	143314.0	144941.0
MUSCULO_86	40638.0	61098.0	74404.0	83813.0	91225.0	97121.0	101975.0	106140.0	109790.0	113053.0	115929.0	118597.0	120980.0	123231.0	125352.0	127259.0	129018.0	130697.0	132280.0	133790.0
MUSCULO_87	46524.0	68947.0	83021.0	93085.0	100612.0	106612.0	111605.0	115868.0	119547.0	122907.0	125818.0	128543.0	131018.0	133297.0	135418.0	137374.0	139237.0	141034.0	142752.0	144294.0
MUSCULO_88	46890.0	69594.0	83872.0	93944.0	101600.0	107604.0	112637.0	116982.0	120745.0	124116.0	127277.0	130079.0	132690.0	135056.0	137256.0	139367.0	141391.0	143245.0	145039.0	146767.0
MUSCULO_89	37714.0	57335.0	70137.0	79368.0	86505.0	92170.0	97013.0	101119.0	104684.0	107938.0	110775.0	113379.0	115812.0	118039.0	120068.0	122000.0	123839.0	125605.0	127188.0	128764.0
MUSCULO_90	66065.0	91432.0	105933.0	115617.0	122878.0	128931.0	133953.0	138378.0	142269.0	145837.0	149101.0	152192.0	154973.0	157606.0	160194.0	162479.0	164754.0	166959.0	169035.0	171067.0
MUSCULO_91	51427.0	74652.0	88804.0	98559.0	106083.0	112024.0	116807.0	121093.0	124881.0	128208.0	131154.0	133813.0	136315.0	138614.0	140812.0	142869.0	144814.0	146641.0	148338.0	150063.0
MUSCULO_92	49715.0	73114.0	87377.0	97479.0	104961.0	111106.0	116206.0	120555.0	124493.0	127833.0	130900.0	133673.0	136233.0	138682.0	141025.0	143189.0	145204.0	147094.0	148865.0	150572.0
MUSCULO_93	47034.0	69107.0	82870.0	92360.0	99651.0	105425.0	110263.0	114469.0	118117.0	121452.0	124418.0	127177.0	129646.0	132008.0	134147.0	136145.0	138087.0	139830.0	141559.0	143246.0
MUSCULO_94	38939.0	59177.0	72288.0	81736.0	89000.0	94920.0	99976.0	104182.0	107970.0	111343.0	114289.0	116960.0	119370.0	121655.0	123740.0	125720.0	127657.0	129440.0	131140.0	132774.0
MUSCULO_95	49733.0	72513.0	86432.0	96322.0	103810.0	109781.0	114827.0	119039.0	122874.0	126202.0	129178.0	131848.0	134374.0	136626.0	138771.0	140898.0	142804.0	144605.0	146368.0	148171.0
MUSCULO_96	43623.0	66054.0	80421.0	90764.0	98728.0	105069.0	110368.0	114993.0	118968.0	122494.0	125758.0	128636.0	131444.0	134087.0	136489.0	138649.0	140684.0	142658.0	144484.0	146265.0
MUSCULO_97	33314.0	51407.0	63417.0	72539.0	79683.0	85590.0	90638.0	94911.0	98741.0	102145.0	105212.0	108009.0	110523.0	112954.0	115133.0	117190.0	119089.0	120938.0	122567.0	124179.0
MUSCULO_98	48558.0	71752.0	86550.0	96787.0	104491.0	110728.0	115999.0	120525.0	124540.0	128035.0	131186.0	134070.0	136737.0	139295.0	141685.0	143905.0	145950.0	147944.0	149814.0	151620.0
MUSCULO_99	48840.0	71881.0	86044.0	95890.0	103262.0	109181.0	114176.0	118482.0	122319.0	125623.0	128656.0	131454.0	133925.0	136308.0	138454.0	140514.0	142464.0	144311.0	146046.0	147673.0
